//
segsites: 274
positions: 0.0007900079 0.0017700177 0.0032300323 0.0039300393 0.0106501065 0.0127701277 0.0129601296 0.0228702287 0.0240302403 0.0252202522 0.0281202812 0.0308303083 0.0327803278 0.0385203852 0.0487304873 0.0492004920 0.0524205242 0.0567205672 0.0613806138 0.0678706787 0.0913209132 0.0962809628 0.0985609856 0.1101011010 0.1124611246 0.1168311683 0.1195211952 0.1196911969 0.1256212562 0.1258612586 0.1258912589 0.1279112791 0.1310613106 0.1349713497 0.1376513765 0.1394013940 0.1424114241 0.1473214732 0.1549915499 0.1570615706 0.1578215782 0.1592515925 0.1606216062 0.1822418224 0.1837218372 0.1843518435 0.2006920069 0.2065520655 0.2075420754 0.2080220802 0.2093720937 0.2096520965 0.2156521565 0.2193121931 0.2199021990 0.2352823528 0.2365823658 0.2389923899 0.2412324123 0.2497024970 0.2554025540 0.2625626256 0.2668926689 0.2678626786 0.2813028130 0.2846728467 0.3157731577 0.3254232542 0.3275732757 0.3281932819 0.3304433044 0.3339433394 0.3342433424 0.3363733637 0.3374833748 0.3394933949 0.3431834318 0.3521935219 0.3530635306 0.3596035960 0.3600936009 0.3851038510 0.3891538915 0.3955739557 0.3974439744 0.3988939889 0.3991639916 0.4034140341 0.4043040430 0.4131941319 0.4143341433 0.4190941909 0.4319543195 0.4380743807 0.4383643836 0.4416544165 0.4460444604 0.4466344663 0.4494344943 0.4668446684 0.4672846728 0.4745447454 0.4748847488 0.4759447594 0.4779847798 0.4798147981 0.4810148101 0.4861948619 0.4876448764 0.4876748767 0.4926649266 0.4927749277 0.4934849348 0.4936749367 0.4953449534 0.4955149551 0.4955249552 0.4964049640 0.4975549755 0.4982549825 0.4998849988 0.5008450085 0.5009150092 0.5019750198 0.5023650237 0.5023750238 0.5030350304 0.5047650477 0.5053050531 0.5054950550 0.5072850729 0.5082250823 0.5085750858 0.5094650947 0.5104551046 0.5122551226 0.5127951280 0.5137451375 0.5146751468 0.5152651527 0.5153151532 0.5156851569 0.5160351604 0.5162551626 0.5170751708 0.5172151722 0.5197851979 0.5207352074 0.5213852139 0.5218752188 0.5223852239 0.5235352354 0.5249652497 0.5264652647 0.5301453015 0.5303953040 0.5309153092 0.5313153132 0.5315553156 0.5316553166 0.5329553296 0.5334053341 0.5335553356 0.5348253483 0.5351453515 0.5396153962 0.5407254073 0.5495354954 0.5513355134 0.5579055791 0.5596855969 0.5721357214 0.5723257233 0.5755057551 0.5781957820 0.5785357854 0.5787857879 0.5840058401 0.5846558466 0.5894558946 0.5949659497 0.6053160532 0.6053960540 0.6082160822 0.6094160942 0.6234762348 0.6309963100 0.6344163442 0.6348963490 0.6356563566 0.6543165432 0.6611866119 0.6640666407 0.6653666537 0.6669566696 0.6707167072 0.6717267173 0.6731467315 0.6951369514 0.6974769748 0.6987069871 0.7013470135 0.7041570416 0.7140071401 0.7161971620 0.7177171772 0.7216372164 0.7243672437 0.7283072831 0.7289572896 0.7437974380 0.7458674587 0.7460074601 0.7464274643 0.7501475015 0.7502575026 0.7567175672 0.7610876109 0.7639076391 0.7686976870 0.7702977030 0.7730577306 0.7732377324 0.7789877899 0.7795577956 0.7810978110 0.8042180422 0.8043380434 0.8091080911 0.8133881339 0.8183081831 0.8308783088 0.8364983650 0.8379783798 0.8383583836 0.8469784698 0.8507885079 0.8586285863 0.8662186622 0.8666686667 0.8667786678 0.8705087051 0.8759087591 0.8775187752 0.8811188112 0.8826488265 0.8836888369 0.8855888559 0.8883288833 0.8947789478 0.8981389814 0.8996689967 0.9040790408 0.9077090771 0.9121791218 0.9184291843 0.9255592556 0.9260092601 0.9456794568 0.9468094681 0.9499194992 0.9542395424 0.9610896109 0.9664096641 0.9741197412 0.9745897459 0.9772797728 0.9777097771 0.9797897979 0.9884698847 0.9886298863 0.9943299433 0.9966699667 0.9991399914
1111001111001100101101001111100111011010100111111111100010111011111011111110101110110100101011110111011111111111110111111111111111111011111111111111111111111111111111011111111011111111111110111111111111100101111011101011110011111100011111111111111011111111011111100011111101
1111010111001100101111001010100111000011100111111101100011111011111011111110111110111000011111110111011111101111100111111111111111111111111111111111111111111111111111011111111011110111111110111111111111101101111011101111111001111100011111111111111011111111011101100011111101
1111100111111100101111101010100111000010100111111101101010111011111011111110101110111000011111110111111111101111100111111111111111111111111111111111111111111111111111011111111011110111111110111111111111100101111011111111110001111100011111111111111011111111011101100011111101
1111001111001100101101001111101111110010100111111111100010111011111111111110101110110100101011110111011111111111110111111111111111111011111111111111111111111111111111011111111011110111111110111111111111100101111011101011110001111100011111111111111011111111011111100011111111
1111001111001100101101001111100111011010100111111111100010111011111011111110101110110110101011110111011111111111110111111111111111111011111111111111111111111111111111011111111011110111111110111111111111100101111111101011110001111100011111111111111011111111011111101011111101
1111000111001111101111001010110111000011100111111101100010111111111011111111101111111000011011110111011111101111100111111111111111111011111111111111111111111111111111011101111111110111111110111011111111100111111011101011110001111101011111111111111011111111011101110111111101
1111000111001111101111001010110111000011100111111101110010111111111011111111101111111000011011110111011111101111100111111111111111111011111111111111111111111111111111011101111111110111111110111011111111100111111011101011110001111101011111111111111011111111111101110111111101
1111001111001100101101001111101111010010100111111111100010111011111111111110101110110101101011110111011111111111110111111111111111111011111111111111111111111111111111011111111011110111111110111111111111100101111011101011110001111100011111111111111011111111011111100011111111
1111100111101100101111101010100111000010100111111101101110111011111011111110101110111000011111110111011111101111100111111111111111111111111111111111111111111111111111011111111011110111111111111111111111100101111011101111110101111100011111111111111111111111011101100011111101
1111000111001111101111001010110111000011100111111101100010111111111011111111101111111000011011110111011111101111100111111111111111111011111111111111111111111111111111011101111111110111111110111011111111100111111011101011110001111101011111111111111011111111011101110111111101
1111001111001100111101011111100111011110101111111111100010111011111011111110101110110100101011110111011111111111110111111111111111111011111111111111111111111111111111011111111011110111111110111111111111100101111011101111110001111100011111111111111011111111011101100011111101
1111001111001100101101001111100111011010100111111111100010111011111011111110101110110100101011110111011111111111110111111111111111111011111111111111111111111111111111011111111011110111111110111111111111110101111011101111110001111110111111111111111011111111011101100011111101
1111001111001100101101001111100111011010100111111111100010111011111011111110101110110110101011110111011111111111110111111111111111111011111111111111111111111111111111011111111011110111111110111111111111100101111111101011110001111100011111111111111011111111011111101011111101
1111000111001111101111001010110111000011100111111101100010111111111011111111101110111000011011110111011111101111100111111111111111111011111111111111111111111111111111011101111111110111111110111011111111100111111011101011110001111101011111111111111011111111011101110111111101
1111100111101100101111101010100111000010100111111101101110111011111011111110101110111000011111110111011111101111100111111111111111111111111111111111111111111111111111011111111011110111111111111111111111100101111011101111110101111100011111111111111011111111011101100011111101
1111001111001100101101001111100111011010100111111111100010111011111011111110101110110110101011110111011111111111110111111111111111111011111111111111111111111111111111011111111011110111111110111111111111100101111111101011110001111100011111111111111011111111011111101011111101
1111000111001111101111001010110111000011110111111101100010111011111011111110101110111000011011111111011111101111101111111111111111111011111111111111111111111111111111111101111111110111111110111011111111100111111011101011110001111101011111111111111011111111011101110111111101
1111010111001100101111001010100111000011100111111101100011111011111011111110111110111000011111110111011111101111100111111111111111111111111111111111111111111111111111011111111011110111111110111111111111101101111011101111111001111100011111111111111011111111011101100011111101
1111000111001111101111001010110111000011100111111101100010111111111011111111101111111000011011110111011111101111100111111111111111111011111111111111111111111111111111011101111111110111111110111011111111100111111011101011110001111101011111111111111011111111011101110111111101
1111100111111100101111101010100111000010100111111101101010111011111011111110101110111000011111110111111111101111100111111111111111111111111111111111111111111111111111011111111011110111111110111111111111100101111011111111110001111100011111111111111011111111011101100011111101
