//
segsites: 274
positions: 0.0042400424 0.0123101231 0.0125801258 0.0143701437 0.0327803278 0.0339303393 0.0407804078 0.0441204412 0.0446104461 0.0502905029 0.0585005850 0.0620806208 0.0626506265 0.0627706277 0.0689906899 0.0693806938 0.0760307603 0.0789407894 0.0899508995 0.0909809098 0.0998509985 0.1045610456 0.1049510495 0.1124611246 0.1129011290 0.1169811698 0.1195211952 0.1217612176 0.1219112191 0.1257812578 0.1265812658 0.1367213672 0.1411214112 0.1426814268 0.1429314293 0.1435014350 0.1444814448 0.1702917029 0.1773717737 0.1800918009 0.1837218372 0.1841218412 0.1871518715 0.1916419164 0.1980919809 0.2006720067 0.2006920069 0.2009320093 0.2029720297 0.2038020380 0.2044720447 0.2061420614 0.2094920949 0.2193521935 0.2287722877 0.2292122921 0.2312623126 0.2325623256 0.2365123651 0.2369123691 0.2399223992 0.2449724497 0.2456224562 0.2471524715 0.2485724857 0.2497924979 0.2632826328 0.2668926689 0.2779627796 0.2822228222 0.2836228362 0.2837928379 0.2877728777 0.2897228972 0.2932529325 0.3084530845 0.3097830978 0.3110231102 0.3118131181 0.3123131231 0.3137031370 0.3138631386 0.3283532835 0.3284132841 0.3287332873 0.3335633356 0.3343733437 0.3352433524 0.3363733637 0.3481534815 0.3499134991 0.3521735217 0.3523935239 0.3530635306 0.3714237142 0.3774337743 0.3793837938 0.3814838148 0.3828338283 0.3842338423 0.3864938649 0.3879538795 0.3899638996 0.3905139051 0.3945939459 0.3974039740 0.3994539945 0.4038840388 0.4157441574 0.4164841648 0.4197441974 0.4261542615 0.4279242792 0.4286242862 0.4320643206 0.4357643576 0.4383343833 0.4425544255 0.4434844348 0.4444744447 0.4448144481 0.4453744537 0.4533845338 0.4555545555 0.4579145791 0.4596845968 0.4611246112 0.4656146561 0.4753247532 0.4786047860 0.4792547925 0.4798147981 0.4907249072 0.4941249412 0.4955249552 0.5000350004 0.5008450085 0.5030350304 0.5048750488 0.5072850729 0.5082950830 0.5085750858 0.5114251143 0.5313153132 0.5388253883 0.5473854739 0.5495254953 0.5573755738 0.5581555816 0.5673356734 0.5721357214 0.5775457755 0.5844258443 0.5874858749 0.5886958870 0.5935959360 0.5989259893 0.5993759938 0.6048560486 0.6051660517 0.6053160532 0.6083860839 0.6175461755 0.6188161882 0.6259362594 0.6262162622 0.6283662837 0.6294762948 0.6406564066 0.6415364154 0.6420664207 0.6481864819 0.6535865359 0.6543165432 0.6565165652 0.6566065661 0.6570965710 0.6585165852 0.6643266433 0.6644566446 0.6672666727 0.6679166792 0.6688066881 0.6724567246 0.6731467315 0.6774767748 0.6798367984 0.6811768118 0.6846468465 0.6911569116 0.6933069331 0.6980769808 0.6991569916 0.7002170022 0.7007570076 0.7032670327 0.7126271263 0.7141871419 0.7176771768 0.7217472175 0.7238372384 0.7239172392 0.7332473325 0.7431174312 0.7437974380 0.7441774418 0.7442274423 0.7442574426 0.7460074601 0.7487274873 0.7520175202 0.7558875589 0.7600776008 0.7606776068 0.7620276203 0.7686976870 0.7730577306 0.7773177732 0.7790277903 0.7890078901 0.7985679857 0.8050080501 0.8056680567 0.8066880669 0.8167481675 0.8195281953 0.8197381974 0.8211482115 0.8241782418 0.8358983590 0.8379783798 0.8399984000 0.8402784028 0.8467884679 0.8482984830 0.8531785318 0.8662186622 0.8735487355 0.8807388074 0.8817688177 0.8892788928 0.8987589876 0.9030690307 0.9081290813 0.9121791218 0.9193191932 0.9239792398 0.9273292733 0.9293592936 0.9303893039 0.9306393064 0.9308893089 0.9393893939 0.9433594336 0.9456794568 0.9463794638 0.9478194782 0.9527695277 0.9542395424 0.9553195532 0.9558595586 0.9686796868 0.9730997310 0.9742297423 0.9743497435 0.9760397604 0.9778197782 0.9786997870 0.9804698047 0.9831498315 0.9875498755 0.9924799248 0.9985799858 0.9987299873
1101111111111111101110111111111110111111101111101111111111111111111111111111101111111111111111111111111111111111111110110111111110011110111111110101111111111111110111110111011111111010111111111110111110111110111111111111111111111111111111110111101111111111111110111011110111
1111111101101111111110111111111110111111111101111111111111111111110101111110101111111111111111111111111111111111101110110111111110111110111111111101111111111011111101110111011101111010111111111111111110111111111111111111111110111111111111110111101111111111111110111011111111
1101111101101111101110111111111110111111101101101111111111111111110101111110101111111111111111111111111111111111101110110111111110011110111111110111111111111011111101110111011101111110111111111110111110111111111111111111111110111111111111110111101111111111111110111011111111
1101111101101111101111111111111111111111101101101111111111111111110101111110111111111111111111111111111111111111101111111111111110011110111111110101111111111011110101110111011101111010111111111110111110111110111111111111111110111111111111110111101111111111111110111011110111
1111111101101111101110111111111110111111111101101111111111111111110101111110101111111111111111111111111111111111101110110111111110011110111111111101111111111011110101110111011101111010111111111110111110111110111111111111111110111111111111111111101111111111111110111011111111
1111111101101111111110111111111110111111111101101111111111111111110101111110101111111111111111111111111111111111101110110111111110011110111111111101111111111011111101110111011101111010111111111111111110111111111111111111111110111111111111110111101111111111111110111011111111
1101111111111111101110111111111110111111101111101111111111111111110101111110101111111111111111111111111111111111111110110111111110011110111111110101111111111111110111111111011111111010111111111110111110111110111111111111111110111111111111110111101111111111111110111011110111
1101111111111111101110111111111110111111101111101111111111111111111111111110101111111111111111111111111111111111111110110111111110011110111111110101111111111111110111110111011111111011111111111110111110111110111111111111111111111111111111110111101111111111111110111011110111
1101111101101111101110111111111110111111101101101111111111111111110101111110101111111111111111111111111111111111101110110111111111011110111111110101111111111011111101110111111101111010111111111110111111111111111111111111111110111111111111110111101111111111111110111011111111
1101111111111111101110111111111110111111101111101111111111111111111111111111101111111111111111111111111111111111111110110111111110011110111111110101111111111111110111110111011111111010111111111110111110111110111111111111111111111111111111110111101111111111111110111011110111
1111111101101111111110111111111110111111111101101111111111111111110101111110101111111111111111111111111111111111101110110111111110011110111111111101111111111011111101110111011101111010111111111111111110111111111111111111111110111111111111110111101111111111111110111011111111
1101111111111111101110111111111110111111101111101111111111111111111111111111101111111111111111111111111111111111111110110111111110011110111111110101111111111111110111110111011111111010111111111110111110111110111111111111111111111111111111110111111111111111111111111011110111
1101111101101111101110111111111110111111101101101111111111111111110101111110101111111111111111111111111111111111101110110111111110011110111111110101111111111011111101110111011101111010111111111110111110111111111111111111111110111111111111110111101111111111111110111111111111
1101111111111111101110111111111110111111101111101111111111111111111111111111101111111111111111111111111111111111111110110111111110011110111111110101111111111111110111110111011111111010111111111110111110111110111111111111111111111111111111110111101111111111111110111011110111
1101111101101111101111111111111111111111101101101111111111111111110101111110111111111111111111111111111111111111101111111111111110011110111111110101111111111011110101110111011101111010111111111110111110111110111111111111111110111111111111110111101111111111111110111011110111
1101111111111111101110111111111110111111101111101111111111111111111111111111101111111111111111111111111111111111111110110111111110011110111111110101111111111111110111110111011111111010111111111110111110111110111111111111111111111111111111110111101111111111111110111011110111
1101111101101111101110111111111111111111101101101111111111111111110101111110111111111111111111111111111111111111101111111111111110011110111111110101111111111011110101110111011101111010111111111110111110111110111111111111111110111111111111110111101111111111111110111011110111
1101111101101111101111111111111111111111101101101111111111111111110101111110111111111111111111111111111111111111101111111111111110011110111111110101111111111011110101110111011101111010111111111110111110111110111111111111111110111111111111110111101111111111111110111011110111
1111111101101111111110111111111110111111111101101111111111111111110101111110101111111111111111111111111111111111101110110111111110011110111111111101111111111011111101110111011101111010111111111111111110111111111111111111111110111111111111110111101111111111111110111011111111
1111111101101111101110111111111110111111101101101111111111111111110101111110101111111111111111111111111111111111101110110111111110011111111111111101111111111011110101110111011101111010111111111110111110111110111111111111111110111111111111110111101111111111111110111011111111
