//
segsites: 275
positions: 0.0123701237 0.0130301303 0.0141201412 0.0149901499 0.0150601506 0.0153801538 0.0156101561 0.0207002070 0.0270902709 0.0406404064 0.0528705287 0.0546105461 0.0747207472 0.0911309113 0.1149111491 0.1178511785 0.1257312573 0.1263212632 0.1284712847 0.1311713117 0.1331113311 0.1341313413 0.1450414504 0.1573015730 0.1627116271 0.1677116771 0.1697516975 0.1725217252 0.1759217592 0.1797017970 0.1808118081 0.1944719447 0.1972319723 0.2027820278 0.2055020550 0.2077920779 0.2090120901 0.2095520955 0.2096220962 0.2147521475 0.2170421704 0.2195121951 0.2414824148 0.2430624306 0.2548125481 0.2601826018 0.2637526375 0.2641526415 0.2645726457 0.2661526615 0.2737027370 0.2750027500 0.2781627816 0.2826728267 0.2905729057 0.2925729257 0.2979329793 0.2992429924 0.2999829998 0.3116531165 0.3118431184 0.3134431344 0.3210332103 0.3237132371 0.3240232402 0.3305933059 0.3309633096 0.3441534415 0.3468734687 0.3476734767 0.3510535105 0.3518935189 0.3544835448 0.3620836208 0.3682936829 0.3698136981 0.3714437144 0.3726637266 0.3748537485 0.3756337563 0.3756837568 0.3778437784 0.3813638136 0.3828238282 0.3857938579 0.3983639836 0.3984639846 0.4018540185 0.4034240342 0.4044540445 0.4187741877 0.4215842158 0.4236842368 0.4410544105 0.4489544895 0.4492644926 0.4496644966 0.4530945309 0.4550945509 0.4568945689 0.4595945959 0.4706947069 0.4707447074 0.4737747377 0.4756847568 0.4795747957 0.4849148491 0.4893148931 0.4933949339 0.4950749507 0.4965349653 0.4991649916 0.4996349963 0.5008250083 0.5066050661 0.5075650757 0.5085850859 0.5087550876 0.5140851409 0.5151051511 0.5160051601 0.5222052221 0.5250152502 0.5272652727 0.5311353114 0.5315153152 0.5333753338 0.5357353574 0.5386353864 0.5410454105 0.5462354624 0.5464154642 0.5530755308 0.5618056181 0.5630256303 0.5707557076 0.5757057571 0.5757857579 0.5760457605 0.5784257843 0.5795657957 0.5795957960 0.5811058111 0.5938059381 0.5990359904 0.6041460415 0.6120261203 0.6150761508 0.6202662027 0.6264362644 0.6273962740 0.6325363254 0.6329163292 0.6343563436 0.6411364114 0.6707267073 0.6719867199 0.6725967260 0.6738767388 0.6753467535 0.6761367614 0.6803368034 0.6803968040 0.6806668067 0.6819068191 0.6862068621 0.6881268813 0.6891768918 0.6917869179 0.6921469215 0.6952269523 0.6986569866 0.7007470075 0.7060270603 0.7066370664 0.7103771038 0.7119871199 0.7143271433 0.7151971520 0.7180471805 0.7186771868 0.7246272463 0.7282272823 0.7304073041 0.7404774048 0.7433374334 0.7454874549 0.7469374694 0.7470574706 0.7479574796 0.7493174932 0.7518775188 0.7530775308 0.7656476565 0.7664876649 0.7684876849 0.7708377084 0.7729477295 0.7803378034 0.7819678197 0.7843678437 0.7858178582 0.7865378654 0.7938079381 0.7949179492 0.7971279713 0.7981279813 0.8021780218 0.8070480705 0.8100381004 0.8122481225 0.8135581356 0.8194481945 0.8200282003 0.8224282243 0.8242982430 0.8335183352 0.8357383574 0.8399383994 0.8436784368 0.8439784398 0.8460684607 0.8470384704 0.8477984780 0.8478684787 0.8538485385 0.8555385554 0.8567085671 0.8641186412 0.8656286563 0.8672286723 0.8690486905 0.8705187052 0.8713287133 0.8749987500 0.8763787638 0.8865088651 0.8932489325 0.8954289543 0.8980489805 0.9046490465 0.9047990480 0.9108191082 0.9159291593 0.9161091611 0.9197491975 0.9264592646 0.9295992960 0.9320093201 0.9363293633 0.9400394004 0.9429894299 0.9432494325 0.9473594736 0.9502695027 0.9509795098 0.9515295153 0.9553395534 0.9564795648 0.9605696057 0.9627696277 0.9632196322 0.9644696447 0.9646196462 0.9781297813 0.9803098031 0.9820798208 0.9855398554 0.9874998750 0.9886098861 0.9931599316 0.9942399424 0.9944699447 0.9964599646 0.9981599816
11111101111011101111111110111011111111101111110111111111011111011110100111111011100111111111111111111111111000111111101011111100111110111011111111111111111101111110011001101110111011111001101110111111111101110011011111111101111111111111111111111111111111110011110101001111101
11111101111011101111111110111011111111111111110110111111011111011110100111111011100111111111111111111011111000111111101011111101111010111011111111111111110101111110011001101110111011111001101111111111111101111111111111111101111111111111111111101011111111110011110101001111101
11111101111011101111111110111011111111111111110110111111011111011110100111111011100111111111111111111011111000111111101011111101111010111011111111111111110101111110011001101110111011111001101111111111111101111111111111111101111111111111111111101011111111110011110101001111101
11111101111111101111111110111011111111111111110110111111011111011110100111111011100111111111111111111011111000111111101011111101111010111011111111111111110101111110011001101110111011111001101111111111111101111111111111111101111111111111111111101011111111110011110101001111101
11111101111011101111111110111011111111111111110110111111011111011110110111111011100111111111111111111011111000111111111011111101111010111011111111111111110101111110011001101111111011111001101111111111111101110111011111111101111111111111111111101011110110100011110111010111110
11111101111011101111111110111111111111111111110110111111011111011110100111111011100111111111111111111011111000111111101011111101111010111011111111111111110101111110011001101110111011111001101111111111111101111111111111111101111111111111111111101011111111110011110101001111101
11111101111011101111111110111011111111111111111110111111011111011110100111111011101111111111111111111011111000111111101011111101111010111011111111111111110101111110011101111110111011111001101111111111111101110111011111111101111111111111111111101011111111110011110101001111101
11111101111011101111111110111011111111111111110110111111011111111110100111111111110111111111111111111011111110111111101011111110111010111111111111111111110101111111011001101110111011111101111111111111111101110011011111111101111111111111111111101011111111111011110101001111101
11111101111011101111111110111011111111111111110110111111011111011110110111111011100111111111111111111011111000111111111011111101111010111011111111111111110101111110011001101111111011111001101111111111111101110111011111111101111111111111111111101011110110100011110111010111110
11111101111011101111111111111011111111111111110110111111011111011110100111111011100111111111111111111011111000111111101011111101111010111011111111111111110101111110111001101110111111111001101111111111111101111111111111111101111111111111111111101011111111110011110101001111101
11111101111011101111111110111011111111111111110110111111111111011110101111111011100111111111111111111011111000111111101111111110111010111011111111111111110111111110011011101110111011111011101111111111111101110011011111111101111111111111111111101011111111110011110101001111101
11111101111011101111111110111011111111111111110110111111011111011110100111111111110111111111111111111011111010111111101011111110111010111111111111111111110101111110011001101110111011111001101111111111111101110011011111111101111111111111111111101011111111110011110101101111101
11111111111011101111111110111011111111111111110110111111011111011110100111111011100111111111111111111011111000111111101011111101111010111011111111111111110101111110011001101110111011111001101111111111111101111111111111111101111111111111111111101011111111110011110101001111101
11111101111011101111111110111011111111101111110111111111011111011110100111111011100111111111111111111111111000111111101011111100111011111011111111111111111101111110011001101110111011111001101110111111111101110011011111111111111111111111111111111111111111110111110101001111101
11111101111011101111111110111011111111111111110110111111011111011110110111111011100111111111111111111011111000111111111011111101111010111011111111111111110101111110011001101111111011111001101111111111111101110111011111111101111111111111111111101011110110100011110111010111110
11111101111011101111111110111011111111111111110110111111011111011110110111111011100111111111111111111011111000111111111011111101111010111011111111111111110101111110011001101111111011111001101111111111111101110111011111111101111111111111111111101011110110100011110111010111110
11111101111011101111111110111011111111111111110110111111011111011110100111111011100111111111111111111011111001111111101011111101111010111011111111111111110101111110011001101110111011111001101111111111111101111111111111111101111111111111111111101011111111110011111101001111101
11111101111011111111111110111011111111111111111110111111011111011110100111111011100111111111111111111011111000111111101011111101111010111011111111111111110101111110011101111110111011111001101111111111111111110111011111111101111111111111111111101011111111110011110101001111101
11111101111011101111111110111011111111111111110110111111011111111110100111111111110111111111111111111011111110111111101011111110111010111111111111111111110101111111011001101110111011111101111111111111111101110011011111111101111111111111111111101011111111111011110101001111101
11111101111011101111111110111111111111111111110110111111011111011111100111111011100111111111111111111011111000111111101011111101111010111011111111111111110101111110011001101110111011111001101111111111111101111111111111111101111111111111111111101011111111110011110101001111101
