//
segsites: 104
positions: 0.0054717647 0.0114835294 0.0165258824 0.0260870588 0.0272917647 0.0328494118 0.0485247059 0.0812517647 0.0844600000 0.0924105882 0.0960058824 0.1046988235 0.1109317647 0.1184717647 0.1331247059 0.1372117647 0.1405247059 0.1507247059 0.1849105882 0.1851082353 0.1941094118 0.1990482353 0.2038964706 0.2097023529 0.2097352941 0.2211894118 0.2281282353 0.2385129412 0.2408564706 0.2569164706 0.2850305882 0.3228529412 0.3279164706 0.3308411765 0.3368800000 0.3370694118 0.3411611765 0.3587423529 0.3738894118 0.3849247059 0.4114788235 0.4168964706 0.4172364706 0.4183482353 0.4421117647 0.4497870588 0.4640376471 0.4842529412 0.4859223529 0.5045364706 0.5209200000 0.5252635294 0.5318729412 0.5505682353 0.5510352941 0.5523423529 0.5729011765 0.5788776471 0.5806211765 0.6085141176 0.6178011765 0.6196917647 0.6504282353 0.6580658824 0.6677223529 0.6825341176 0.6950564706 0.7165129412 0.7167611765 0.7174964706 0.7220494118 0.7264235294 0.7266576471 0.7364011765 0.7368047059 0.7377317647 0.7528152941 0.7783023529 0.7849776471 0.8007223529 0.8085894118 0.8200529412 0.8219223529 0.8241635294 0.8266529412 0.8346800000 0.8642200000 0.8729623529 0.8740705882 0.8774458824 0.8924788235 0.8999529412 0.9118482353 0.9256858824 0.9313588235 0.9360458824 0.9458188235 0.9468000000 0.9587964706 0.9689976471 0.9695752941 0.9702117647 0.9884717647 0.9972082353
00011011101101000011010011100010101110100001110011110010111000001000100100000001000100111011101011000011
00111011101101000011010011100010101110100001110011110010111000001000100100000001010100101001101011000010
00111011101101000011010011100010101110100001110011110010111000001000100100000001010100101001101011000010
00111011111101000011010011100010101110100001110011110010111000001000100100000001010100101001101011000010
10010010101011010000010011001010011110101000111010110010111010100000111100001000000100100000101011000011
00111011101101010111110011100010001110110000110010110010111011000000100100001000000110100000101011010010
00011011101101000011010011100010001110100101110111110010111000001000100100001100000101100001101011000010
00011011101101000011010011100111001111100001110011110110111000001000100101000000001100000100100001100110
00111011101101000011010011100010101110100001110011110010111000001000100100000001010100101001101011000010
00011011101101000011010111100110001110100001110011110110111000001000100101100000001100000100100101100110
10010010101011011000011011011010001110101010110010111010111110010101100110001110100100100000101011001010
10010010101011011000011011011010001110101010110010111010111110010101100110001110000100100000101011000010
00011011101101000011010011100010101110100001110011110010111000001000100100010001000100111011101011000011
00011011101101100011010011100110001110100001110011110110111000001010100101000000001100000100100001100110
10010010101011010000010011001010001110101000110010110011111010000000111100001000000100100000111011000011
00011011101101000011010011100010001110100101110111110010111000001000100100001100000100100001101011000010
00011011101101000011010011100010101110100001110011110010111000001000100100000001000100111011101011000011
00111011101101000011010011100010101110100001110011110010111000001000100100000001010100101001101011000010
01011111101101100011010011100110001111100001110011110110111000001000100101000000001100000101101011000011
10010010101011011000011011011010001110101010110010111010111110010101100110001110000100100000101011001010
