//
segsites: 207
positions: 0.0026458824 0.0065035294 0.0095600000 0.0197835294 0.0260235294 0.0360176471 0.0414258824 0.0456223529 0.0459070588 0.0463588235 0.0508741176 0.0541941176 0.0566517647 0.0588764706 0.0598517647 0.0616600000 0.0619200000 0.0625835294 0.0672847059 0.0679058824 0.0705247059 0.0790658824 0.0815188235 0.0828694118 0.0840858824 0.0875376471 0.0964682353 0.1004941176 0.1006517647 0.1014423529 0.1045188235 0.1098352941 0.1102729412 0.1128517647 0.1151752941 0.1215094118 0.1237341176 0.1249988235 0.1261752941 0.1337035294 0.1352294118 0.1417305882 0.1423058824 0.1435341176 0.1451047059 0.1481670588 0.1495376471 0.1568011765 0.1613141176 0.1669470588 0.1790352941 0.2144670588 0.2188247059 0.2210117647 0.2235070588 0.2241541176 0.2247129412 0.2300294118 0.2341423529 0.2374835294 0.2396952941 0.2434717647 0.2453270588 0.2549658824 0.2589482353 0.2638329412 0.2670705882 0.2715670588 0.2807882353 0.2878905882 0.2901458824 0.2920670588 0.2967623529 0.3009188235 0.3078670588 0.3167317647 0.3176823529 0.3218364706 0.3299317647 0.3300105882 0.3327200000 0.3405070588 0.3456352941 0.3558835294 0.3575623529 0.3722094118 0.3773729412 0.3927352941 0.3931247059 0.3948035294 0.3970035294 0.4183129412 0.4199917647 0.4219047059 0.4247141176 0.4377623529 0.4432905882 0.4599035294 0.4622564706 0.4726776471 0.4743694118 0.4759235294 0.4770352941 0.4780529412 0.4790976471 0.4845305882 0.4847388235 0.4892717647 0.5048329412 0.5067388235 0.5090647059 0.5114235294 0.5124023529 0.5200917647 0.5242517647 0.5270105882 0.5286070588 0.5312694118 0.5500094118 0.5550129412 0.5572305882 0.5636776471 0.5673094118 0.5785152941 0.5816176471 0.5840952941 0.6062011765 0.6078341176 0.6092258824 0.6116588235 0.6150952941 0.6164505882 0.6193647059 0.6235588235 0.6280929412 0.6308411765 0.6341023529 0.6662282353 0.6689917647 0.6762117647 0.6785564706 0.6818129412 0.6854823529 0.6891858824 0.6912352941 0.6999282353 0.7009917647 0.7037423529 0.7097717647 0.7131764706 0.7149458824 0.7152858824 0.7179776471 0.7184011765 0.7457247059 0.7544447059 0.7574470588 0.7646423529 0.7660352941 0.7674341176 0.7757882353 0.7806541176 0.7813411765 0.7870152941 0.7923694118 0.7994635294 0.8004364706 0.8010670588 0.8030658824 0.8053035294 0.8068929412 0.8118364706 0.8127505882 0.8211870588 0.8212141176 0.8280964706 0.8333470588 0.8347529412 0.8361047059 0.8410941176 0.8470635294 0.8526411765 0.8546964706 0.8639047059 0.8656164706 0.8664952941 0.8822541176 0.8849729412 0.8971517647 0.9034588235 0.9068376471 0.9085870588 0.9086835294 0.9117529412 0.9128211765 0.9140964706 0.9190341176 0.9222505882 0.9314223529 0.9315376471 0.9364270588 0.9372258824 0.9417541176 0.9428564706 0.9438164706 0.9665517647 0.9946094118
110000001010000100010010111010110000100000000000001000101110000100000101011101101111011101110001001101110010100101000101010010000010010001111010100001101000101100000100000000010000011011010010110000000001101
100000001010000100010010111010110000101001010000001000101010000100000101011101101111011101110001001101110010100101010101010010000010010001111010100001101000010011110010111011001011100000101000001000011010010
100000001010000100010010111010110000100000001000001000110010000010000000110101001000001011110000110010001101010000101010101001111001000110000001001110000100101100000101000000010000011001010011110010000001100
100000001010000100010010111010110000101001000000001000101010000100000101011101101111011101110001001101110010100101010101010010000010010001111010100001101000010011110010111011001011100000101000001000011010010
110000001010000100010010111010110000100000000000001000101011000100000101011101101111011101110001001101110010100101000101010010000010010001111010100001101000010011110010111011001011100000101000001100011010010
100000001010000100010010111010110000100000001000011001101010000100000101011101101111011101110001001101110010100101000101010010000010010001111010100001101000010011110010111011001011100000010010110000000001100
000101110001111011101101000100001111010000100011101000100010000010000000110111001000001011110000110010001100010000101010000001111001000110000001011110000000101100001100000000010000011001010110110000000001110
100000001010000100010010111010110000100010000000000000100010001011000010110101011000001011111000110010001101011010101010000001111001000110000101001110010000101100000100000000010100011001010010110000100101100
110010001010000100010010111010110000100000000000001000101011110100000101011101101111011101110001001101110010100101000101010010000010010001111010100001101000010011110010111011001011100000101000001100011010010
000101110001101011101101000101001111010000100010001000100010000010101000110111001000001011110000110010001100010000101010000001111001000110000001001110000000101100000100000000010000011001010010110000000001100
100000001010000100010010111010110000100000001000001000100010000010100000110111001000001011110000110010001100010000101010000101111101100110000001001110000000101100000100000000010000011001010010110000000001100
100000001010000100010010111010110000100100000100001100100010000010000000110101001000001011110000110010001101010000101010001001111001001110000001001110000101101100000101000100010000011001010011110010000001100
100000001010000100010010111010110000100010000000000000100010001011000010110101011000001011111000110010001101011010101010000001111001000110000101001110010000101100000100000000010100011001010010110000100101100
100000001010000100010010111010110000100000001000001001101010000100000101011101101111011101110001001101110010100101000101010010000010010001111010100001101000010011110010111011001011100000010010110000000001100
100000001010000100010010111010110000101001010000001000101010000100000101011101101111011101110001001101110010100101010101010010000010010001111010100001101000010011110010111011001011100000101000001000011010010
100000001010000100010010111010110000100000001000001001101010000100000101011101101111011101110001001101110010100101000101010010000010010001111010100001101000010011110010111011001011100000010010110000000001100
100000001010000100010010111010110000100000001000001001101010000100000101011101101111011101110001001101110010100101000101010010000010010001111010100001101000010011110010111011001011100000010010110000000001100
000101110001111011101101000100001111010000100011101000100010000010010000110111001000001011110000110010001100010000101010000001111001000110000001011110000010101100001100000000010000011001010110110000000001100
001101110101101011101101000101001111010000100010001000100010000010100000110111001000101011110000110010001100010000101010000001111101000110000001001110000000101100000100000000110000011101010010110000000001100
100000001010000100010010111010110000100000001000001011101010000100000101011101101111011101110111001101110010100101000101010010000010010001111010100001101000010011110010111011001011100000010010110001000001100
