//
segsites: 196
positions: 0.0129458824 0.0146011765 0.0147952941 0.0151894118 0.0199411765 0.0214941176 0.0258458824 0.0368894118 0.0415400000 0.0425141176 0.0429494118 0.0454235294 0.0563647059 0.0683364706 0.0767752941 0.0852117647 0.0880000000 0.1028847059 0.1077447059 0.1126494118 0.1251564706 0.1319352941 0.1341564706 0.1348635294 0.1359835294 0.1368141176 0.1408352941 0.1432435294 0.1497788235 0.1651329412 0.1703929412 0.1848717647 0.1924811765 0.1931470588 0.2016070588 0.2028458824 0.2104011765 0.2122435294 0.2186717647 0.2207011765 0.2235423529 0.2262188235 0.2467188235 0.2555341176 0.2592811765 0.2713788235 0.2716200000 0.2822741176 0.2884317647 0.2895305882 0.2905976471 0.2970482353 0.2991400000 0.3008658824 0.3251517647 0.3300764706 0.3305988235 0.3346317647 0.3357411765 0.3464811765 0.3494529412 0.3495929412 0.3505294118 0.3527164706 0.3540023529 0.3586094118 0.3591588235 0.3666435294 0.3918000000 0.4022270588 0.4056776471 0.4060152941 0.4121694118 0.4138188235 0.4144870588 0.4237882353 0.4294882353 0.4348305882 0.4368800000 0.4379905882 0.4382647059 0.4431176471 0.4442070588 0.4614152941 0.4688564706 0.4760564706 0.4798482353 0.4857211765 0.4899152941 0.4929482353 0.5061152941 0.5070458824 0.5124458824 0.5126835294 0.5293658824 0.5312776471 0.5370294118 0.5448576471 0.5657447059 0.5671411765 0.5750376471 0.5812835294 0.5885717647 0.5911000000 0.5952447059 0.5989388235 0.6048129412 0.6095141176 0.6220047059 0.6233811765 0.6251529412 0.6282352941 0.6299070588 0.6348423529 0.6373376471 0.6402858824 0.6406694118 0.6441152941 0.6517894118 0.6562764706 0.6629329412 0.6705152941 0.6726694118 0.6781505882 0.6933658824 0.6998858824 0.7005858824 0.7034611765 0.7094376471 0.7100811765 0.7322670588 0.7324611765 0.7415105882 0.7436952941 0.7479247059 0.7646470588 0.7880623529 0.7900682353 0.7903447059 0.8016952941 0.8021600000 0.8034576471 0.8040000000 0.8049305882 0.8125882353 0.8142388235 0.8181941176 0.8191964706 0.8209905882 0.8268670588 0.8289952941 0.8415482353 0.8417717647 0.8505776471 0.8549729412 0.8593823529 0.8638870588 0.8729705882 0.8746000000 0.8752717647 0.8876764706 0.8916200000 0.8917670588 0.8931964706 0.8936800000 0.8967552941 0.9060811765 0.9117505882 0.9176141176 0.9176494118 0.9245305882 0.9266658824 0.9282458824 0.9367800000 0.9369811765 0.9410188235 0.9444117647 0.9467047059 0.9489564706 0.9501141176 0.9506776471 0.9508058824 0.9524800000 0.9632411765 0.9669835294 0.9768764706 0.9793000000 0.9803141176 0.9818811765 0.9886847059 0.9905647059 0.9921529412 0.9934188235 0.9949317647 0.9962776471 0.9971670588
1110000001000101010001010000010010100101100011000101101010010001010011001000000010000000011010111010011000011100000010101101100100001001001100001100000000010000101010100011010100000000100011111011
0000110110111100001110000100100100001000001100101000010001001110000000110111001001011011100000000101100110100000001001010010010011010100100011000010000111100111000001000000101001101000011100000100
0000111100100100001010000100000100010010000100010000000101001010100100100110101101100010000001000100000001100011010000000010000000010100000000010001011111001011000000011000101000000001000100000000
0000110110111110001110100100100100001000001100101000010001101110000000110110001001011011100000000101100100100000000001010010000000010100100011000010100111100011000101000000101000101100011100000000
0000110100100100101010000001000100001000011100101000010001101110000000110110001001011111100000000101100100100000000101010010000000010100100011000010000111100011010000011000101010111010011100000000
0001110100100100001010001011000100001000001100101010010001101110000000110110001001011011100000000101100100100000000001010010000000010100100011000010100111100011000101000000101000101100011100000000
0000110110111110001110000100100100001000001100101000010001101110000000110110001001011011100000000101100100100000000001010010000000010100100011000010100111100011000101000000101000101100011100000000
0000111100100100001010000011001100001000011100101000010001101110000000110110001001011111100000000101100100100000000001010010000000010100100011100010000111100011010000011000101010101000011100000000
0000110100100100001010001011000100001000001100101000010001101110001000110110001001011011100000000101100100100000000001010010000000010100100011000010100111100011000101000000101000101100011100000000
0000111100100100001010000011001100001000011100101000010001101110000000110110001001011111100000000101100101100011010000000010000000010100000000010001011111001011000000011000101000000001000100000000
0000110110111110001110000100100100001000001100101000010001101110000000110110001001011011100000000101100100100000000001010010000000010100100011000010100111100011000101000000101000101100011100000000
0000110100100100001010000011000100001000001100101000010001101110000000110110001001011011100000000101100100100000000001010010000000010100100011000010000111100011000101000000101000101100011100000000
0000110100100100101010000001000101010010000100010000000101001010000100100110101101100010000001000100000001100001110000000010001000010110010000010001001111001011000000011000101000000001000100000000
0000111100100100001010000011001100001000011100101000010001101110000000110110001001011111100000000101100100100000000001010010000000010100100011100010000111100011010000011000101010101000011100000000
0000111100100100001010000011001100001000011100101000010001101110000000110110001001011111100000000101100100100000000001010010000000010100100011100010000111100011010000011000101010101000011100000000
0000110100100100001010001011000100001000001100101000010001101110000000110110001001011011100000000101100100100000000001010010000000010100100011000010100111100011000101000000101000101100011100000000
0000110110111100001110000100100100001000001100101000010001001110000000110110011001011011100100000101100110100000000001010010000000110100100011000010000111100011000001000100101000101000000100000000
0000110110111110001110000100100100001000001100101000010001101110000000110110001001011011100000000101100100100000000001010010000000010100100011000010100111100011000101000000101000101100011100000000
0001110100100100001010001011000100001000001100101010010001101110000000110110001001011011100000000101100100100000000001010010000000010100100011000010100111100011000101000000101000101100011100000000
0000110110111100001110000100100100001000001100101000010001001110000000110110011001011011100000000101100110100000000001010010000000010100100011000010000111100011000001000100101000101000000100000000
