//
segsites: 289
positions: 0.0044129412 0.0053411765 0.0092894118 0.0109258824 0.0130482353 0.0132011765 0.0149341176 0.0186882353 0.0189623529 0.0202141176 0.0227764706 0.0258235294 0.0274658824 0.0284352941 0.0296705882 0.0298988235 0.0303270588 0.0375035294 0.0377964706 0.0407211765 0.0428870588 0.0456752941 0.0478376471 0.0485152941 0.0503729412 0.0506576471 0.0509000000 0.0514211765 0.0519752941 0.0533258824 0.0535870588 0.0538588235 0.0541105882 0.0561282353 0.0561705882 0.0568023529 0.0569623529 0.0580894118 0.0586776471 0.0589211765 0.0598788235 0.0622270588 0.0622823529 0.0623576471 0.0624694118 0.0627694118 0.0646588235 0.0650094118 0.0650741176 0.0673341176 0.0677952941 0.0681811765 0.0703235294 0.0703400000 0.0731211765 0.0739141176 0.0757376471 0.0761952941 0.0791623529 0.0798552941 0.0817282353 0.0821282353 0.0822505882 0.0842658824 0.0851011765 0.0853988235 0.0875235294 0.0876047059 0.0879411765 0.0882152941 0.0908435294 0.0933964706 0.0939364706 0.0962376471 0.0975717647 0.0985517647 0.0986800000 0.0992247059 0.1010658824 0.1010917647 0.1015647059 0.1023152941 0.1042882353 0.1049211765 0.1051270588 0.1051376471 0.1068494118 0.1095529412 0.1095600000 0.1097152941 0.1100541176 0.1107247059 0.1126470588 0.1127435294 0.1128741176 0.1133470588 0.1137011765 0.1151870588 0.1160941176 0.1180482353 0.1211517647 0.1309858824 0.1384552941 0.1404435294 0.1418117647 0.1485541176 0.1497164706 0.1513776471 0.1523882353 0.1524564706 0.1551164706 0.1738023529 0.1827011765 0.1843541176 0.1849341176 0.1949023529 0.2063635294 0.2064305882 0.2071694118 0.2115588235 0.2127000000 0.2133400000 0.2180388235 0.2214505882 0.2267329412 0.2286870588 0.2308929412 0.2353164706 0.2384482353 0.2387788235 0.2430517647 0.2466811765 0.2485294118 0.2519647059 0.2601047059 0.2689352941 0.2702517647 0.2811105882 0.2843152941 0.2848800000 0.2864823529 0.2878611765 0.2883458824 0.2899176471 0.2937741176 0.2989247059 0.3054705882 0.3117141176 0.3118635294 0.3128152941 0.3175329412 0.3207152941 0.3250023529 0.3347411765 0.3373305882 0.3498705882 0.3687435294 0.3744611765 0.3848623529 0.3882894118 0.3889435294 0.3898047059 0.3994576471 0.4024882353 0.4090400000 0.4184976471 0.4280788235 0.4284517647 0.4362705882 0.4383258824 0.4397364706 0.4427411765 0.4452058824 0.4514470588 0.4657282353 0.4673058824 0.4708588235 0.4789317647 0.4823305882 0.4836658824 0.4909094118 0.4927011765 0.4972247059 0.4981588235 0.5094552941 0.5107011765 0.5140141176 0.5203917647 0.5232729412 0.5305741176 0.5395505882 0.5395682353 0.5470976471 0.5532329412 0.5548517647 0.5631011765 0.5660505882 0.5853282353 0.5880282353 0.5944505882 0.5949905882 0.5985576471 0.6028435294 0.6049082353 0.6098894118 0.6139047059 0.6148035294 0.6203011765 0.6383058824 0.6416211765 0.6440741176 0.6446729412 0.6484611765 0.6500082353 0.6522376471 0.6550505882 0.6554117647 0.6606858824 0.6640847059 0.6642423529 0.6808388235 0.6816376471 0.7037905882 0.7139364706 0.7161647059 0.7236847059 0.7244741176 0.7275505882 0.7317341176 0.7393188235 0.7398435294 0.7409317647 0.7444964706 0.7469588235 0.7486117647 0.7509835294 0.7544847059 0.7546929412 0.7550823529 0.7602635294 0.7630352941 0.7688847059 0.7746682353 0.7888247059 0.7918000000 0.7956517647 0.8084870588 0.8123470588 0.8159976471 0.8230894118 0.8242952941 0.8258988235 0.8321494118 0.8417835294 0.8435952941 0.8452494118 0.8468505882 0.8526494118 0.8571400000 0.8709941176 0.8746200000 0.8782094118 0.8864482353 0.8931988235 0.8939435294 0.8943447059 0.9013988235 0.9022470588 0.9022552941 0.9040388235 0.9056447059 0.9059364706 0.9067152941 0.9081482353 0.9123282353 0.9249423529 0.9335647059 0.9513611765 0.9684376471 0.9690800000 0.9725552941 0.9730105882 0.9754282353 0.9789329412 0.9827329412 0.9831411765 0.9837305882 0.9882141176 0.9900011765
1010001101010101010111000110000001001101001110101001010111001010000010010101001111011011110001011100111010100010000110000101001111010010001010001110111001101110010101111111110001101001001011111101111010011110000000011010101010000001111101100111001100000000111000100110101110100101010001100
0101110010101010101000111001011010110010110001010110001000110101110100101010110000100100001110000011111000100010000110000101001111010010001010001110111001101110010101111111110001101011001011111101111010001110000000011010101010000001111101100111001100000000111000100110101110100110110000100
0101110010101010101000111001011010110010110000010110001000110101111100101010110000100100001110000011111001000010010110000110000011010110101011001110111101101010011100111011110001100001001011101100111011001010001100011011001111110110001110001111001100110000111101100110101110100101010001110
1010001101010101010111000010000001001001001110101001010111001010000010010101001111011011110001011100111000100010100110000100000011010110101011001110111101101010011100111011110001100001001111101100111011001010000100011011001111010110001110001111001100000000111111100110101110100101010001110
0101110010101010101000111001011010110010110000010110001000110101110100101010110000100100001110100011111001000010010110000100000011010110101011001110111101101010011100111011110011100001001011101100111011001010001100011011001111110110001110001111001100100000111101100110101110100101010101101
1010001101010101010111000010000001001001001110101001010111001010000010010101001111011011110001011100111001000010010110000100000011010110101011001110111101101010011100111011110001100001001011101100111011101010001100011011001111110110001110001111001100100000111101100110101110100101010001110
1010001101010101010111000010100101001001001110101001010111001010000010010101001111011011110001011100111000100010000110000101011111010010001010001110111001101110010101111111110001101001001011111101111010001110000000011010101010000001111101100111001100000000111000101110101110100101011001100
0101110010101010101000111001011010110010110000010110001000110101110100001010110000100100001110000011111000000011011111000101001011010010001110001110111011101110010101111111110001101001011011101100111010001010010000011010101010000001001100110111001101000101111000100110111110100101010010100
0101110010101010101000111001011010110010110000010110001000110101110100101010110000100100001110000010111101000010010110000100000011010110101011001110111101101010111100111011110001100001001011101100111011001010001110011011001111110110001110001111001100101000111101100110101110100101010101110
1010001101010101010111000110000001001001001110101001010111001010000010010101001111011011110001011100111000100010000110000101001111010011001010101110111001101110010101111111110101101001001011111101111010001110000000011010101010001001111101100111001100000000111000100110101110100101010001100
1010001101010101010111000110000001001101001110101001010111001010000010010101001111011011110001011100111000110010000110000101001111010010001010001110111001101110010101111111110001101001001011111101111010001110000000011010111010000001111101100111001100000000111000100110101110101101010001100
1010001101010101010111000110000001001101001110101001010111001010000010010101001111011011110001011100111000100010000110000100000011010110101011001110111101101010011100111011110011100001001011101100111011001011001100011011001111110110001110001111001100100000111101100110101110100101010101101
1010001101010101010111000110000001001101001110101001010111001010000010010101001111011011110001011100111010100010000110000101001111010010001010001110111001101110010101111111110001101001001011111101111010011110000000011010101010000001111101100111001100000000111000100110101110100101011001100
0101110010101010101000111001011010110010110001010110001000110101110100101010110000100100001110000011111001001110010110100100000011010110101011001110111101101010011100111011110001100001001011101110111011001010001100011011001111010110001110001111001110000000111101100110101110100101010001100
0101110010101010101000111001011010110010110001010110001000110101110100101010110000100100001110000011111001000010010110100100000011010110101011001110111101101010011100111011110001100001001011101100111111001010001100011011001111010110001110001111011110000000111101100110101111100101011001100
0101110010101010101000111001011010110010110000010110101000110101110100101010110000100100001110000011111001000010010110011100100001001000011010010111000001011001010110111011111001110100100001100100110010000000100001111111001111010110001110001111101100000010111101110111101110110101010001100
0101110010101010101000111001011010110010110001010110001000110101110100101010110000100100001110000011111001000010010110100100000011110110101011001110111101101010011100111011110001100001001011101100111011001010001100011011001111010110001110001111001110000000111101100110101110100101010001100
1010001101010101010111000110000001001101001110101001010111001010000010010101001111011011110001011100111000110010000110000101001111010010001010001110111001101110010101111111110001101001001011111101111010001110000000011010101010000001111101100111001100000000111000100110101110100101010001100
0101110010101010101000111001011010110010110001010110001000110101110101101010110000100100001110000010111001000010010110000100000011010110101011001110111101101010011100111011110001100001001011101100111011001010001100011011001111110110001110001111001100100000111101100110101110100101010001110
1010001101010101010111000110000001001101001110101001010111001010000010010101001111011011110001011100111000110010000110000101001111010010001010001110111001101110010101111111110001101001001011111101111010001110000000011010101010000001111101100111001100000000111000100110101110100101010001100
