//
segsites: 214
positions: 0.0011517647 0.0129458824 0.0146011765 0.0147952941 0.0238800000 0.0264411765 0.0287976471 0.0302670588 0.0374976471 0.0425141176 0.0480117647 0.0484305882 0.0606600000 0.0649235294 0.0678682353 0.0683364706 0.0761600000 0.0773905882 0.0852117647 0.0898788235 0.1028847059 0.1083329412 0.1090588235 0.1117152941 0.1319352941 0.1348635294 0.1462800000 0.1475317647 0.1501682353 0.1651329412 0.1685211765 0.1924811765 0.1958623529 0.2016070588 0.2034611765 0.2074576471 0.2075917647 0.2091282353 0.2207011765 0.2235423529 0.2269058824 0.2293188235 0.2343000000 0.2415658824 0.2566847059 0.2590941176 0.2592811765 0.2713788235 0.2895305882 0.2970482353 0.2991400000 0.2994823529 0.3005058824 0.3013035294 0.3251517647 0.3294600000 0.3305988235 0.3391976471 0.3423694118 0.3464811765 0.3527164706 0.3547282353 0.3549894118 0.3554647059 0.3586094118 0.3710341176 0.3763341176 0.3770964706 0.3777552941 0.3832011765 0.3862470588 0.3918000000 0.3993776471 0.4022270588 0.4068976471 0.4121694118 0.4155105882 0.4290882353 0.4313317647 0.4382647059 0.4454694118 0.4457588235 0.4561247059 0.4573364706 0.4628541176 0.4638035294 0.4682941176 0.4708623529 0.4759352941 0.4848258824 0.4863341176 0.4908176471 0.4929482353 0.4932811765 0.5057270588 0.5061152941 0.5124458824 0.5293658824 0.5303694118 0.5306141176 0.5312776471 0.5370294118 0.5402023529 0.5610682353 0.5621529412 0.5657447059 0.5774329412 0.5812835294 0.5820611765 0.5854035294 0.5856117647 0.5885717647 0.5944505882 0.5949988235 0.6055764706 0.6095141176 0.6098905882 0.6144329412 0.6156882353 0.6220047059 0.6265800000 0.6266611765 0.6267352941 0.6302764706 0.6336176471 0.6350941176 0.6406694118 0.6462035294 0.6517894118 0.6522741176 0.6629329412 0.6671105882 0.6705152941 0.6781505882 0.6828352941 0.6866211765 0.6933658824 0.6934588235 0.6953988235 0.6972611765 0.7034611765 0.7077176471 0.7291635294 0.7322011765 0.7415105882 0.7471282353 0.7484141176 0.7646470588 0.7704694118 0.7721211765 0.7740341176 0.7752188235 0.7756917647 0.7834705882 0.7845529412 0.7903447059 0.7908505882 0.8016952941 0.8125882353 0.8142388235 0.8200729412 0.8209435294 0.8270411765 0.8284964706 0.8379588235 0.8447058824 0.8513647059 0.8533082353 0.8534329412 0.8593823529 0.8678035294 0.8717623529 0.8730423529 0.8770552941 0.8791823529 0.8846835294 0.8876764706 0.8917670588 0.8936800000 0.8964411765 0.8975317647 0.8976458824 0.8989564706 0.9031647059 0.9060811765 0.9075070588 0.9181000000 0.9191482353 0.9196929412 0.9199776471 0.9215964706 0.9217235294 0.9223741176 0.9245305882 0.9247858824 0.9266658824 0.9336282353 0.9367800000 0.9410188235 0.9444705882 0.9500058824 0.9655070588 0.9669835294 0.9790882353 0.9818811765 0.9856705882 0.9873776471 0.9886847059 0.9905647059 0.9921529412 0.9934188235 0.9947670588 0.9962776471 0.9971670588
0111000011011001001000101100000101001011000000110001001010001000101010010101001111000000001010011100100001010011001100010000001010001100100010000001000000010111000001000100000100010100000010111010100011111110011100
0000010000000101011000010000000111010110110010010000010000100111110001001000110000011111000000000000001101101100000000101110100001010110111000010110110001000000001110110010100100011101001001111010100001111110011100
0111000011011001001000101100000101001011000000110001001010001000101010010101001111000000001010011100100001010011001100010000011010001100100010000001000000010111000001000100000100010100000010111010100011111110011100
0000010000000101011000010000000111000011000000111110001010011000100000010101000100000000000010011101110001010001000100010000001010101100100010001001000010010111000000000100010011100000100000000101011000101001111011
1000010000000001101000010000000111010110110110010000110001100111110001001000110000011111000000000000001111101100000010101110100000010110111000010110110001000000001110110011101100011100000000111010101000101001111011
0000010000000101011000010000000111000011000000111110001010011000100000010101000100000000000010011100110001010001000100010000001010101100100010001001000010010111000000000100010011100000100000000101011000101001111011
0111000001111001001000101100000101001011000000110001001010001000101010010101000111000000011010011100100001010001001100010000001010001100100110100001000000010111100001000100000100010100000010111010100001111110011100
1000010000000001101000010000000111010110110110010000110001100111110001001000110000011111000000000000001111101100000000101110100000010110111000010110110001000000001110110011101100011100000000111010101000101001111011
0111000001001001001000101100010101000011000000111110001010011000100000010101000100000000000010011100110001010001010100010000001010101100100010001001000010010111000000000100000011100000000010111010100011111110011100
0000010000000101011000010000000101000011000000111110001010011000100000010101000100000000000010011100110001010001000100010000001010101100100010001001000010010111000000000100010011100000100000000101011000101001111011
0111000001000001001010001100010101010110111010010000000000100111110001101000110000011110000001000010001101101100000000101110100100010111110000010110110001001000000110110010100100010110000010111010100001101110011000
0000010000000101011000010000100101110110110010010000000100000111110001001010110000011110000000100000001101101100100000101110100000010110110001010010110001000000010110110010100100010100010100000101011000101001011011
0111000011011001001000101100000101001011000000110001001010001000101010010101001111000000001010011100100001010011001100010000001010001100100010000001000000010111000001000100000100010100000010111010100011111110011100
0000010000000101011000010000000101000011000000111110001010011000100000010101000100000000000010011100110001010001000100010000001010101100100010001001000010010111000000000100010011100000100000000101011000101001111011
0000010000000101011000010000000111010110110010010000010000100111110001001000110000011111000000000000001101101100000000101110100000010110111000010110110101000000001110110010100100011101001001111010100001111110011100
0000010000000001001000010000000111010110110011010000010000100111110001001000110000111111000000000000001101101100000001101110100000010110111000010110111001100000001110110010100100011100000000111010100101101111111011
0000111000000111011101011111011111010110110010010000010000100111110101001000110000011111100100000000001101101100000000101111100000010110111000010110110001000000001110111010100100011100000000111010100101101110011011
0111000001011001001000101100000101001011000000110001001010001000101010010101000111000000011010011100100001010001001100010000001010001100100110000001000000010111100001000100000100010100000010111010100001111110011100
0111000101000001001010001100010101000011000000111110001010011000100000010101000100000000000010011100110001010001000100010000001010101100100010001001000010010111000000000100010011100000100000000101011000101110011000
1000010000000001101000010000000111010110110110010000110001100111110001001000110000011111000000000000001111101100000010101110100000010110111000010110110001000000001110110011101100011100000000111010101000101001111011
