//
segsites: 199
positions: 0.0036941176 0.0044129412 0.0092894118 0.0130482353 0.0132011765 0.0149341176 0.0186882353 0.0188717647 0.0189623529 0.0202141176 0.0227764706 0.0274658824 0.0284352941 0.0296705882 0.0303270588 0.0375035294 0.0377964706 0.0428870588 0.0456752941 0.0477705882 0.0478376471 0.0485152941 0.0489705882 0.0503729412 0.0509000000 0.0535870588 0.0541105882 0.0561282353 0.0561705882 0.0568023529 0.0569623529 0.0586776471 0.0589211765 0.0598788235 0.0622270588 0.0623576471 0.0624694118 0.0646588235 0.0650094118 0.0650741176 0.0673341176 0.0677952941 0.0681811765 0.0731211765 0.0739141176 0.0757376471 0.0761952941 0.0791623529 0.0798552941 0.0817282353 0.0821282353 0.0822505882 0.0822788235 0.0824211765 0.0842658824 0.0851011765 0.0853988235 0.0876047059 0.0910470588 0.0933964706 0.0939364706 0.0962376471 0.0975717647 0.0985517647 0.0986800000 0.0992247059 0.1010658824 0.1010917647 0.1023152941 0.1042882353 0.1049211765 0.1051270588 0.1051376471 0.1068494118 0.1095529412 0.1095600000 0.1097152941 0.1100541176 0.1107247059 0.1126470588 0.1127435294 0.1133470588 0.1137011765 0.1151870588 0.1160941176 0.1211517647 0.1309858824 0.1384552941 0.1429294118 0.1551164706 0.1578000000 0.1738023529 0.1827364706 0.1843541176 0.1949023529 0.2063635294 0.2064305882 0.2133400000 0.2214505882 0.2273976471 0.2308929412 0.2384482353 0.2387788235 0.2466811765 0.2535764706 0.2601047059 0.2843152941 0.2864823529 0.2937741176 0.2989247059 0.3054705882 0.3118635294 0.3128152941 0.3142411765 0.3175329412 0.3347411765 0.3373305882 0.3687435294 0.3744611765 0.3794752941 0.3848623529 0.3875905882 0.3898047059 0.3956764706 0.4024882353 0.4184976471 0.4280788235 0.4284517647 0.4362705882 0.4369717647 0.4383258824 0.4397364706 0.4427411765 0.4452058824 0.4498047059 0.4514470588 0.4595235294 0.4789317647 0.4823305882 0.4909094118 0.4981588235 0.4995023529 0.5140141176 0.5232729412 0.5305741176 0.5395505882 0.5470976471 0.5532329412 0.5660505882 0.5853282353 0.5857282353 0.5880282353 0.5949905882 0.6098894118 0.6148035294 0.6550505882 0.6554117647 0.6566835294 0.6628717647 0.6640847059 0.6808388235 0.6852470588 0.7037905882 0.7161647059 0.7409317647 0.7486117647 0.7509835294 0.7550823529 0.7644858824 0.7688847059 0.7746682353 0.7837588235 0.7888247059 0.8001635294 0.8084870588 0.8123470588 0.8444494118 0.8468505882 0.8471776471 0.8526494118 0.8571400000 0.8622176471 0.8864482353 0.8943447059 0.9013988235 0.9022552941 0.9056447059 0.9059364706 0.9067152941 0.9123282353 0.9273823529 0.9336235294 0.9484376471 0.9513611765 0.9531188235 0.9690800000 0.9701658824 0.9730105882 0.9837305882
0111100110110110100111010110110101100010110100011010001111101010110001001000011100001111010001110101011111111111111111011011101111011101111011111111111111111111001101101111111001111111111110111111111
1110011001001001011000001001001010011101001011100101010000010101001110110111100011110111111111111110111101111111101111101110111110111101011110111111110111111001111111110110101111011011111111111111111
1110011001001001011000101001001010011101001011100101010000010101001110110111100011110111111111111110111101111111101111101110111110111101011110111111110111111001111111110110101111011011111111111111111
0111100110110110100011010110110101100010110100011010001111101010110001001000011100001111010001110101011111111111111111011011101111011101111011111111111111111111001101101111111001111111111110111111111
0111100110110110100011010110110101100010110100011010001111101010110001001000011100001111010001110101011111111111111111011011101111011101111011111111111111111111001101101111111001111111111110111111111
1110011001001001011000001001001010011101001011100101010000010101001110110111100011110111111111111110111101111111101111101110111110111101011110111111110111111001111111110110101111011011111111111111111
0111100110110110100011010110110101100010110100011010001111101010110001001000011100001111010001110101011111111111111111011011101111011101111011111111111111111111001101101111111001111111111110111111111
0111100110110110100011010110110101100010110100011010001111101010110001001000011100001111010001110101011111111111111111011011101111011101111011111111111111111111001101101111111001111111111110111111111
0111100110110110100011010110110101100010110100011010001111101010110001001000011100001111010001110101011111111111111111011011101111011101111011111111111111111111001101101111111001111111111110111111111
0111100110110110100011010110110101100010110100011010001111101010110001001000011100001111010001110101011111111111111111011011101111011111111011111111111111111111001101101111111001111111111110111111111
1110011001001001011000101001001010011101001011100101010000010101001110110111100011110111111111111110111101111111101111101110111110111101011110111111110111111001111111110110101111011011111111111111111
0111100110110110100011010110110101100010110100011010001111101010110001001000011100001111010001110101011111111111111111011011101111011101111011111111111111111111001101101111111001111111111110111111111
0111100110110110100011010110110101100010110100011010001111101010110001001000011100001111010001110101011111111111111111011011101111011101111011111111111111111111001101101111111001111111111110111111111
0111100110110110100011010110110101100010110100011010001111101010110001001000011100001111010001110101011111111111111111011011101111011101111011111111111111111111001101101111111001111111111110111111111
1110011001001001011000001001001010011101001011100101010000010101001110110111100011110111111111111110111101111111101111101110111110111101011110111111110111111001111111110110101111011011111111111111111
0111100110110110100011010110110101100010110100011010001111101010110001001000011100001111010001110101011111111111111111011011101111011101111011111111111111111111001101101111111001111111111110111111111
0111100110110110100011010110110101100010110100011010001111101010110001001000011100001111010001110101011111111111111111011011101111011101111011111111111111111111001101101111111001111111111110111111111
1110011001001001011000001001001010011101001011100101010000010101001110110111100011110111111111111110111101111111101111101110111110111101011110111111110111111001111111110110101111011011111111111111111
1110011001001001011000001001001010011101001011100101110000010101001110110111100011110111111111111110111101111111101111101110111110111101011110111111110111111001111111110110101111011011111111111111111
1110011001001001011000101001001010011101001011100101010000010101001110110111100011110111111111111110111101111111101111101110111110111101011110111111110111111001111111110110101111011011111111111111111
