#OUT: 2000 SS p1 20
Mutations:
153 2546 m4 898996 0.00100000005 0.5 p1 25 16
214 39627 m3 365413 -0.00499999989 0.5 p1 396 2
39 42924 m2 389869 0 0.5 p1 429 18
155 43677 m1 906236 0 0.5 p1 436 16
148 44601 m3 861246 -0.00499999989 0.5 p1 445 16
34 50084 m3 351465 -0.00499999989 0.5 p1 499 18
36 57012 m4 358344 0.00100000005 0.5 p1 567 18
146 69910 m4 842207 0.00100000005 0.5 p1 696 16
213 79785 m2 363593 0 0.5 p1 796 2
206 80708 m4 306012 0.00100000005 0.5 p1 805 1
27 82045 m1 283711 0 0.5 p1 818 19
30 84558 m1 299731 0 0.5 p1 843 19
156 86661 m1 906851 0 0.5 p1 865 16
149 88607 m3 868796 -0.00499999989 0.5 p1 884 16
81 91117 m1 908712 0 0.5 p1 909 4
220 92872 m2 395290 0 0.5 p1 928 2
109 93645 m2 154649 0 0.5 p1 935 10
31 93646 m2 302916 0 0.5 p1 935 19
1 93712 m1 9819 0 0.5 p1 936 9
112 95583 m2 177611 0 0.5 p1 954 10
21 96069 m1 223949 0 0.5 p1 959 10
90 99296 m1 12224 0 0.5 p1 992 11
117 99553 m1 242465 0 0.5 p1 995 10
24 101405 m1 253584 0 0.5 p1 1013 10
110 103323 m4 164465 0.00100000005 0.5 p1 1032 10
209 104086 m3 327872 -0.00499999989 0.5 p1 1039 2
222 105999 m1 403239 0 0.5 p1 1058 2
23 106000 m1 250824 0 0.5 p1 1058 10
201 106911 m1 280477 0 0.5 p1 1067 1
16 107619 m4 183934 0.00100000005 0.5 p1 1074 10
204 108243 m2 300449 0 0.5 p1 1081 1
79 111561 m2 878950 0 0.5 p1 1114 4
32 112050 m2 310964 0 0.5 p1 1119 18
217 112115 m2 386241 0 0.5 p1 1120 2
203 112437 m1 293444 0 0.5 p1 1124 1
11 115091 m2 143718 0 0.5 p1 1150 10
15 115700 m2 181695 0 0.5 p1 1156 9
116 116694 m1 204791 0 0.5 p1 1166 12
114 119950 m1 202219 0 0.5 p1 1198 9
102 120380 m1 94566 0 0.5 p1 1202 9
10 120870 m2 127465 0 0.5 p1 1207 10
218 122862 m2 390929 0 0.5 p1 1227 2
224 124633 m1 459039 0 0.5 p1 1245 2
74 125269 m2 804824 0 0.5 p1 1251 7
99 125506 m1 75754 0 0.5 p1 1253 9
78 125546 m3 849043 -0.00499999989 0.5 p1 1254 4
77 125547 m2 834134 0 0.5 p1 1254 4
66 125730 m2 737052 0 0.5 p1 1256 18
208 125785 m3 327670 -0.00499999989 0.5 p1 1256 2
64 126620 m4 726429 0.00100000005 0.5 p1 1264 18
219 126998 m2 391014 0 0.5 p1 1268 2
215 127577 m2 373754 0 0.5 p1 1274 2
12 127855 m4 148821 0.00100000005 0.5 p1 1277 10
51 128439 m1 520957 0 0.5 p1 1283 18
106 129302 m2 112090 0 0.5 p1 1292 10
72 129403 m2 801999 0 0.5 p1 1293 7
33 129565 m4 322679 0.00100000005 0.5 p1 1294 18
199 129717 m1 272867 0 0.5 p1 1296 1
285 130065 m2 330961 0 0.5 p1 1299 7
53 130916 m1 541827 0 0.5 p1 1308 10
92 131173 m1 26210 0 0.5 p1 1310 1
152 131881 m2 890653 0 0.5 p1 1317 16
97 132000 m1 60360 0 0.5 p1 1318 9
172 132124 m3 618239 -0.00499999989 0.5 p1 1320 8
29 132285 m1 297334 0 0.5 p1 1321 10
233 133303 m1 496656 0 0.5 p1 1332 2
150 134263 m2 882597 0 0.5 p1 1342 16
284 135379 m3 318203 -0.00499999989 0.5 p1 1353 7
73 136380 m2 804397 0 0.5 p1 1363 7
115 136587 m1 202983 0 0.5 p1 1365 9
211 137423 m3 335633 -0.00499999989 0.5 p1 1373 2
118 137936 m1 246954 0 0.5 p1 1378 9
291 137937 m1 476665 0 0.5 p1 1378 7
232 138114 m1 494285 0 0.5 p1 1379 2
294 138605 m1 501778 0 0.5 p1 1384 7
122 138644 m1 296387 0 0.5 p1 1385 9
17 138936 m1 200101 0 0.5 p1 1388 10
238 139276 m3 619945 -0.00499999989 0.5 p1 1391 2
290 139952 m1 412100 0 0.5 p1 1398 7
275 140126 m1 42803 0 0.5 p1 1399 8
120 140231 m1 278410 0 0.5 p1 1400 9
76 140321 m3 820476 -0.00499999989 0.5 p1 1401 4
55 140432 m1 567831 0 0.5 p1 1402 10
61 140433 m1 666544 0 0.5 p1 1402 11
231 140527 m1 493296 0 0.5 p1 1403 2
237 140687 m2 603329 0 0.5 p1 1405 2
393 141486 m4 871660 0.00100000005 0.5 p1 1413 1
67 141689 m4 768562 0.00100000005 0.5 p1 1415 5
0 141731 m1 8254 0 0.5 p1 1415 10
98 142336 m1 69711 0 0.5 p1 1421 9
18 142708 m1 212211 0 0.5 p1 1424 7
108 142963 m4 143566 0.00100000005 0.5 p1 1427 10
242 143394 m1 696577 0 0.5 p1 1432 2
41 143705 m1 418053 0 0.5 p1 1435 11
54 145679 m1 548801 0 0.5 p1 1455 10
71 146523 m3 795581 -0.00499999989 0.5 p1 1463 5
274 146781 m1 36817 0 0.5 p1 1465 8
35 147034 m2 354029 0 0.5 p1 1468 11
86 147093 m1 978688 0 0.5 p1 1469 3
194 148073 m1 236164 0 0.5 p1 1479 1
241 148085 m1 692000 0 0.5 p1 1479 2
63 148256 m3 703816 -0.00499999989 0.5 p1 1481 15
197 148531 m1 257121 0 0.5 p1 1483 1
138 149335 m3 740934 -0.00499999989 0.5 p1 1491 3
276 150031 m1 43885 0 0.5 p1 1498 8
4 150079 m1 25168 0 0.5 p1 1499 9
42 150333 m1 426272 0 0.5 p1 1501 11
60 150345 m1 660322 0 0.5 p1 1502 11
137 150732 m3 735024 -0.00499999989 0.5 p1 1505 3
170 151143 m1 575001 0 0.5 p1 1509 8
113 151455 m3 178753 -0.00499999989 0.5 p1 1512 10
95 151575 m1 56594 0 0.5 p1 1514 9
89 152434 m1 986785 0 0.5 p1 1522 3
119 152680 m1 247169 0 0.5 p1 1525 9
223 155061 m1 407478 0 0.5 p1 1549 2
157 157625 m1 952230 0 0.5 p1 1574 16
286 157713 m2 345049 0 0.5 p1 1575 7
210 157916 m2 330337 0 0.5 p1 1577 2
392 157952 m3 816832 -0.00499999989 0.5 p1 1578 1
57 158252 m4 618889 0.00100000005 0.5 p1 1581 10
9 158298 m1 89427 0 0.5 p1 1581 11
83 158611 m1 947660 0 0.5 p1 1584 3
85 158955 m1 977621 0 0.5 p1 1588 3
6 159239 m1 55145 0 0.5 p1 1591 9
397 159345 m1 901857 0 0.5 p1 1593 1
296 159759 m1 514002 0 0.5 p1 1597 7
69 159760 m2 792677 0 0.5 p1 1597 3
178 160572 m2 779127 0 0.5 p1 1605 14
234 161256 m1 541385 0 0.5 p1 1612 2
140 161404 m2 750233 0 0.5 p1 1613 1
7 161426 m1 56129 0 0.5 p1 1613 9
101 162158 m1 87016 0 0.5 p1 1621 4
183 162204 m1 988679 0 0.5 p1 1622 8
84 162621 m1 977277 0 0.5 p1 1626 3
227 162833 m1 462754 0 0.5 p1 1628 2
185 162878 m1 1653 0 0.5 p1 1628 1
65 163006 m2 735298 0 0.5 p1 1630 9
158 163027 m1 955854 0 0.5 p1 1630 1
52 163232 m1 522137 0 0.5 p1 1632 8
3 163241 m1 25166 0 0.5 p1 1632 9
400 163836 m1 998967 0 0.5 p1 1638 1
298 163888 m1 654414 0 0.5 p1 1638 5
348 164171 m1 294715 0 0.5 p1 1641 2
297 164657 m1 515017 0 0.5 p1 1646 5
305 164744 m1 961788 0 0.5 p1 1647 5
133 165004 m1 697594 0 0.5 p1 1650 3
128 165510 m1 456634 0 0.5 p1 1655 3
340 165511 m1 227396 0 0.5 p1 1655 2
134 166321 m3 713643 -0.00499999989 0.5 p1 1663 3
254 166356 m1 914117 0 0.5 p1 1664 2
229 166527 m1 466864 0 0.5 p1 1665 2
111 166890 m4 174128 0.00100000005 0.5 p1 1669 5
121 166973 m1 292106 0 0.5 p1 1670 8
304 167127 m3 877610 -0.00499999989 0.5 p1 1671 5
127 167203 m1 410831 0 0.5 p1 1672 3
271 167641 m1 2757 0 0.5 p1 1676 3
189 167702 m4 122789 0.00100000005 0.5 p1 1677 1
344 168097 m1 280599 0 0.5 p1 1681 2
423 168164 m2 170880 0 0.5 p1 1681 1
177 168313 m3 761088 -0.00499999989 0.5 p1 1683 8
216 168351 m2 375971 0 0.5 p1 1683 2
251 168575 m2 864677 0 0.5 p1 1686 2
135 168912 m2 717339 0 0.5 p1 1689 3
243 169131 m2 702529 0 0.5 p1 1691 2
123 169549 m3 308271 -0.00499999989 0.5 p1 1696 3
96 169969 m1 57528 0 0.5 p1 1700 4
136 170152 m2 719139 0 0.5 p1 1702 1
205 170210 m4 301037 0.00100000005 0.5 p1 1702 1
184 170260 m1 992855 0 0.5 p1 1703 8
326 170274 m2 701986 0 0.5 p1 1703 2
301 170491 m2 787380 0 0.5 p1 1705 5
306 170709 m1 991866 0 0.5 p1 1707 5
87 170807 m1 982749 0 0.5 p1 1708 3
332 171078 m1 32623 0 0.5 p1 1710 2
318 171226 m1 442858 0 0.5 p1 1712 2
26 171339 m1 281923 0 0.5 p1 1713 8
212 171597 m2 338580 0 0.5 p1 1715 2
235 171598 m1 555232 0 0.5 p1 1715 2
70 171642 m4 793454 0.00100000005 0.5 p1 1716 3
411 171872 m1 249204 0 0.5 p1 1718 1
313 172108 m2 388845 0 0.5 p1 1721 2
278 172401 m1 50210 0 0.5 p1 1724 3
13 172405 m3 152880 -0.00499999989 0.5 p1 1724 9
82 172672 m1 910960 0 0.5 p1 1727 3
289 173353 m1 411534 0 0.5 p1 1734 5
314 173398 m1 412125 0 0.5 p1 1734 2
126 173405 m1 407321 0 0.5 p1 1734 3
283 173549 m2 302053 0 0.5 p1 1736 7
187 173558 m1 37916 0 0.5 p1 1736 2
186 174067 m1 25112 0 0.5 p1 1742 2
287 174105 m2 385338 0 0.5 p1 1742 5
28 174131 m1 286441 0 0.5 p1 1742 8
277 174192 m1 45079 0 0.5 p1 1743 3
249 174587 m2 823104 0 0.5 p1 1747 2
88 174725 m1 985501 0 0.5 p1 1748 3
399 175161 m1 961620 0 0.5 p1 1753 1
190 175181 m3 124636 -0.00499999989 0.5 p1 1753 1
320 175472 m1 506043 0 0.5 p1 1756 2
14 175657 m4 160315 0.00100000005 0.5 p1 1758 9
37 175726 m2 384973 0 0.5 p1 1759 8
345 175731 m1 282201 0 0.5 p1 1759 2
327 175898 m3 704916 -0.00499999989 0.5 p1 1760 2
143 176085 m2 799723 0 0.5 p1 1762 1
299 176933 m1 660209 0 0.5 p1 1770 5
339 176936 m1 207721 0 0.5 p1 1771 2
59 177111 m4 641438 0.00100000005 0.5 p1 1772 7
22 177276 m1 247221 0 0.5 p1 1774 8
58 177436 m2 622534 0 0.5 p1 1776 7
341 177449 m1 232457 0 0.5 p1 1776 2
322 177578 m1 526209 0 0.5 p1 1777 2
347 177599 m1 293857 0 0.5 p1 1777 2
256 177630 m1 937424 0 0.5 p1 1778 2
141 177843 m2 761634 0 0.5 p1 1780 1
171 178004 m1 596696 0 0.5 p1 1782 6
398 178424 m1 951050 0 0.5 p1 1786 1
346 178764 m1 287061 0 0.5 p1 1789 2
352 179179 m1 483447 0 0.5 p1 1794 2
350 179180 m3 336282 -0.00499999989 0.5 p1 1794 2
273 179268 m1 18637 0 0.5 p1 1794 3
396 179299 m3 893278 -0.00499999989 0.5 p1 1795 1
80 179324 m1 906833 0 0.5 p1 1795 3
282 179979 m1 270793 0 0.5 p1 1801 7
325 180109 m1 697435 0 0.5 p1 1802 2
343 180128 m1 270659 0 0.5 p1 1803 2
333 180216 m1 43433 0 0.5 p1 1804 2
107 180495 m2 134752 0 0.5 p1 1806 1
258 180530 m1 986449 0 0.5 p1 1807 2
259 180704 m4 104527 0.00100000005 0.5 p1 1809 2
56 180712 m1 597011 0 0.5 p1 1809 7
200 180776 m1 279377 0 0.5 p1 1809 1
330 181160 m2 786602 0 0.5 p1 1813 2
226 181197 m1 461480 0 0.5 p1 1814 2
337 181200 m4 127694 0.00100000005 0.5 p1 1814 2
358 181362 m1 665940 0 0.5 p1 1815 2
403 182020 m1 87837 0 0.5 p1 1821 2
124 182128 m3 343662 -0.00499999989 0.5 p1 1822 1
312 182192 m2 380650 0 0.5 p1 1823 2
228 182221 m1 462983 0 0.5 p1 1823 2
328 182262 m2 730848 0 0.5 p1 1824 2
402 182362 m1 39516 0 0.5 p1 1825 2
47 182639 m1 489346 0 0.5 p1 1827 8
191 182672 m3 177440 -0.00499999989 0.5 p1 1828 1
142 182779 m2 773121 0 0.5 p1 1829 1
2 182956 m1 12078 0 0.5 p1 1830 1
413 182964 m1 269008 0 0.5 p1 1830 1
246 183200 m3 751784 -0.00499999989 0.5 p1 1832 2
180 183208 m3 792458 -0.00499999989 0.5 p1 1833 6
188 183406 m1 61055 0 0.5 p1 1835 2
179 183430 m3 791105 -0.00499999989 0.5 p1 1835 6
151 183581 m2 882956 0 0.5 p1 1836 1
281 183715 m1 264720 0 0.5 p1 1837 5
300 183929 m3 726519 -0.00499999989 0.5 p1 1840 5
367 184002 m1 934580 0 0.5 p1 1840 2
414 184003 m1 298403 0 0.5 p1 1840 1
164 184046 m1 72722 0 0.5 p1 1841 6
353 184198 m1 491414 0 0.5 p1 1842 2
145 184355 m2 827986 0 0.5 p1 1844 1
40 184405 m4 393202 0.00100000005 0.5 p1 1844 1
422 184500 m1 28765 0 0.5 p1 1845 1
342 184561 m1 235601 0 0.5 p1 1846 2
364 184609 m3 834356 -0.00499999989 0.5 p1 1846 2
182 184613 m2 818153 0 0.5 p1 1846 6
272 185053 m1 11871 0 0.5 p1 1851 3
131 185270 m1 530257 0 0.5 p1 1853 1
253 185291 m1 909785 0 0.5 p1 1853 2
43 185297 m1 427640 0 0.5 p1 1853 1
349 185536 m2 323424 0 0.5 p1 1856 2
260 185655 m3 134283 -0.00499999989 0.5 p1 1857 2
366 185716 m1 930138 0 0.5 p1 1858 2
93 185852 m1 40159 0 0.5 p1 1859 1
354 185896 m1 594872 0 0.5 p1 1859 2
295 185963 m1 504611 0 0.5 p1 1860 5
417 186092 m1 671485 0 0.5 p1 1861 1
103 186414 m1 96583 0 0.5 p1 1865 1
68 186762 m3 786826 -0.00499999989 0.5 p1 1868 1
91 186871 m1 22874 0 0.5 p1 1869 1
280 186943 m1 237275 0 0.5 p1 1870 5
356 187009 m1 651955 0 0.5 p1 1871 2
250 187282 m3 840956 -0.00499999989 0.5 p1 1874 2
252 187283 m3 870807 -0.00499999989 0.5 p1 1874 2
292 187335 m1 482237 0 0.5 p1 1874 5
38 187567 m4 386438 0.00100000005 0.5 p1 1877 1
401 187592 m1 18352 0 0.5 p1 1877 2
418 187758 m1 682136 0 0.5 p1 1879 1
321 187761 m1 518157 0 0.5 p1 1879 2
207 187779 m2 325555 0 0.5 p1 1879 1
94 188048 m1 51320 0 0.5 p1 1881 1
309 188288 m1 269243 0 0.5 p1 1884 2
198 188375 m1 263634 0 0.5 p1 1885 1
5 188422 m1 42647 0 0.5 p1 1885 1
255 188550 m1 916439 0 0.5 p1 1886 2
125 188590 m3 348726 -0.00499999989 0.5 p1 1887 1
410 188657 m1 238949 0 0.5 p1 1888 1
202 188748 m1 291515 0 0.5 p1 1888 1
195 188753 m1 244652 0 0.5 p1 1889 1
75 188820 m2 819609 0 0.5 p1 1889 1
331 188829 m3 809514 -0.00499999989 0.5 p1 1889 2
405 188830 m3 193962 -0.00499999989 0.5 p1 1889 2
19 189080 m1 220205 0 0.5 p1 1892 1
46 189152 m1 483054 0 0.5 p1 1893 1
361 189321 m3 735182 -0.00499999989 0.5 p1 1894 2
351 189368 m1 471097 0 0.5 p1 1895 2
323 189389 m1 543332 0 0.5 p1 1895 2
248 189615 m3 807405 -0.00499999989 0.5 p1 1897 1
129 189669 m1 510744 0 0.5 p1 1898 1
8 189828 m1 66552 0 0.5 p1 1899 1
267 189971 m3 872102 -0.00499999989 0.5 p1 1901 5
391 190170 m4 809171 0.00100000005 0.5 p1 1903 1
240 190201 m1 658545 0 0.5 p1 1903 1
359 190220 m1 694515 0 0.5 p1 1903 2
160 190240 m1 16047 0 0.5 p1 1903 5
269 190241 m1 936614 0 0.5 p1 1903 4
230 190807 m1 486700 0 0.5 p1 1909 1
176 190954 m4 748054 0.00100000005 0.5 p1 1910 2
416 191213 m2 391034 0 0.5 p1 1913 1
336 191295 m1 85629 0 0.5 p1 1914 2
144 191296 m3 821822 -0.00499999989 0.5 p1 1914 1
302 191358 m4 831166 0.00100000005 0.5 p1 1915 5
288 191359 m3 395567 -0.00499999989 0.5 p1 1915 5
174 191438 m1 693274 0 0.5 p1 1916 1
45 191505 m1 482337 0 0.5 p1 1916 1
365 191517 m1 929766 0 0.5 p1 1916 2
293 191566 m1 490481 0 0.5 p1 1917 5
268 191688 m4 873894 0.00100000005 0.5 p1 1918 4
310 191748 m1 278818 0 0.5 p1 1919 2
193 191787 m1 232061 0 0.5 p1 1919 1
50 191845 m1 511808 0 0.5 p1 1920 1
48 191846 m1 501993 0 0.5 p1 1920 1
404 191966 m4 146631 0.00100000005 0.5 p1 1921 2
167 192011 m2 300782 0 0.5 p1 1921 6
430 192029 m1 12737 0 0.5 p1 1922 1
257 192293 m1 963462 0 0.5 p1 1924 1
415 192329 m3 326170 -0.00499999989 0.5 p1 1925 1
335 192412 m1 63484 0 0.5 p1 1925 2
355 192413 m1 599888 0 0.5 p1 1925 2
44 192520 m1 436757 0 0.5 p1 1927 1
225 192579 m1 459579 0 0.5 p1 1927 1
147 192688 m3 846256 -0.00499999989 0.5 p1 1928 1
173 192689 m1 668627 0 0.5 p1 1928 1
303 192716 m2 868960 0 0.5 p1 1929 5
162 192728 m1 22341 0 0.5 p1 1929 5
319 192940 m1 452346 0 0.5 p1 1931 2
181 193140 m4 804886 0.00100000005 0.5 p1 1933 1
20 193142 m1 221004 0 0.5 p1 1933 1
394 193194 m3 881976 -0.00499999989 0.5 p1 1933 1
412 193198 m1 250412 0 0.5 p1 1933 1
192 193203 m1 225054 0 0.5 p1 1933 1
168 193309 m1 409872 0 0.5 p1 1934 6
315 193344 m1 422191 0 0.5 p1 1935 2
334 193370 m1 47302 0 0.5 p1 1935 2
100 193456 m1 76394 0 0.5 p1 1936 1
165 193525 m1 251864 0 0.5 p1 1937 6
408 193545 m1 82416 0 0.5 p1 1937 1
247 193668 m3 760473 -0.00499999989 0.5 p1 1938 1
132 193743 m1 686422 0 0.5 p1 1939 1
196 193807 m1 248648 0 0.5 p1 1939 1
239 193825 m3 649115 -0.00499999989 0.5 p1 1940 1
421 193869 m4 855596 0.00100000005 0.5 p1 1940 1
329 193955 m3 738062 -0.00499999989 0.5 p1 1941 2
270 194107 m1 968414 0 0.5 p1 1942 3
435 194207 m1 656467 0 0.5 p1 1943 1
159 194273 m1 980383 0 0.5 p1 1944 1
154 194373 m1 900410 0 0.5 p1 1945 1
375 194590 m2 190254 0 0.5 p1 1947 1
105 194735 m3 100036 -0.00499999989 0.5 p1 1949 1
378 194840 m4 821607 0.00100000005 0.5 p1 1950 1
104 194934 m1 97848 0 0.5 p1 1951 1
407 194989 m1 25699 0 0.5 p1 1951 1
264 195060 m1 658982 0 0.5 p1 1952 4
166 195326 m1 287932 0 0.5 p1 1954 1
261 195428 m3 143888 -0.00499999989 0.5 p1 1955 1
431 195435 m1 59798 0 0.5 p1 1955 1
244 195437 m2 724093 0 0.5 p1 1956 1
262 195566 m2 167700 0 0.5 p1 1957 1
311 195803 m1 286197 0 0.5 p1 1959 1
419 195820 m3 757084 -0.00499999989 0.5 p1 1959 1
376 195842 m1 268730 0 0.5 p1 1960 1
436 195930 m1 684750 0 0.5 p1 1960 1
428 196009 m2 812754 0 0.5 p1 1961 1
363 196182 m3 822290 -0.00499999989 0.5 p1 1963 2
425 196204 m3 309112 -0.00499999989 0.5 p1 1963 1
373 196371 m1 60629 0 0.5 p1 1965 1
245 196642 m3 742547 -0.00499999989 0.5 p1 1968 1
360 196806 m1 697309 0 0.5 p1 1970 2
175 196817 m2 707588 0 0.5 p1 1970 1
316 197064 m1 427144 0 0.5 p1 1972 1
385 197159 m3 373256 -0.00499999989 0.5 p1 1973 1
62 197231 m1 680282 0 0.5 p1 1974 1
317 197234 m1 436963 0 0.5 p1 1974 1
368 197254 m2 158664 0 0.5 p1 1974 1
161 197258 m1 17995 0 0.5 p1 1974 1
382 197277 m4 364254 0.00100000005 0.5 p1 1975 1
427 197297 m4 644094 0.00100000005 0.5 p1 1975 1
308 197345 m2 162807 0 0.5 p1 1975 1
420 197389 m2 822568 0 0.5 p1 1976 1
130 197395 m1 520544 0 0.5 p1 1976 1
266 197506 m3 868155 -0.00499999989 0.5 p1 1977 1
369 197723 m1 274661 0 0.5 p1 1979 1
384 197741 m1 971457 0 0.5 p1 1979 1
388 197809 m1 272752 0 0.5 p1 1980 1
169 197898 m1 446710 0 0.5 p1 1981 1
409 197914 m3 110395 -0.00499999989 0.5 p1 1981 1
362 197984 m2 805698 0 0.5 p1 1982 2
426 198019 m1 457139 0 0.5 p1 1982 1
279 198083 m1 98421 0 0.5 p1 1983 2
383 198148 m3 605731 -0.00499999989 0.5 p1 1983 1
370 198253 m1 411569 0 0.5 p1 1984 1
371 198325 m1 503839 0 0.5 p1 1985 1
432 198347 m1 260713 0 0.5 p1 1985 1
139 198392 m2 742871 0 0.5 p1 1986 1
389 198540 m2 607115 0 0.5 p1 1987 1
386 198585 m2 398821 0 0.5 p1 1988 1
372 198645 m1 37985 0 0.5 p1 1989 1
265 198777 m1 680080 0 0.5 p1 1990 1
374 198798 m4 154350 0.00100000005 0.5 p1 1990 1
377 198799 m1 495598 0 0.5 p1 1990 1
307 198849 m3 610250 -0.00499999989 0.5 p1 1991 1
406 198884 m1 669559 0 0.5 p1 1991 1
390 198912 m3 633517 -0.00499999989 0.5 p1 1991 1
338 198946 m3 128731 -0.00499999989 0.5 p1 1992 2
433 199030 m1 520645 0 0.5 p1 1993 1
380 199034 m3 395678 -0.00499999989 0.5 p1 1993 1
324 199073 m1 691293 0 0.5 p1 1993 1
381 199121 m4 301392 0.00100000005 0.5 p1 1993 1
429 199149 m1 911538 0 0.5 p1 1994 1
424 199150 m1 210980 0 0.5 p1 1994 1
434 199169 m1 570633 0 0.5 p1 1994 1
221 199198 m2 397995 0 0.5 p1 1994 1
49 199215 m1 502694 0 0.5 p1 1994 1
25 199216 m1 258038 0 0.5 p1 1994 1
395 199374 m4 883789 0.00100000005 0.5 p1 1996 1
163 199376 m1 60991 0 0.5 p1 1996 1
263 199469 m1 247157 0 0.5 p1 1997 1
236 199510 m1 563586 0 0.5 p1 1997 1
357 199511 m1 656338 0 0.5 p1 1998 2
379 199571 m1 920977 0 0.5 p1 1998 1
387 199637 m1 918420 0 0.5 p1 1999 1
Genomes:
p1:0 A 0 1 2 3 4 5 6 7 8 9 10 11 12 13 14 15 16 17 18 19 20 21 22 23 24 25 26 27 28 29 30 31 32 33 34 35 36 37 38 39 40 41 42 43 44 45 46 47 48 49 50 51 52 53 54 55 56 57 58 59 60 61 62 63 64 65 66 67 68 69 70 71 72 73 74 75 76 77 78 79 80 81 82 83 84 85 86 87 88 89
p1:1 A 90 91 92 93 94 95 96 97 98 99 100 101 102 103 104 105 106 107 108 109 110 111 112 113 114 115 116 117 118 119 120 27 121 122 30 31 123 32 33 124 125 34 35 36 39 126 127 41 42 128 129 130 51 131 53 54 55 57 60 61 132 133 134 135 136 64 137 66 138 139 140 141 142 143 72 73 74 144 145 146 147 148 149 150 151 152 153 154 155 156 157 158 159
p1:2 A 0 1 160 161 162 3 4 6 7 163 164 9 10 11 12 13 14 15 16 17 18 21 22 23 165 24 26 27 28 166 29 30 167 31 32 33 34 35 36 37 39 168 41 42 169 47 51 52 170 171 172 60 61 173 174 63 175 64 65 66 176 177 178 179 180 181 182 146 148 149 150 152 153 155 156 157 183 184
p1:3 A 185 90 186 187 188 9 189 190 10 11 12 191 16 192 193 194 117 195 196 197 198 199 200 201 202 203 204 205 206 207 208 209 210 211 212 213 214 215 216 217 218 219 220 221 222 223 224 225 226 227 228 229 230 231 232 233 234 235 236 237 238 239 240 241 242 243 244 245 246 247 67 71 72 73 74 248 249 250 146 148 251 149 252 150 152 153 155 156 253 254 255 256 157 257 258
p1:4 A 0 1 3 4 6 7 9 259 10 260 11 261 12 13 14 262 15 16 17 116 21 263 22 23 165 24 26 27 28 29 30 167 31 32 33 34 35 36 37 39 168 41 42 47 51 52 53 54 55 56 57 58 59 264 60 61 265 63 64 65 66 177 178 179 180 182 146 148 266 149 267 268 150 152 153 155 156 269 157 270 183 184
p1:5 A 271 272 90 273 274 275 276 277 278 95 96 97 98 99 101 102 279 106 108 109 110 111 112 113 114 115 116 280 117 118 119 281 282 120 27 121 122 30 283 31 32 284 33 285 286 34 36 287 39 288 289 290 291 292 293 294 295 296 297 51 170 171 172 298 299 63 64 300 66 178 301 302 146 148 149 303 304 150 152 153 155 156 157 305 306
p1:6 A 271 272 90 273 274 275 276 277 278 95 96 97 98 99 101 102 279 106 108 109 110 111 112 113 114 115 116 280 117 118 119 281 282 120 27 121 122 30 283 31 32 284 33 285 286 34 36 287 39 288 289 290 291 292 293 294 295 296 297 51 170 171 307 172 298 299 63 64 300 66 178 301 302 146 148 149 303 304 150 152 153 155 156 157 305 306
p1:7 A 0 1 3 4 6 7 9 259 10 260 11 12 13 14 308 15 16 17 116 117 118 119 309 282 120 310 27 311 121 122 30 283 31 32 284 33 285 286 34 36 312 313 39 290 314 315 316 317 318 319 291 294 320 296 321 51 322 323 170 172 324 325 326 63 327 64 328 65 66 329 177 178 330 331 146 148 149 150 152 153 155 156 157 183 184
p1:8 A 90 332 274 275 333 276 334 95 97 335 98 99 336 102 106 337 338 108 109 110 112 113 114 115 116 339 21 340 341 342 23 24 343 344 345 27 346 347 348 29 30 31 123 32 33 349 350 34 35 36 39 126 127 41 42 128 351 352 353 51 53 54 55 354 355 57 356 357 60 358 61 359 360 133 134 135 64 137 361 66 138 67 69 70 71 72 73 74 362 76 363 77 364 78 79 80 81 82 365 366 367 83 84 85 86 87 88 89
p1:9 A 0 1 160 162 3 4 6 7 164 9 10 11 12 13 368 14 15 16 17 18 21 22 23 165 24 369 26 27 28 29 30 167 31 32 33 34 35 36 37 39 168 370 41 42 47 371 51 52 53 54 55 56 57 58 59 264 60 61 63 64 65 66 177 178 179 180 182 146 148 149 267 268 150 152 153 155 156 269 157 270 183 184
p1:10 A 0 1 160 162 3 4 372 6 7 373 164 9 10 11 12 13 374 14 15 16 375 17 18 21 22 23 165 24 376 26 27 28 29 30 167 31 32 33 34 35 36 37 39 168 41 42 47 377 51 52 53 54 55 56 57 58 59 60 61 63 64 65 66 177 178 179 180 182 378 146 148 149 267 268 150 152 153 155 156 379 269 157 183 184
p1:11 A 271 272 90 273 274 275 276 277 278 95 96 97 98 99 101 102 106 108 109 110 111 112 113 114 115 116 280 117 118 119 281 282 120 27 121 122 30 283 31 32 284 33 285 286 34 36 287 39 288 380 289 290 291 292 293 294 295 296 297 51 170 171 172 298 299 63 64 300 66 178 301 302 146 148 149 303 304 150 152 153 155 156 157 305 306
p1:12 A 0 1 160 162 3 4 6 7 164 9 10 11 12 13 14 15 16 17 18 21 22 23 165 24 26 27 28 29 30 167 381 31 32 33 34 35 36 382 37 39 168 41 42 47 51 52 53 54 55 56 383 57 58 59 264 60 61 63 64 65 66 177 178 179 180 182 146 148 149 267 268 150 152 153 155 156 269 157 270 384 183 184
p1:13 A 0 90 186 187 188 9 106 108 109 110 111 112 113 114 115 116 280 117 118 119 281 282 120 27 121 122 30 283 31 32 284 33 285 286 34 36 385 287 39 288 386 289 290 291 292 293 294 295 296 297 51 170 171 172 298 299 63 64 300 66 178 301 302 146 148 149 303 304 150 152 153 155 156 387 157 305 306
p1:14 A 0 1 160 162 3 4 6 7 164 9 10 11 12 13 14 15 16 17 18 21 22 23 165 24 388 26 27 28 29 30 167 31 32 33 34 35 36 37 39 168 41 42 47 51 52 53 54 55 56 389 57 58 390 59 264 60 61 63 64 66 178 72 73 74 391 392 76 77 78 393 79 394 395 396 397 81 398 399 400
p1:15 A 90 401 274 402 275 276 95 97 98 99 403 102 106 108 404 109 110 112 113 405 114 115 116 280 117 118 119 281 282 120 27 121 122 30 283 31 32 284 33 285 286 34 36 287 39 288 289 290 291 292 293 294 295 296 297 51 170 171 172 298 299 406 63 64 300 66 178 301 302 146 148 149 303 304 150 152 153 155 156 157 305 306
p1:16 A 90 401 407 274 402 275 276 95 97 98 99 408 403 102 409 106 108 404 109 110 112 113 405 114 115 116 410 117 118 119 411 412 413 120 27 122 414 30 31 415 208 209 210 211 212 213 214 215 216 217 218 219 416 220 222 223 224 226 227 228 229 231 232 233 234 235 237 238 417 418 241 242 243 246 419 67 71 72 73 74 420 249 250 146 421 148 251 149 252 150 152 153 155 156 253 254 255 256 157 258
p1:17 A 90 422 274 275 276 95 97 98 99 102 106 108 109 110 423 112 113 17 116 424 117 118 119 309 282 120 310 27 121 122 30 283 31 425 32 284 33 285 286 34 36 312 313 39 290 314 315 318 319 426 291 294 320 296 321 51 322 323 170 172 427 325 326 63 327 64 328 65 66 329 177 178 330 331 428 146 148 149 150 152 153 155 156 429 157 183 184
p1:18 A 0 1 430 3 4 6 7 431 164 9 10 11 12 13 14 15 16 17 18 21 22 23 24 432 26 27 28 29 30 31 32 33 34 35 36 37 39 41 42 47 433 51 52 53 54 55 434 56 57 58 59 435 60 61 436 63 64 65 66 176 177 178 179 180 182 146 148 149 267 150 152 153 155 156 157 183 184
p1:19 A 90 332 274 275 333 276 334 95 97 335 98 99 336 102 106 337 338 108 109 110 112 113 114 115 116 339 21 340 341 342 23 24 343 344 345 27 346 347 348 29 30 31 123 32 33 349 350 34 35 36 39 126 127 41 42 128 351 352 353 51 53 54 55 354 355 57 356 357 60 358 61 359 360 133 134 135 64 137 361 66 138 67 69 70 71 72 73 74 362 76 363 77 364 78 79 80 81 82 365 366 367 83 84 85 86 87 88 89
