#OUT: 10000 SS p1 20 /Users/williarj/Desktop/pop1.txt
Mutations:
104 18030 m1 89418 0 0.5 p1 1720 20
1 19516 m1 977 0 0.5 p1 1861 20
89 19548 m1 79623 0 0.5 p1 1865 20
70 19613 m1 66857 0 0.5 p1 1871 20
100 20560 m3 85647 -0.0149115 0.1 p1 1958 20
57 21095 m4 56025 0.173944 0.8 p1 2005 20
109 25043 m1 94164 0 0.5 p1 2195 20
27 27419 m1 23142 0 0.5 p1 2308 20
75 29606 m1 70216 0 0.5 p1 2413 20
55 29637 m4 54622 0.0823601 0.8 p1 2415 20
74 29923 m3 69651 -0.0449319 0.1 p1 2427 20
76 30914 m1 70419 0 0.5 p1 2475 20
48 32295 m2 51764 0 0.5 p1 2541 20
87 32504 m1 76328 0 0.5 p1 2550 20
97 34148 m1 85033 0 0.5 p1 2630 20
86 34887 m1 74939 0 0.5 p1 2664 20
128 35153 m1 102829 0 0.5 p1 2677 20
43 36263 m1 45014 0 0.5 p1 2731 20
71 37227 m1 68370 0 0.5 p1 2776 20
39 40421 m1 41829 0 0.5 p1 2932 20
116 41353 m1 97276 0 0.5 p1 2975 20
92 42386 m4 82143 0.157627 0.8 p1 3025 20
61 43168 m1 59606 0 0.5 p1 3061 20
47 43276 m1 51440 0 0.5 p1 3066 20
63 45040 m1 60931 0 0.5 p1 3152 20
51 46352 m1 52941 0 0.5 p1 3217 20
68 48956 m1 66698 0 0.5 p1 3340 20
33 49059 m3 26843 -0.00811691 0.1 p1 3344 20
107 51601 m1 91364 0 0.5 p1 3466 20
77 52463 m1 71810 0 0.5 p1 3509 20
32 53424 m2 26800 0 0.5 p1 3556 20
102 55047 m1 86623 0 0.5 p1 3634 20
60 55852 m1 58429 0 0.5 p1 3672 20
3 57375 m1 1752 0 0.5 p1 3745 20
99 60198 m4 85574 0.232487 0.8 p1 3878 20
8 62249 m3 5795 -2.75455e-05 0.1 p1 3977 20
26 62751 m1 22601 0 0.5 p1 4000 20
131 63109 m1 104392 0 0.5 p1 4015 20
98 63858 m1 85090 0 0.5 p1 4052 20
127 64057 m1 102659 0 0.5 p1 4062 20
121 65024 m1 100213 0 0.5 p1 4108 20
11 67005 m1 9935 0 0.5 p1 4201 20
20 67633 m1 16055 0 0.5 p1 4231 20
96 67760 m1 84982 0 0.5 p1 4237 20
58 68205 m4 56027 0.313742 0.8 p1 4260 20
103 69616 m1 88615 0 0.5 p1 4329 20
42 70467 m1 44021 0 0.5 p1 4369 20
84 72832 m3 74629 -0.0117236 0.1 p1 4483 20
49 73039 m4 51766 0.226544 0.8 p1 4493 20
50 73992 m4 52436 0.164288 0.8 p1 4539 20
4 74636 m1 2653 0 0.5 p1 4570 20
29 74825 m1 24952 0 0.5 p1 4578 20
22 75584 m1 18270 0 0.5 p1 4615 20
122 76862 m4 101133 0.192272 0.8 p1 4675 20
91 79041 m4 80539 0.243406 0.8 p1 4781 20
125 79199 m4 101958 0.31034 0.8 p1 4789 20
101 79227 m1 86616 0 0.5 p1 4790 20
38 79332 m1 36562 0 0.5 p1 4795 20
120 80549 m4 99616 0.522168 0.8 p1 4851 20
126 80637 m2 102459 0 0.5 p1 4855 20
105 83683 m1 91058 0 0.5 p1 5000 20
88 84006 m1 78651 0 0.5 p1 5015 20
117 85799 m4 98630 0.105362 0.8 p1 5098 20
41 88894 m1 43961 0 0.5 p1 5244 20
94 89581 m4 84836 0.241032 0.8 p1 5276 20
67 89733 m3 65506 -0.00205803 0.1 p1 5282 20
46 91661 m1 49851 0 0.5 p1 5377 20
53 92756 m1 53649 0 0.5 p1 5428 20
123 94500 m3 101217 -9.71904e-07 0.1 p1 5512 20
118 96560 m4 98733 0.104939 0.8 p1 5611 20
81 100874 m1 73292 0 0.5 p1 5819 20
62 103086 m4 60012 0.148954 0.8 p1 5931 20
18 107906 m1 14824 0 0.5 p1 6158 20
31 108664 m1 25569 0 0.5 p1 6193 20
110 110331 m1 95723 0 0.5 p1 6274 20
80 112513 m3 73021 -0.0320701 0.1 p1 6375 20
0 115293 m1 868 0 0.5 p1 6506 20
34 116272 m1 28198 0 0.5 p1 6552 20
129 116486 m1 102849 0 0.5 p1 6562 20
113 116688 m4 96351 0.421902 0.8 p1 6572 20
65 118851 m1 61651 0 0.5 p1 6675 20
21 119696 m1 16504 0 0.5 p1 6716 20
64 123153 m1 61184 0 0.5 p1 6878 20
54 124679 m4 54546 0.424436 0.8 p1 6953 20
17 124877 m1 14542 0 0.5 p1 6963 20
7 125632 m3 5627 -0.00339551 0.1 p1 6999 20
82 125687 m1 74225 0 0.5 p1 7002 20
14 129319 m4 12933 0.16499 0.8 p1 7177 20
66 129447 m1 63264 0 0.5 p1 7183 20
69 131465 m3 66777 -0.00209568 0.1 p1 7278 20
83 131719 m3 74566 -0.0271247 0.1 p1 7291 20
56 132617 m4 55248 0.380098 0.8 p1 7335 20
114 136808 m4 96989 0.0633039 0.8 p1 7533 20
12 137810 m1 10804 0 0.5 p1 7582 20
9 139412 m3 6093 -0.00027221 0.1 p1 7660 20
79 141532 m1 72841 0 0.5 p1 7761 20
72 143135 m1 68729 0 0.5 p1 7839 20
59 143342 m1 57099 0 0.5 p1 7849 20
93 145647 m4 84250 0.475725 0.8 p1 7960 20
90 145742 m2 79866 0 0.5 p1 7964 20
19 146132 m1 14853 0 0.5 p1 7983 20
115 150159 m4 97110 0.247372 0.8 p1 8176 20
16 150990 m1 14234 0 0.5 p1 8215 20
2 151770 m1 1720 0 0.5 p1 8253 20
24 151918 m1 19953 0 0.5 p1 8260 20
28 152773 m1 23825 0 0.5 p1 8298 20
25 153115 m4 20165 0.262441 0.8 p1 8315 20
10 153465 m3 6523 -3.08586e-05 0.1 p1 8332 20
112 153561 m1 95845 0 0.5 p1 8336 20
15 155915 m4 13605 0.2148 0.8 p1 8447 20
73 156081 m4 69029 0.35789 0.8 p1 8455 13
139 160119 m4 71864 0.160752 0.8 p1 8648 7
6 163722 m2 5046 0 0.5 p1 8820 20
136 163992 m4 58064 0.213012 0.8 p1 8833 14
45 166024 m1 49145 0 0.5 p1 8928 7
106 166244 m1 91188 0 0.5 p1 8939 20
138 167564 m1 67380 0 0.5 p1 8999 7
37 168691 m4 34309 0.134085 0.8 p1 9052 20
119 171482 m2 99588 0 0.5 p1 9183 20
85 172127 m1 74828 0 0.5 p1 9214 13
13 172132 m4 12083 0.191549 0.8 p1 9214 20
111 172764 m1 95819 0 0.5 p1 9245 20
5 172766 m3 3855 -0.00634912 0.1 p1 9245 20
124 173170 m4 101228 0.219198 0.8 p1 9265 20
78 173881 m1 72061 0 0.5 p1 9298 13
30 175733 m4 25394 0.202934 0.8 p1 9385 20
52 176523 m4 53124 0.10523 0.8 p1 9422 7
135 176823 m1 47449 0 0.5 p1 9435 13
44 177478 m1 46972 0 0.5 p1 9468 7
23 179117 m1 18938 0 0.5 p1 9543 7
133 179507 m1 22781 0 0.5 p1 9563 13
95 179650 m4 84899 0.151841 0.8 p1 9570 20
144 182454 m1 10413 0 0.5 p1 9704 7
134 182860 m1 42142 0 0.5 p1 9724 4
40 183959 m1 42958 0 0.5 p1 9779 7
140 183993 m1 88233 0 0.5 p1 9781 4
132 184123 m1 7387 0 0.5 p1 9787 4
137 184510 m1 67208 0 0.5 p1 9805 4
143 184992 m1 79594 0 0.5 p1 9826 1
146 185079 m1 99349 0 0.5 p1 9830 3
142 185158 m1 63765 0 0.5 p1 9834 1
108 185208 m1 93590 0 0.5 p1 9836 3
36 185834 m3 31540 -6.23876e-08 0.1 p1 9865 5
130 186015 m1 103831 0 0.5 p1 9874 3
35 186199 m3 28915 -0.00375235 0.1 p1 9884 5
152 186307 m1 59569 0 0.5 p1 9889 1
141 186889 m1 28557 0 0.5 p1 9917 1
154 187251 m3 89121 -0.000131674 0.1 p1 9935 1
151 187344 m1 54887 0 0.5 p1 9940 1
145 187541 m1 1325 0 0.5 p1 9949 1
149 187582 m1 1110 0 0.5 p1 9951 1
150 187890 m1 59100 0 0.5 p1 9966 1
148 187984 m1 86060 0 0.5 p1 9971 1
147 188129 m3 5069 -0.0611569 0.1 p1 9978 1
153 188434 m1 3673 0 0.5 p1 9992 1
Genomes:
p1:0 A 0 1 2 3 4 5 6 7 8 9 10 11 12 13 14 15 16 17 18 19 20 21 22 23 24 25 26 27 28 29 30 31 32 33 34 35 36 37 38 39 40 41 42 43 44 45 46 47 48 49 50 51 52 53 54 55 56 57 58 59 60 61 62 63 64 65 66 67 68 69 70 71 72 73 74 75 76 77 78 79 80 81 82 83 84 85 86 87 88 89 90 91 92 93 94 95 96 97 98 99 100 101 102 103 104 105 106 107 108 109 110 111 112 113 114 115 116 117 118 119 120 121 122 123 124 125 126 127 128 129 130 131
p1:1 A 0 1 2 3 4 5 6 7 8 9 10 132 11 12 13 14 15 16 17 18 19 20 21 22 24 25 26 133 27 28 29 30 31 32 33 34 37 38 39 134 41 42 43 135 46 47 48 49 50 51 53 54 55 56 57 58 59 136 60 61 62 63 64 65 66 67 68 69 70 137 138 71 72 74 75 76 77 139 79 80 81 82 83 84 86 87 88 89 90 91 92 93 94 95 96 97 98 99 100 101 102 140 103 104 105 106 107 109 110 111 112 113 114 115 116 117 118 119 120 121 122 123 124 125 126 127 128 129 131
p1:2 A 0 1 2 3 4 5 6 7 8 9 10 11 12 13 14 15 16 17 18 19 20 21 22 24 25 26 133 27 28 29 30 31 32 33 34 141 37 38 39 41 42 43 135 46 47 48 49 50 51 53 54 55 56 57 58 59 136 60 61 62 63 64 65 66 142 67 68 69 70 138 71 72 74 75 76 77 139 79 80 81 82 83 84 86 87 88 143 89 90 91 92 93 94 95 96 97 98 99 100 101 102 103 104 105 106 107 109 110 111 112 113 114 115 116 117 118 119 120 121 122 123 124 125 126 127 128 129 131
p1:3 A 0 1 2 3 4 5 6 7 8 9 10 11 144 12 13 14 15 16 17 18 19 20 21 22 24 25 26 133 27 28 29 30 31 32 33 34 37 38 39 41 42 43 135 46 47 48 49 50 51 53 54 55 56 57 58 59 136 60 61 62 63 64 65 66 67 68 69 70 71 72 73 74 75 76 77 78 79 80 81 82 83 84 85 86 87 88 89 90 91 92 93 94 95 96 97 98 99 100 101 102 103 104 105 106 107 109 110 111 112 113 114 115 116 117 118 119 120 121 122 123 124 125 126 127 128 129 131
p1:4 A 0 1 2 3 4 5 6 7 8 9 10 11 12 13 14 15 16 17 18 19 20 21 22 24 25 26 133 27 28 29 30 31 32 33 34 37 38 39 41 42 43 135 46 47 48 49 50 51 53 54 55 56 57 58 59 136 60 61 62 63 64 65 66 67 68 69 70 138 71 72 74 75 76 77 139 79 80 81 82 83 84 86 87 88 89 90 91 92 93 94 95 96 97 98 99 100 101 102 103 104 105 106 107 109 110 111 112 113 114 115 116 117 118 119 120 121 122 123 124 125 126 127 128 129 131
p1:5 A 0 1 145 2 3 4 5 6 7 8 9 10 11 12 13 14 15 16 17 18 19 20 21 22 23 24 25 26 27 28 29 30 31 32 33 34 37 38 39 40 41 42 43 44 45 46 47 48 49 50 51 52 53 54 55 56 57 58 59 60 61 62 63 64 65 66 67 68 69 70 71 72 73 74 75 76 77 78 79 80 81 82 83 84 85 86 87 88 89 90 91 92 93 94 95 96 97 98 99 100 101 102 103 104 105 106 107 109 110 111 112 113 114 115 116 117 118 146 119 120 121 122 123 124 125 126 127 128 129 131
p1:6 A 0 1 2 3 4 5 6 7 8 9 10 11 144 12 13 14 15 16 17 18 19 20 21 22 24 25 26 133 27 28 29 30 31 32 33 34 37 38 39 41 42 43 135 46 47 48 49 50 51 53 54 55 56 57 58 59 136 60 61 62 63 64 65 66 67 68 69 70 71 72 73 74 75 76 77 78 79 80 81 82 83 84 85 86 87 88 89 90 91 92 93 94 95 96 97 98 99 100 101 102 103 104 105 106 107 109 110 111 112 113 114 115 116 117 118 119 120 121 122 123 124 125 126 127 128 129 131
p1:7 A 0 1 2 3 4 5 6 7 8 9 10 11 12 13 14 15 16 17 18 19 20 21 22 23 24 25 26 27 28 29 30 31 32 33 34 35 36 37 38 39 40 41 42 43 44 45 46 47 48 49 50 51 52 53 54 55 56 57 58 59 60 61 62 63 64 65 66 67 68 69 70 71 72 73 74 75 76 77 78 79 80 81 82 83 84 85 86 87 88 89 90 91 92 93 94 95 96 97 98 99 100 101 102 103 104 105 106 107 108 109 110 111 112 113 114 115 116 117 118 119 120 121 122 123 124 125 126 127 128 129 130 131
p1:8 A 0 1 2 3 4 5 6 7 8 9 10 11 144 12 13 14 15 16 17 18 19 20 21 22 24 25 26 133 27 28 29 30 31 32 33 34 37 38 39 41 42 43 135 46 47 48 49 50 51 53 54 55 56 57 58 59 136 60 61 62 63 64 65 66 67 68 69 70 71 72 73 74 75 76 77 78 79 80 81 82 83 84 85 86 87 88 89 90 91 92 93 94 95 96 97 98 99 100 101 102 103 104 105 106 107 109 110 111 112 113 114 115 116 117 118 119 120 121 122 123 124 125 126 127 128 129 131
p1:9 A 0 1 2 3 4 5 6 7 8 9 10 11 144 12 13 14 15 16 17 18 19 20 21 22 24 25 26 133 27 28 29 30 31 32 33 34 37 38 39 41 42 43 135 46 47 48 49 50 51 53 54 55 56 57 58 59 136 60 61 62 63 64 65 66 67 68 69 70 71 72 73 74 75 76 77 78 79 80 81 82 83 84 85 86 87 88 89 90 91 92 93 94 95 96 97 98 99 100 101 102 103 104 105 106 107 109 110 111 112 113 114 115 116 117 118 119 120 121 122 123 124 125 126 127 128 129 131
p1:10 A 0 1 2 3 4 5 6 7 8 9 10 132 11 12 13 14 15 16 17 18 19 20 21 22 24 25 26 133 27 28 29 30 31 32 33 34 37 38 39 134 41 42 43 135 46 47 48 49 50 51 53 54 55 56 57 58 59 136 60 61 62 63 64 65 66 67 68 69 70 137 138 71 72 74 75 76 77 139 79 80 81 82 83 84 86 87 88 89 90 91 92 93 94 95 96 97 98 99 100 101 102 140 103 104 105 106 107 109 110 111 112 113 114 115 116 117 118 119 120 121 122 123 124 125 126 127 128 129 131
p1:11 A 0 1 2 3 4 5 6 147 7 8 9 10 11 144 12 13 14 15 16 17 18 19 20 21 22 24 25 26 133 27 28 29 30 31 32 33 34 37 38 39 41 42 43 135 46 47 48 49 50 51 53 54 55 56 57 58 59 136 60 61 62 63 64 65 66 67 68 69 70 71 72 73 74 75 76 77 78 79 80 81 82 83 84 85 86 87 88 89 90 91 92 93 94 95 96 97 98 99 100 148 101 102 103 104 105 106 107 109 110 111 112 113 114 115 116 117 118 119 120 121 122 123 124 125 126 127 128 129 131
p1:12 A 0 1 2 3 4 5 6 7 8 9 10 11 12 13 14 15 16 17 18 19 20 21 22 23 24 25 26 27 28 29 30 31 32 33 34 35 36 37 38 39 40 41 42 43 44 45 46 47 48 49 50 51 52 53 54 55 56 57 58 59 136 60 61 62 63 64 65 66 67 68 69 70 138 71 72 74 75 76 77 139 79 80 81 82 83 84 86 87 88 89 90 91 92 93 94 95 96 97 98 99 100 101 102 103 104 105 106 107 109 110 111 112 113 114 115 116 117 118 119 120 121 122 123 124 125 126 127 128 129 131
p1:13 A 0 1 149 2 3 4 5 6 7 8 9 10 11 12 13 14 15 16 17 18 19 20 21 22 23 24 25 26 27 28 29 30 31 32 33 34 35 36 37 38 39 40 41 42 43 44 45 46 47 48 49 50 51 52 53 54 55 56 57 58 59 60 150 61 62 63 64 65 66 67 68 69 70 71 72 73 74 75 76 77 78 79 80 81 82 83 84 85 86 87 88 89 90 91 92 93 94 95 96 97 98 99 100 101 102 103 104 105 106 107 108 109 110 111 112 113 114 115 116 117 118 119 120 121 122 123 124 125 126 127 128 129 130 131
p1:14 A 0 1 2 3 4 5 6 7 8 9 10 11 12 13 14 15 16 17 18 19 20 21 22 23 24 25 26 27 28 29 30 31 32 33 34 37 38 39 40 41 42 43 44 45 46 47 48 49 50 51 52 53 54 55 151 56 57 58 59 60 61 62 63 64 65 66 67 68 69 70 71 72 73 74 75 76 77 78 79 80 81 82 83 84 85 86 87 88 89 90 91 92 93 94 95 96 97 98 99 100 101 102 103 104 105 106 107 109 110 111 112 113 114 115 116 117 118 146 119 120 121 122 123 124 125 126 127 128 129 131
p1:15 A 0 1 2 3 4 5 6 7 8 9 10 11 12 13 14 15 16 17 18 19 20 21 22 23 24 25 26 27 28 29 30 31 32 33 34 35 36 37 38 39 40 41 42 43 44 45 46 47 48 49 50 51 52 53 54 55 56 57 58 59 60 61 62 63 64 65 66 67 68 69 70 71 72 73 74 75 76 77 78 79 80 81 82 83 84 85 86 87 88 89 90 91 92 93 94 95 96 97 98 99 100 101 102 103 104 105 106 107 109 110 111 112 113 114 115 116 117 118 146 119 120 121 122 123 124 125 126 127 128 129 131
p1:16 A 0 1 2 3 4 5 6 7 8 9 10 132 11 12 13 14 15 16 17 18 19 20 21 22 24 25 26 133 27 28 29 30 31 32 33 34 37 38 39 134 41 42 43 135 46 47 48 49 50 51 53 54 55 56 57 58 59 136 60 152 61 62 63 64 65 66 67 68 69 70 137 138 71 72 74 75 76 77 139 79 80 81 82 83 84 86 87 88 89 90 91 92 93 94 95 96 97 98 99 100 101 102 140 103 104 105 106 107 109 110 111 112 113 114 115 116 117 118 119 120 121 122 123 124 125 126 127 128 129 131
p1:17 A 0 1 2 3 4 5 6 7 8 9 10 132 11 12 13 14 15 16 17 18 19 20 21 22 24 25 26 133 27 28 29 30 31 32 33 34 37 38 39 134 41 42 43 135 46 47 48 49 50 51 53 54 55 56 57 58 59 136 60 61 62 63 64 65 66 67 68 69 70 137 138 71 72 74 75 76 77 139 79 80 81 82 83 84 86 87 88 89 90 91 92 93 94 95 96 97 98 99 100 101 102 140 103 104 105 106 107 109 110 111 112 113 114 115 116 117 118 119 120 121 122 123 124 125 126 127 128 129 131
p1:18 A 0 1 2 3 4 153 5 6 7 8 9 10 11 144 12 13 14 15 16 17 18 19 20 21 22 24 25 26 133 27 28 29 30 31 32 33 34 37 38 39 41 42 43 135 46 47 48 49 50 51 53 54 55 56 57 58 59 136 60 61 62 63 64 65 66 67 68 69 70 71 72 73 74 75 76 77 78 79 80 81 82 83 84 85 86 87 88 89 90 91 92 93 94 95 96 97 98 99 100 101 102 103 154 104 105 106 107 109 110 111 112 113 114 115 116 117 118 119 120 121 122 123 124 125 126 127 128 129 131
p1:19 A 0 1 2 3 4 5 6 7 8 9 10 11 144 12 13 14 15 16 17 18 19 20 21 22 24 25 26 133 27 28 29 30 31 32 33 34 37 38 39 41 42 43 135 46 47 48 49 50 51 53 54 55 56 57 58 59 136 60 61 62 63 64 65 66 67 68 69 70 71 72 73 74 75 76 77 78 79 80 81 82 83 84 85 86 87 88 89 90 91 92 93 94 95 96 97 98 99 100 101 102 103 104 105 106 107 109 110 111 112 113 114 115 116 117 118 119 120 121 122 123 124 125 126 127 128 129 131
