#OUT: 25000 SS p7 10 /Users/josephzou/Desktop/Sample_data/Ewok-p7-Sample.txt
Mutations:
312 22872 m1 83896 0 0.5 p1 1147 10
297 24247 m1 78776 0 0.5 p1 1217 10
272 27886 m1 67063 0 0.5 p1 1400 10
291 36205 m7 74548 0 0.5 p1 1822 10
262 37753 m1 63630 0 0.5 p1 1897 10
244 46768 m1 56628 0 0.5 p1 2343 10
292 49565 m7 74748 0 0.5 p1 2481 10
322 54734 m2 86638 0 0.5 p1 2739 10
259 55790 m1 62993 0 0.5 p1 2792 10
148 58834 m1 34504 0 0.5 p1 2951 10
28 59599 m3 7494 0.00999999978 0.5 p1 2988 10
9 60951 m1 3158 0 0.5 p1 3061 10
253 67133 m1 60240 0 0.5 p1 3339 10
314 72285 m1 84290 0 0.5 p1 3478 10
40 75287 m3 9052 0.00999999978 0.5 p1 3559 10
288 76654 m7 72813 0 0.5 p1 3597 10
197 79530 m6 50353 0.00999999978 0.5 p1 3678 10
144 80151 m1 32973 0 0.5 p1 3695 10
249 82220 m1 59644 0 0.5 p1 3751 10
306 82853 m1 82303 0 0.5 p1 3769 10
210 94191 m6 51765 0.00999999978 0.5 p1 4078 10
276 94229 m1 70249 0 0.5 p1 4079 10
106 95422 m1 19810 0 0.5 p1 4112 10
104 99286 m1 19050 0 0.5 p1 4217 10
293 99690 m2 76517 0 0.5 p1 4229 10
221 101988 m6 52390 0.00999999978 0.5 p1 4293 10
345 104339 m1 96930 0 0.5 p1 4358 10
167 104570 m1 42575 0 0.5 p1 4364 10
5 112018 m1 1413 0 0.5 p1 4572 10
178 113303 m1 46311 0 0.5 p1 4607 10
214 114287 m6 52042 0.00999999978 0.5 p1 4633 10
137 116398 m1 31777 0 0.5 p1 4689 10
48 118334 m3 9570 0.00999999978 0.5 p1 4741 10
118 120999 m1 25451 0 0.5 p1 4816 10
294 121492 m1 77459 0 0.5 p1 4829 10
287 121956 m2 72780 0 0.5 p1 4841 10
255 122416 m1 61772 0 0.5 p1 4854 10
7 123004 m1 2397 0 0.5 p1 4869 10
347 123129 m1 99272 0 0.5 p1 4872 10
211 124809 m6 51774 0.00999999978 0.5 p1 4917 10
273 133935 m1 67114 0 0.5 p5 5100 10
295 145590 m1 77766 0 0.5 p5 5288 10
131 149689 m1 30361 0 0.5 p5 5356 10
318 155185 m8 85229 0 0.5 p5 5445 10
132 156580 m1 30373 0 0.5 p5 5467 10
224 160253 m2 52525 0 0.5 p5 5528 10
3 165005 m1 1233 0 0.5 p5 5605 10
27 169313 m3 7407 0.00999999978 0.5 p5 5676 10
0 181401 m1 228 0 0.5 p5 5872 10
157 181863 m1 37886 0 0.5 p5 5880 10
277 182664 m1 70364 0 0.5 p5 5893 10
348 186923 m1 99283 0 0.5 p5 5962 10
243 190708 m1 55952 0 0.5 p5 6025 10
195 191090 m6 50082 0.00999999978 0.5 p5 6031 10
156 194543 m1 37790 0 0.5 p5 6089 10
204 195215 m6 51081 0.00999999978 0.5 p5 6100 10
102 204466 m1 18000 0 0.5 p5 6252 10
145 207335 m1 33076 0 0.5 p5 6298 10
73 207649 m3 11610 0.00999999978 0.5 p5 6303 10
11 211001 m1 3620 0 0.5 p5 6357 10
140 212726 m1 31884 0 0.5 p5 6385 10
289 215064 m2 72990 0 0.5 p5 6422 10
206 215404 m6 51343 0.00999999978 0.5 p5 6428 10
328 224358 m1 88138 0 0.5 p5 6571 10
223 227470 m6 52455 0.00999999978 0.5 p5 6617 10
58 233626 m3 10177 0.00999999978 0.5 p5 6696 10
330 240175 m1 89353 0 0.5 p5 6781 10
110 242026 m1 21895 0 0.5 p5 6805 10
1 246093 m1 581 0 0.5 p5 6858 10
260 250440 m1 63002 0 0.5 p5 6915 10
231 257024 m6 52898 0.00999999978 0.5 p5 6999 10
163 259063 m1 40846 0 0.5 p5 7025 10
198 261098 m6 50357 0.00999999978 0.5 p5 7051 10
263 268288 m1 63880 0 0.5 p5 7142 10
320 278124 m8 85988 0 0.5 p5 7268 10
216 279732 m6 52254 0.00999999978 0.5 p5 7289 10
344 283498 m1 95572 0 0.5 p5 7338 10
127 287088 m1 28681 0 0.5 p5 7384 10
65 287331 m3 11064 0.00999999978 0.5 p5 7387 10
172 293679 m1 45487 0 0.5 p5 7469 10
23 295787 m3 7190 0.00999999978 0.5 p5 7496 10
256 301141 m1 61857 0 0.5 p5 7564 10
319 301493 m2 85441 0 0.5 p5 7569 10
171 301578 m1 45016 0 0.5 p5 7570 10
129 302942 m1 28953 0 0.5 p5 7588 10
74 304375 m1 11942 0 0.5 p5 7605 10
42 306975 m3 9139 0.00999999978 0.5 p5 7639 10
315 309921 m8 84985 0 0.5 p5 7676 10
14 310072 m1 4588 0 0.5 p5 7678 10
20 312921 m1 5613 0 0.5 p5 7715 10
279 325241 m1 70531 0 0.5 p5 7871 10
275 328359 m1 69365 0 0.5 p5 7911 10
112 328694 m1 23494 0 0.5 p5 7915 10
189 329014 m6 49424 0.00999999978 0.5 p5 7919 10
215 336417 m6 52056 0.00999999978 0.5 p5 8014 10
222 336907 m6 52439 0.00999999978 0.5 p5 8020 10
59 338392 m3 10231 0.00999999978 0.5 p5 8039 10
308 348176 m1 82891 0 0.5 p5 8166 10
93 351806 m4 16073 -0.00999999978 0.5 p5 8212 10
66 356510 m3 11090 0.00999999978 0.5 p5 8272 10
326 367693 m1 87543 0 0.5 p9 8377 10
153 379223 m5 35750 0 0.5 p9 8473 10
69 390429 m3 11338 0.00999999978 0.5 p9 8568 10
343 392696 m1 95478 0 0.5 p9 8587 10
160 399331 m1 39289 0 0.5 p9 8643 10
13 415101 m1 4337 0 0.5 p9 8778 10
284 415461 m1 71391 0 0.5 p9 8781 10
85 428422 m4 15061 -0.00999999978 0.5 p9 8891 10
151 437842 m1 35146 0 0.5 p9 8971 10
227 452103 m6 52632 0.00999999978 0.5 p9 9093 10
307 465555 m1 82542 0 0.5 p9 9208 10
52 466293 m3 10033 0.00999999978 0.5 p9 9214 10
96 467045 m2 16374 0 0.5 p9 9220 10
268 474767 m1 64905 0 0.5 p9 9285 10
18 481050 m1 5387 0 0.5 p9 9339 10
185 490266 m6 49191 0.00999999978 0.5 p9 9417 10
71 508230 m3 11443 0.00999999978 0.5 p9 9570 10
299 514201 m1 79757 0 0.5 p9 9620 10
219 515009 m6 52315 0.00999999978 0.5 p9 9627 10
119 518018 m1 25547 0 0.5 p9 9652 10
177 527381 m1 45941 0 0.5 p9 9730 10
92 533924 m4 15899 -0.00999999978 0.5 p9 9787 10
175 545106 m1 45744 0 0.5 p9 9882 10
338 546170 m1 92452 0 0.5 p9 9891 10
116 546408 m1 24644 0 0.5 p9 9893 10
10 559638 m1 3463 0 0.5 p9 10004 10
37 573444 m3 8618 0.00999999978 0.5 p9 10105 10
44 628395 m3 9274 0.00999999978 0.5 p9 10505 10
109 635858 m1 21273 0 0.5 p9 10559 10
70 644607 m3 11369 0.00999999978 0.5 p9 10623 10
84 649481 m4 14765 -0.00999999978 0.5 p9 10658 10
155 658419 m1 37223 0 0.5 p9 10722 10
64 658704 m3 10912 0.00999999978 0.5 p9 10724 10
39 660197 m3 8838 0.00999999978 0.5 p9 10735 10
150 661157 m1 35111 0 0.5 p9 10742 10
329 664662 m1 89106 0 0.5 p9 10768 10
124 680553 m1 27625 0 0.5 p9 10883 10
336 682642 m1 92167 0 0.5 p9 10898 10
165 687726 m1 42095 0 0.5 p9 10935 10
61 689786 m3 10538 0.00999999978 0.5 p9 10950 10
16 693634 m1 4932 0 0.5 p9 10978 10
100 703624 m2 16938 0 0.5 p9 11050 10
309 704441 m1 83086 0 0.5 p9 11056 10
76 706072 m1 12236 0 0.5 p9 11067 10
60 718793 m3 10496 0.00999999978 0.5 p9 11157 10
133 721912 m1 30475 0 0.5 p9 11180 10
252 727373 m1 60102 0 0.5 p9 11220 10
173 732595 m1 45496 0 0.5 p9 11258 10
193 732742 m6 49887 0.00999999978 0.5 p9 11259 10
113 745869 m1 23794 0 0.5 p9 11355 10
142 754389 m1 32023 0 0.5 p9 11417 10
201 789805 m6 50586 0.00999999978 0.5 p9 11674 10
239 801548 m1 53708 0 0.5 p9 11759 10
196 818387 m6 50111 0.00999999978 0.5 p9 11882 10
47 822700 m3 9409 0.00999999978 0.5 p9 11913 10
332 824168 m1 91290 0 0.5 p9 11924 10
135 831198 m1 31388 0 0.5 p9 11974 10
86 836555 m4 15283 -0.00999999978 0.5 p9 12012 10
346 844543 m1 99267 0 0.5 p9 12069 10
99 864645 m4 16791 -0.00999999978 0.5 p9 12215 10
146 877081 m1 34080 0 0.5 p9 12306 10
2 902887 m1 1033 0 0.5 p9 12493 10
35 929591 m3 8591 0.00999999978 0.5 p9 12688 10
78 931966 m1 12456 0 0.5 p9 12705 10
281 948137 m1 70858 0 0.5 p9 12823 10
183 966031 m1 48287 0 0.5 p9 12954 10
337 979157 m1 92217 0 0.5 p9 13049 10
188 980257 m6 49354 0.00999999978 0.5 p9 13057 10
67 982992 m3 11197 0.00999999978 0.5 p9 13077 10
21 986265 m1 5725 0 0.5 p9 13101 10
278 990314 m1 70529 0 0.5 p9 13130 10
191 991554 m6 49563 0.00999999978 0.5 p9 13139 10
245 998093 m1 56904 0 0.5 p9 13187 10
176 999038 m1 45849 0 0.5 p9 13194 10
4 1019940 m1 1261 0 0.5 p9 13346 10
350 1031629 m1 99618 0 0.5 p9 13430 10
271 1039280 m1 66878 0 0.5 p9 13485 10
111 1044920 m1 22637 0 0.5 p9 13526 10
339 1053366 m1 93032 0 0.5 p9 13589 10
230 1058082 m6 52771 0.00999999978 0.5 p9 13624 10
218 1070690 m6 52313 0.00999999978 0.5 p9 13715 10
108 1083930 m1 20564 0 0.5 p9 13812 5
267 1101724 m1 64567 0 0.5 p9 13940 10
94 1116904 m4 16154 -0.00999999978 0.5 p9 14050 5
212 1124365 m6 51788 0.00999999978 0.5 p9 14105 10
170 1129910 m1 44595 0 0.5 p9 14145 10
149 1132517 m1 35082 0 0.5 p9 14164 10
304 1133689 m1 81803 0 0.5 p9 14172 10
226 1142921 m6 52615 0.00999999978 0.5 p9 14240 10
57 1144791 m3 10163 0.00999999978 0.5 p9 14254 10
208 1171284 m6 51634 0.00999999978 0.5 p9 14446 10
31 1174899 m3 7856 0.00999999978 0.5 p9 14472 10
374 1176469 m1 18854 0 0.5 p9 14483 5
266 1179568 m1 64442 0 0.5 p9 14506 10
359 1198849 m3 11361 0.00999999978 0.5 p9 14647 5
233 1205639 m6 53327 0.00999999978 0.5 p9 14696 10
240 1211354 m1 54556 0 0.5 p9 14738 10
242 1212154 m1 55319 0 0.5 p9 14744 10
87 1224980 m4 15506 -0.00999999978 0.5 p9 14836 5
285 1230790 m1 71898 0 0.5 p9 14878 10
274 1233498 m1 69261 0 0.5 p9 14898 10
238 1239954 m6 53628 0.00999999978 0.5 p9 14945 10
248 1254242 m1 58993 0 0.5 p7 15027 10
136 1285842 m1 31419 0 0.5 p7 15155 10
370 1326483 m4 16043 -0.00999999978 0.5 p7 15321 5
83 1329884 m4 14637 -0.00999999978 0.5 p7 15335 5
62 1350739 m3 10592 0.00999999978 0.5 p7 15420 10
200 1358525 m6 50520 0.00999999978 0.5 p7 15452 10
77 1363240 m1 12448 0 0.5 p7 15471 5
34 1366010 m2 8582 0 0.5 p7 15482 10
305 1378916 m1 82105 0 0.5 p7 15534 10
63 1406239 m3 10639 0.00999999978 0.5 p7 15641 10
236 1417665 m6 53416 0.00999999978 0.5 p7 15686 10
75 1451607 m1 12052 0 0.5 p7 15819 5
45 1463093 m3 9304 0.00999999978 0.5 p7 15863 10
98 1473209 m4 16648 -0.00999999978 0.5 p7 15902 5
335 1487234 m1 91811 0 0.5 p7 15956 10
209 1499509 m6 51637 0.00999999978 0.5 p7 16003 10
371 1505447 m4 16542 -0.00999999978 0.5 p7 16026 5
264 1505685 m1 64193 0 0.5 p7 16027 10
220 1517819 m6 52366 0.00999999978 0.5 p7 16074 10
265 1546879 m1 64357 0 0.5 p7 16186 10
378 1559119 m1 21945 0 0.5 p7 16233 5
298 1572061 m1 78965 0 0.5 p7 16283 10
22 1598524 m1 5931 0 0.5 p7 16385 10
257 1619497 m1 62457 0 0.5 p7 16465 10
130 1629858 m1 30213 0 0.5 p7 16505 10
152 1649261 m1 35531 0 0.5 p7 16580 10
90 1662809 m4 15858 -0.00999999978 0.5 p7 16632 5
366 1673583 m4 15194 -0.00999999978 0.5 p7 16674 5
327 1740789 m1 87847 0 0.5 p7 16933 10
237 1758279 m6 53581 0.00999999978 0.5 p7 17001 10
375 1792920 m1 19878 0 0.5 p7 17134 5
126 1802260 m1 27962 0 0.5 p7 17170 10
383 1838082 m1 24436 0 0.5 p7 17308 5
382 1864173 m1 24360 0 0.5 p7 17409 5
341 1876830 m1 93773 0 0.5 p7 17458 10
303 1889930 m1 81131 0 0.5 p7 17508 10
258 1900009 m1 62674 0 0.5 p7 17547 10
46 1934874 m3 9326 0.00999999978 0.5 p7 17682 10
379 1939847 m1 22733 0 0.5 p7 17701 5
115 1944085 m1 24569 0 0.5 p7 17717 5
234 1944585 m6 53339 0.00999999978 0.5 p7 17719 10
363 1945090 m1 12714 0 0.5 p7 17721 5
254 1949383 m1 61365 0 0.5 p7 17738 10
36 1951155 m3 8610 0.00999999978 0.5 p7 17745 10
367 1965288 m4 15229 -0.00999999978 0.5 p7 17800 5
286 1965824 m1 72733 0 0.5 p7 17802 10
270 1985874 m1 65674 0 0.5 p7 17879 10
384 1995393 m1 25224 0 0.5 p7 17916 5
55 2002864 m3 10108 0.00999999978 0.5 p7 17944 10
143 2004394 m1 32698 0 0.5 p7 17950 10
166 2012615 m1 42571 0 0.5 p7 17982 10
19 2024796 m1 5407 0 0.5 p7 18029 10
333 2029419 m1 91362 0 0.5 p7 18047 10
107 2037732 m1 20382 0 0.5 p7 18079 5
79 2056421 m1 13028 0 0.5 p7 18151 5
229 2072961 m6 52734 0.00999999978 0.5 p7 18215 10
358 2079423 m3 11341 0.00999999978 0.5 p7 18240 5
385 2091649 m1 25564 0 0.5 p7 18287 5
164 2108722 m1 40867 0 0.5 p7 18352 10
324 2127244 m8 87162 0 0.5 p7 18424 10
38 2129105 m3 8669 0.00999999978 0.5 p7 18431 10
15 2138310 m1 4614 0 0.5 p7 18466 10
24 2155998 m3 7192 0.00999999978 0.5 p7 18534 10
105 2170780 m1 19674 0 0.5 p7 18591 5
380 2171040 m1 23558 0 0.5 p7 18592 5
246 2186388 m1 57791 0 0.5 p7 18651 10
190 2206064 m6 49553 0.00999999978 0.5 p7 18728 10
372 2210621 m1 17789 0 0.5 p7 18746 5
168 2218315 m1 42653 0 0.5 p7 18776 10
261 2219892 m1 63588 0 0.5 p7 18782 10
376 2237146 m1 21594 0 0.5 p7 18849 5
43 2257374 m3 9203 0.00999999978 0.5 p7 18927 10
101 2266056 m1 17896 0 0.5 p7 18961 5
50 2307425 m3 9645 0.00999999978 0.5 p7 19121 10
381 2328849 m1 24050 0 0.5 p7 19203 5
232 2334312 m6 53244 0.00999999978 0.5 p7 19224 10
128 2354102 m1 28906 0 0.5 p7 19300 10
80 2402759 m1 13391 0 0.5 p7 19487 5
340 2404941 m1 93110 0 0.5 p7 19495 10
125 2441314 m1 27643 0 0.5 p7 19636 10
217 2448132 m6 52303 0.00999999978 0.5 p7 19662 10
25 2454790 m3 7373 0.00999999978 0.5 p7 19688 10
365 2459209 m4 14677 -0.00999999978 0.5 p7 19705 5
56 2485792 m3 10158 0.00999999978 0.5 p7 19809 10
368 2503387 m4 15558 -0.00999999978 0.5 p7 19878 5
323 2507576 m8 86952 0 0.5 p7 19894 10
159 2533859 m1 39175 0 0.5 p7 19995 10
369 2546578 m4 15778 -0.00999999978 0.5 p7 20025 5
334 2552116 m1 91634 0 0.5 p7 20037 10
169 2559015 m1 43675 0 0.5 p7 20052 10
357 2610957 m3 10720 0.00999999978 0.5 p7 20166 5
251 2668547 m1 60085 0 0.5 p7 20292 10
30 2726647 m3 7641 0.00999999978 0.5 p7 20419 10
114 2785599 m1 24490 0 0.5 p7 20548 5
82 2811630 m1 14157 0 0.5 p7 20605 5
362 2826355 m1 11668 0 0.5 p7 20637 5
32 2832413 m3 7917 0.00999999978 0.5 p7 20650 10
207 2868294 m2 51556 0 0.5 p7 20728 10
174 2903620 m1 45726 0 0.5 p7 20805 10
117 2912261 m1 25151 0 0.5 p7 20824 5
302 2961197 m1 80935 0 0.5 p7 20931 10
349 2966658 m1 99555 0 0.5 p7 20943 10
6 2999178 m1 1948 0 0.5 p7 21015 10
311 3038170 m1 83729 0 0.5 p7 21100 10
91 3075308 m4 15887 -0.00999999978 0.5 p7 21181 5
360 3097687 m3 11365 0.00999999978 0.5 p7 21230 5
97 3107890 m4 16607 -0.00999999978 0.5 p7 21253 5
321 3109730 m8 86608 0 0.5 p7 21257 10
8 3118032 m1 2657 0 0.5 p7 21275 10
187 3145864 m6 49296 0.00999999978 0.5 p7 21336 10
296 3149113 m1 78237 0 0.5 p7 21343 10
179 3165142 m1 46956 0 0.5 p7 21378 10
134 3205421 m1 30499 0 0.5 p7 21467 10
103 3210548 m1 18987 0 0.5 p7 21478 5
205 3227412 m6 51129 0.00999999978 0.5 p7 21515 10
184 3370569 m1 48405 0 0.5 p7 21829 10
225 3438160 m6 52540 0.00999999978 0.5 p7 21977 10
282 3484679 m1 71039 0 0.5 p7 22079 10
17 3500733 m1 4945 0 0.5 p7 22114 5
301 3502188 m1 80633 0 0.5 p7 22117 10
72 3514945 m3 11470 0.00999999978 0.5 p7 22145 5
361 3521885 m3 11401 0.00999999978 0.5 p7 22160 5
158 3540801 m1 38425 0 0.5 p7 22201 10
373 3549032 m1 18094 0 0.5 p7 22219 5
49 3581555 m3 9629 0.00999999978 0.5 p7 22290 5
199 3590561 m6 50399 0.00999999978 0.5 p7 22310 10
53 3614511 m3 10042 0.00999999978 0.5 p7 22363 5
317 3625432 m2 85154 0 0.5 p7 22387 10
89 3649981 m4 15573 -0.00999999978 0.5 p7 22441 5
377 3669545 m1 21693 0 0.5 p7 22484 5
122 3730956 m1 27003 0 0.5 p7 22619 10
325 3741027 m1 87438 0 0.5 p7 22641 10
250 3751987 m1 59954 0 0.5 p7 22665 10
310 3789063 m1 83544 0 0.5 p7 22747 10
194 3842090 m6 49999 0.00999999978 0.5 p7 22863 10
356 3863906 m3 10528 0.00999999978 0.5 p7 22911 5
162 3888994 m1 40801 0 0.5 p7 22966 10
120 3897157 m1 25873 0 0.5 p7 22984 5
186 3909836 m6 49266 0.00999999978 0.5 p7 23012 10
54 3923094 m3 10064 0.00999999978 0.5 p7 23041 5
202 3957858 m6 50779 0.00999999978 0.5 p7 23118 10
88 3973783 m4 15520 -0.00999999978 0.5 p7 23153 5
283 4009166 m1 71307 0 0.5 p7 23231 10
41 4032448 m3 9095 0.00999999978 0.5 p7 23282 5
269 4047067 m1 65154 0 0.5 p7 23314 10
228 4095812 m6 52656 0.00999999978 0.5 p7 23421 10
386 4191200 m1 28231 0 0.5 p7 23630 5
123 4194945 m1 27013 0 0.5 p7 23638 5
316 4204260 m8 85063 0 0.5 p7 23658 10
352 4205555 m3 7094 0.00999999978 0.5 p7 23661 5
280 4206491 m1 70581 0 0.5 p7 23663 10
331 4243793 m1 89793 0 0.5 p7 23745 10
138 4298235 m1 31790 0 0.5 p7 23864 5
154 4300537 m2 36093 0 0.5 p7 23869 5
182 4339760 m1 48019 0 0.5 p7 23955 10
290 4383921 m7 73612 0 0.5 p7 24052 10
161 4388941 m1 39988 0 0.5 p7 24063 5
300 4389376 m1 80583 0 0.5 p7 24064 10
354 4408953 m3 8596 0.00999999978 0.5 p7 24107 5
180 4421772 m1 47743 0 0.5 p7 24135 10
33 4423117 m3 8380 0.00999999978 0.5 p7 24138 5
181 4423118 m1 47943 0 0.5 p7 24138 10
147 4426301 m1 34121 0 0.5 p7 24145 5
12 4437662 m1 4179 0 0.5 p7 24170 5
139 4447720 m1 31825 0 0.5 p7 24192 5
342 4459193 m1 94952 0 0.5 p7 24217 10
121 4509451 m1 26060 0 0.5 p7 24327 5
51 4515911 m2 9718 0 0.5 p7 24341 5
235 4538038 m6 53362 0.00999999978 0.5 p7 24390 10
241 4560286 m1 55196 0 0.5 p7 24439 10
247 4561672 m1 58973 0 0.5 p7 24442 10
364 4567076 m1 14185 0 0.5 p7 24454 5
29 4582985 m3 7578 0.00999999978 0.5 p7 24489 5
192 4590716 m6 49853 0.00999999978 0.5 p7 24506 10
26 4630137 m3 7390 0.00999999978 0.5 p7 24592 5
213 4630138 m6 51813 0.00999999978 0.5 p7 24592 10
353 4632964 m3 7697 0.00999999978 0.5 p7 24598 5
203 4669808 m6 50980 0.00999999978 0.5 p7 24679 10
355 4674271 m3 10483 0.00999999978 0.5 p7 24689 5
68 4696147 m3 11299 0.00999999978 0.5 p7 24737 3
388 4698473 m2 73446 0 0.5 p7 24742 3
389 4727150 m1 97618 0 0.5 p7 24805 1
394 4736108 m1 89455 0 0.5 p7 24825 2
81 4738259 m1 13906 0 0.5 p7 24830 3
397 4743160 m1 45444 0 0.5 p7 24841 1
400 4744960 m1 87447 0 0.5 p7 24845 1
391 4750182 m1 64095 0 0.5 p7 24857 2
396 4751462 m1 34520 0 0.5 p7 24860 1
351 4753997 m1 99934 0 0.5 p7 24866 2
404 4757013 m1 5067 0 0.5 p7 24873 1
387 4765372 m1 43622 0 0.5 p7 24892 1
393 4766243 m1 57921 0 0.5 p7 24894 2
395 4767634 m1 17882 0 0.5 p7 24897 1
390 4785987 m4 16746 -0.00999999978 0.5 p7 24939 2
398 4792080 m1 43104 0 0.5 p7 24953 1
392 4797346 m1 98076 0 0.5 p7 24965 1
402 4799545 m3 11577 0.00999999978 0.5 p7 24970 1
313 4799981 m1 83925 0 0.5 p7 24971 1
399 4800378 m1 61463 0 0.5 p7 24972 1
401 4805231 m1 6990 0 0.5 p7 24983 1
95 4806099 m4 16179 -0.00999999978 0.5 p7 24985 1
403 4806548 m1 3333 0 0.5 p7 24986 1
141 4811802 m1 32016 0 0.5 p7 24998 1
Genomes:
p7:0 A 0 1 2 3 4 5 6 7 8 9 10 11 12 13 14 15 16 17 18 19 20 21 22 23 24 25 26 27 28 29 30 31 32 33 34 35 36 37 38 39 40 41 42 43 44 45 46 47 48 49 50 51 52 53 54 55 56 57 58 59 60 61 62 63 64 65 66 67 68 69 70 71 72 73 74 75 76 77 78 79 80 81 82 83 84 85 86 87 88 89 90 91 92 93 94 95 96 97 98 99 100 101 102 103 104 105 106 107 108 109 110 111 112 113 114 115 116 117 118 119 120 121 122 123 124 125 126 127 128 129 130 131 132 133 134 135 136 137 138 139 140 141 142 143 144 145 146 147 148 149 150 151 152 153 154 155 156 157 158 159 160 161 162 163 164 165 166 167 168 169 170 171 172 173 174 175 176 177 178 179 180 181 182 183 184 185 186 187 188 189 190 191 192 193 194 195 196 197 198 199 200 201 202 203 204 205 206 207 208 209 210 211 212 213 214 215 216 217 218 219 220 221 222 223 224 225 226 227 228 229 230 231 232 233 234 235 236 237 238 239 240 241 242 243 244 245 246 247 248 249 250 251 252 253 254 255 256 257 258 259 260 261 262 263 264 265 266 267 268 269 270 271 272 273 274 275 276 277 278 279 280 281 282 283 284 285 286 287 288 289 290 291 292 293 294 295 296 297 298 299 300 301 302 303 304 305 306 307 308 309 310 311 312 313 314 315 316 317 318 319 320 321 322 323 324 325 326 327 328 329 330 331 332 333 334 335 336 337 338 339 340 341 342 343 344 345 346 347 348 349 350 351
p7:1 A 0 1 2 3 4 5 6 7 8 9 10 11 13 14 15 16 18 19 20 21 22 352 23 24 25 27 28 30 353 31 32 34 35 354 36 37 38 39 40 42 43 44 45 46 47 48 50 52 55 56 57 58 59 355 60 356 61 62 63 357 64 65 66 67 69 358 359 360 70 361 71 73 362 74 76 78 363 364 365 84 85 366 367 86 368 369 92 370 93 96 371 99 100 372 102 373 374 104 106 375 109 376 377 110 378 111 379 112 380 113 381 382 383 116 384 118 119 385 122 124 125 126 386 127 128 129 130 131 132 133 134 135 136 137 140 142 143 144 145 146 148 149 150 151 152 153 155 156 157 158 159 160 162 163 164 165 166 167 168 387 169 170 171 172 173 174 175 176 177 178 179 180 181 182 183 184 185 186 187 188 189 190 191 192 193 194 195 196 197 198 199 200 201 202 203 204 205 206 207 208 209 210 211 212 213 214 215 216 217 218 219 220 221 222 223 224 225 226 227 228 229 230 231 232 233 234 235 236 237 238 239 240 241 242 243 244 245 246 247 248 249 250 251 252 253 254 255 256 257 258 259 260 261 262 263 264 265 266 267 268 269 270 271 272 273 274 275 276 277 278 279 280 281 282 283 284 285 286 287 288 289 388 290 291 292 293 294 295 296 297 298 299 300 301 302 303 304 305 306 307 308 309 310 311 312 314 315 316 317 318 319 320 321 322 323 324 325 326 327 328 329 330 331 332 333 334 335 336 337 338 339 340 341 342 343 344 345 389 346 347 348 349 350
p7:2 A 0 1 2 3 4 5 6 7 8 9 10 11 12 13 14 15 16 17 18 19 20 21 22 23 24 25 26 27 28 29 30 31 32 33 34 35 36 37 38 39 40 41 42 43 44 45 46 47 48 49 50 51 52 53 54 55 56 57 58 59 60 61 62 63 64 65 66 67 69 70 71 72 73 74 75 76 77 78 79 80 82 83 84 85 86 87 88 89 90 91 92 93 94 96 97 98 390 99 100 101 102 103 104 105 106 107 108 109 110 111 112 113 114 115 116 117 118 119 120 121 122 123 124 125 126 127 128 129 130 131 132 133 134 135 136 137 138 139 140 142 143 144 145 146 147 148 149 150 151 152 153 154 155 156 157 158 159 160 161 162 163 164 165 166 167 168 169 170 171 172 173 174 175 176 177 178 179 180 181 182 183 184 185 186 187 188 189 190 191 192 193 194 195 196 197 198 199 200 201 202 203 204 205 206 207 208 209 210 211 212 213 214 215 216 217 218 219 220 221 222 223 224 225 226 227 228 229 230 231 232 233 234 235 236 237 238 239 240 241 242 243 244 245 246 247 248 249 250 251 252 253 254 255 256 257 258 259 260 261 262 263 391 264 265 266 267 268 269 270 271 272 273 274 275 276 277 278 279 280 281 282 283 284 285 286 287 288 289 290 291 292 293 294 295 296 297 298 299 300 301 302 303 304 305 306 307 308 309 310 311 312 314 315 316 317 318 319 320 321 322 323 324 325 326 327 328 329 330 331 332 333 334 335 336 337 338 339 340 341 342 343 344 345 392 346 347 348 349 350
p7:3 A 0 1 2 3 4 5 6 7 8 9 10 11 12 13 14 15 16 17 18 19 20 21 22 23 24 25 26 27 28 29 30 31 32 33 34 35 36 37 38 39 40 41 42 43 44 45 46 47 48 49 50 51 52 53 54 55 56 57 58 59 60 61 62 63 64 65 66 67 68 69 70 71 72 73 74 75 76 77 78 79 80 81 82 83 84 85 86 87 88 89 90 91 92 93 94 96 97 98 99 100 101 102 103 104 105 106 107 108 109 110 111 112 113 114 115 116 117 118 119 120 121 122 123 124 125 126 127 128 129 130 131 132 133 134 135 136 137 138 139 140 142 143 144 145 146 147 148 149 150 151 152 153 154 155 156 157 158 159 160 161 162 163 164 165 166 167 168 169 170 171 172 173 174 175 176 177 178 179 180 181 182 183 184 185 186 187 188 189 190 191 192 193 194 195 196 197 198 199 200 201 202 203 204 205 206 207 208 209 210 211 212 213 214 215 216 217 218 219 220 221 222 223 224 225 226 227 228 229 230 231 232 233 234 235 236 237 238 239 240 241 242 243 244 245 246 393 247 248 249 250 251 252 253 254 255 256 257 258 259 260 261 262 263 264 265 266 267 268 269 270 271 272 273 274 275 276 277 278 279 280 281 282 283 284 285 286 287 288 289 290 291 292 293 294 295 296 297 298 299 300 301 302 303 304 305 306 307 308 309 310 311 312 314 315 316 317 318 319 320 321 322 323 324 325 326 327 328 329 330 394 331 332 333 334 335 336 337 338 339 340 341 342 343 344 345 346 347 348 349 350
p7:4 A 0 1 2 3 4 5 6 7 8 9 10 11 13 14 15 16 18 19 20 21 22 352 23 24 25 27 28 30 353 31 32 34 35 354 36 37 38 39 40 42 43 44 45 46 47 48 50 52 55 56 57 58 59 355 60 356 61 62 63 357 64 65 66 67 69 358 359 360 70 361 71 73 362 74 76 78 363 364 365 84 85 366 367 86 368 369 92 370 93 96 371 99 100 372 395 102 373 374 104 106 375 109 376 377 110 378 111 379 112 380 113 381 382 383 116 384 118 119 385 122 124 125 126 386 127 128 129 130 131 132 133 134 135 136 137 140 142 143 144 145 146 148 396 149 150 151 152 153 155 156 157 158 159 160 162 163 164 165 166 167 168 169 170 171 397 172 173 174 175 176 177 178 179 180 181 182 183 184 185 186 187 188 189 190 191 192 193 194 195 196 197 198 199 200 201 202 203 204 205 206 207 208 209 210 211 212 213 214 215 216 217 218 219 220 221 222 223 224 225 226 227 228 229 230 231 232 233 234 235 236 237 238 239 240 241 242 243 244 245 246 393 247 248 249 250 251 252 253 254 255 256 257 258 259 260 261 262 263 264 265 266 267 268 269 270 271 272 273 274 275 276 277 278 279 280 281 282 283 284 285 286 287 288 289 290 291 292 293 294 295 296 297 298 299 300 301 302 303 304 305 306 307 308 309 310 311 312 314 315 316 317 318 319 320 321 322 323 324 325 326 327 328 329 330 394 331 332 333 334 335 336 337 338 339 340 341 342 343 344 345 346 347 348 349 350
p7:5 A 0 1 2 3 4 5 6 7 8 9 10 11 12 13 14 15 16 17 18 19 20 21 22 23 24 25 26 27 28 29 30 31 32 33 34 35 36 37 38 39 40 41 42 43 44 45 46 47 48 49 50 51 52 53 54 55 56 57 58 59 60 61 62 63 64 65 66 67 68 69 70 71 72 73 74 75 76 77 78 79 80 81 82 83 84 85 86 87 88 89 90 91 92 93 94 96 97 98 99 100 101 102 103 104 105 106 107 108 109 110 111 112 113 114 115 116 117 118 119 120 121 122 123 124 125 126 127 128 129 130 131 132 133 134 135 136 137 138 139 140 142 143 144 145 146 147 148 149 150 151 152 153 154 155 156 157 158 159 160 161 162 163 164 165 166 167 168 169 170 171 172 173 174 175 176 177 178 179 180 181 182 183 184 185 186 187 188 189 190 191 192 193 194 195 196 197 198 199 200 201 202 203 204 205 206 207 208 209 210 211 212 213 214 215 216 217 218 219 220 221 222 223 224 225 226 227 228 229 230 231 232 233 234 235 236 237 238 239 240 241 242 243 244 245 246 247 248 249 250 251 252 253 254 255 256 257 258 259 260 261 262 263 264 265 266 267 268 269 270 271 272 273 274 275 276 277 278 279 280 281 282 283 284 285 286 287 288 289 290 291 292 293 294 295 296 297 298 299 300 301 302 303 304 305 306 307 308 309 310 311 312 314 315 316 317 318 319 320 321 322 323 324 325 326 327 328 329 330 331 332 333 334 335 336 337 338 339 340 341 342 343 344 345 346 347 348 349 350 351
p7:6 A 0 1 2 3 4 5 6 7 8 9 10 11 13 14 15 16 18 19 20 21 22 352 23 24 25 27 28 30 353 31 32 34 35 354 36 37 38 39 40 42 43 44 45 46 47 48 50 52 55 56 57 58 59 355 60 356 61 62 63 357 64 65 66 67 69 358 359 360 70 361 71 73 362 74 76 78 363 364 365 84 85 366 367 86 368 369 92 370 93 96 371 99 100 372 102 373 374 104 106 375 109 376 377 110 378 111 379 112 380 113 381 382 383 116 384 118 119 385 122 124 125 126 386 127 128 129 130 131 132 133 134 135 136 137 140 142 143 144 145 146 148 149 150 151 152 153 155 156 157 158 159 160 162 163 164 165 166 167 168 398 169 170 171 172 173 174 175 176 177 178 179 180 181 182 183 184 185 186 187 188 189 190 191 192 193 194 195 196 197 198 199 200 201 202 203 204 205 206 207 208 209 210 211 212 213 214 215 216 217 218 219 220 221 222 223 224 225 226 227 228 229 230 231 232 233 234 235 236 237 238 239 240 241 242 243 244 245 246 247 248 249 250 251 252 253 254 255 256 257 258 259 260 261 262 263 264 265 266 267 268 269 270 271 272 273 274 275 276 277 278 279 280 281 282 283 284 285 286 287 288 289 388 290 291 292 293 294 295 296 297 298 299 300 301 302 303 304 305 306 307 308 309 310 311 312 314 315 316 317 318 319 320 321 322 323 324 325 326 327 328 329 330 331 332 333 334 335 336 337 338 339 340 341 342 343 344 345 346 347 348 349 350
p7:7 A 0 1 2 3 4 5 6 7 8 9 10 11 13 14 15 16 18 19 20 21 22 352 23 24 25 27 28 30 353 31 32 34 35 354 36 37 38 39 40 42 43 44 45 46 47 48 50 52 55 56 57 58 59 355 60 356 61 62 63 357 64 65 66 67 69 358 359 360 70 361 71 73 362 74 76 78 363 364 365 84 85 366 367 86 368 369 92 370 93 96 371 99 100 372 102 373 374 104 106 375 109 376 377 110 378 111 379 112 380 113 381 382 383 116 384 118 119 385 122 124 125 126 386 127 128 129 130 131 132 133 134 135 136 137 140 142 143 144 145 146 148 149 150 151 152 153 155 156 157 158 159 160 162 163 164 165 166 167 168 169 170 171 172 173 174 175 176 177 178 179 180 181 182 183 184 185 186 187 188 189 190 191 192 193 194 195 196 197 198 199 200 201 202 203 204 205 206 207 208 209 210 211 212 213 214 215 216 217 218 219 220 221 222 223 224 225 226 227 228 229 230 231 232 233 234 235 236 237 238 239 240 241 242 243 244 245 246 247 248 249 250 251 252 253 254 399 255 256 257 258 259 260 261 262 263 264 265 266 267 268 269 270 271 272 273 274 275 276 277 278 279 280 281 282 283 284 285 286 287 288 289 388 290 291 292 293 294 295 296 297 298 299 300 301 302 303 304 305 306 307 308 309 310 311 312 314 315 316 317 318 319 320 321 322 323 324 325 400 326 327 328 329 330 331 332 333 334 335 336 337 338 339 340 341 342 343 344 345 346 347 348 349 350
p7:8 A 0 1 2 3 4 5 6 7 8 9 10 11 12 13 14 15 16 17 18 19 20 21 22 401 23 24 25 26 27 28 29 30 31 32 33 34 35 36 37 38 39 40 41 42 43 44 45 46 47 48 49 50 51 52 53 54 55 56 57 58 59 60 61 62 63 64 65 66 67 69 70 71 72 402 73 74 75 76 77 78 79 80 82 83 84 85 86 87 88 89 90 91 92 93 94 96 97 98 390 99 100 101 102 103 104 105 106 107 108 109 110 111 112 113 114 115 116 117 118 119 120 121 122 123 124 125 126 127 128 129 130 131 132 133 134 135 136 137 138 139 140 142 143 144 145 146 147 148 149 150 151 152 153 154 155 156 157 158 159 160 161 162 163 164 165 166 167 168 169 170 171 172 173 174 175 176 177 178 179 180 181 182 183 184 185 186 187 188 189 190 191 192 193 194 195 196 197 198 199 200 201 202 203 204 205 206 207 208 209 210 211 212 213 214 215 216 217 218 219 220 221 222 223 224 225 226 227 228 229 230 231 232 233 234 235 236 237 238 239 240 241 242 243 244 245 246 247 248 249 250 251 252 253 254 255 256 257 258 259 260 261 262 263 391 264 265 266 267 268 269 270 271 272 273 274 275 276 277 278 279 280 281 282 283 284 285 286 287 288 289 290 291 292 293 294 295 296 297 298 299 300 301 302 303 304 305 306 307 308 309 310 311 312 314 315 316 317 318 319 320 321 322 323 324 325 326 327 328 329 330 331 332 333 334 335 336 337 338 339 340 341 342 343 344 345 346 347 348 349 350
p7:9 A 0 1 2 3 4 5 6 7 8 9 403 10 11 13 14 15 16 404 18 19 20 21 22 352 23 24 25 27 28 30 353 31 32 34 35 354 36 37 38 39 40 42 43 44 45 46 47 48 50 52 55 56 57 58 59 355 60 356 61 62 63 357 64 65 66 67 69 358 359 360 70 361 71 73 362 74 76 78 363 364 365 84 85 366 367 86 368 369 92 370 93 96 371 99 100 372 102 373 374 104 106 375 109 376 377 110 378 111 379 112 380 113 381 382 383 116 384 118 119 385 122 124 125 126 386 127 128 129 130 131 132 133 134 135 136 137 140 142 143 144 145 146 148 149 150 151 152 153 155 156 157 158 159 160 162 163 164 165 166 167 168 169 170 171 172 173 174 175 176 177 178 179 180 181 182 183 184 185 186 187 188 189 190 191 192 193 194 195 196 197 198 199 200 201 202 203 204 205 206 207 208 209 210 211 212 213 214 215 216 217 218 219 220 221 222 223 224 225 226 227 228 229 230 231 232 233 234 235 236 237 238 239 240 241 242 243 244 245 246 247 248 249 250 251 252 253 254 255 256 257 258 259 260 261 262 263 264 265 266 267 268 269 270 271 272 273 274 275 276 277 278 279 280 281 282 283 284 285 286 287 288 289 290 291 292 293 294 295 296 297 298 299 300 301 302 303 304 305 306 307 308 309 310 311 312 314 315 316 317 318 319 320 321 322 323 324 325 326 327 328 329 330 331 332 333 334 335 336 337 338 339 340 341 342 343 344 345 346 347 348 349 350
