#OUT: 25000 SS p8 10 /Users/josephzou/Desktop/Sample_data/Wook-p8-Sample.txt
Mutations:
299 22872 m1 83896 0 0.5 p1 1147 10
288 24247 m1 78776 0 0.5 p1 1217 10
258 27886 m1 67063 0 0.5 p1 1400 10
278 36205 m7 74548 0 0.5 p1 1822 10
247 37753 m1 63630 0 0.5 p1 1897 10
237 46768 m1 56628 0 0.5 p1 2343 10
280 49565 m7 74748 0 0.5 p1 2481 10
307 54734 m2 86638 0 0.5 p1 2739 10
245 55790 m1 62993 0 0.5 p1 2792 10
132 58834 m1 34504 0 0.5 p1 2951 10
28 59599 m3 7494 0.00999999978 0.5 p1 2988 10
8 60951 m1 3158 0 0.5 p1 3061 10
241 67133 m1 60240 0 0.5 p1 3339 10
301 72285 m1 84290 0 0.5 p1 3478 10
39 75287 m3 9052 0.00999999978 0.5 p1 3559 10
276 76654 m7 72813 0 0.5 p1 3597 10
198 79530 m6 50353 0.00999999978 0.5 p1 3678 10
126 80151 m1 32973 0 0.5 p1 3695 10
239 82220 m1 59644 0 0.5 p1 3751 10
292 82853 m1 82303 0 0.5 p1 3769 10
208 94191 m6 51765 0.00999999978 0.5 p1 4078 10
265 94229 m1 70249 0 0.5 p1 4079 10
98 95422 m1 19810 0 0.5 p1 4112 10
96 99286 m1 19050 0 0.5 p1 4217 10
282 99690 m2 76517 0 0.5 p1 4229 10
218 101988 m6 52390 0.00999999978 0.5 p1 4293 10
328 104339 m1 96930 0 0.5 p1 4358 10
162 104570 m1 42575 0 0.5 p1 4364 10
6 112018 m1 1413 0 0.5 p1 4572 10
181 113303 m1 46311 0 0.5 p1 4607 10
211 114287 m6 52042 0.00999999978 0.5 p1 4633 10
123 116398 m1 31777 0 0.5 p1 4689 10
45 118334 m3 9570 0.00999999978 0.5 p1 4741 10
109 120999 m1 25451 0 0.5 p1 4816 10
286 121492 m1 77459 0 0.5 p1 4829 10
275 121956 m2 72780 0 0.5 p1 4841 10
243 122416 m1 61772 0 0.5 p1 4854 10
7 123004 m1 2397 0 0.5 p1 4869 10
331 123129 m1 99272 0 0.5 p1 4872 10
209 124809 m6 51774 0.00999999978 0.5 p1 4917 10
259 133935 m1 67114 0 0.5 p5 5100 10
287 145590 m1 77766 0 0.5 p5 5288 10
117 149689 m1 30361 0 0.5 p5 5356 10
303 155185 m8 85229 0 0.5 p5 5445 10
118 156580 m1 30373 0 0.5 p5 5467 10
221 160253 m2 52525 0 0.5 p5 5528 10
3 165005 m1 1233 0 0.5 p5 5605 10
27 169313 m3 7407 0.00999999978 0.5 p5 5676 10
0 181401 m1 228 0 0.5 p5 5872 10
155 181863 m1 37886 0 0.5 p5 5880 10
266 182664 m1 70364 0 0.5 p5 5893 10
332 186923 m1 99283 0 0.5 p5 5962 10
236 190708 m1 55952 0 0.5 p5 6025 10
194 191090 m6 50082 0.00999999978 0.5 p5 6031 10
154 194543 m1 37790 0 0.5 p5 6089 10
204 195215 m6 51081 0.00999999978 0.5 p5 6100 10
94 204466 m1 18000 0 0.5 p5 6252 10
127 207335 m1 33076 0 0.5 p5 6298 10
73 207649 m3 11610 0.00999999978 0.5 p5 6303 10
11 211001 m1 3620 0 0.5 p5 6357 10
124 212726 m1 31884 0 0.5 p5 6385 10
277 215064 m2 72990 0 0.5 p5 6422 10
206 215404 m6 51343 0.00999999978 0.5 p5 6428 10
311 224358 m1 88138 0 0.5 p5 6571 10
220 227470 m6 52455 0.00999999978 0.5 p5 6617 10
52 233626 m3 10177 0.00999999978 0.5 p5 6696 10
313 240175 m1 89353 0 0.5 p5 6781 10
100 242026 m1 21895 0 0.5 p5 6805 10
1 246093 m1 581 0 0.5 p5 6858 10
246 250440 m1 63002 0 0.5 p5 6915 10
228 257024 m6 52898 0.00999999978 0.5 p5 6999 10
159 259063 m1 40846 0 0.5 p5 7025 10
199 261098 m6 50357 0.00999999978 0.5 p5 7051 10
249 268288 m1 63880 0 0.5 p5 7142 10
305 278124 m8 85988 0 0.5 p5 7268 10
214 279732 m6 52254 0.00999999978 0.5 p5 7289 10
325 283498 m1 95572 0 0.5 p5 7338 10
114 287088 m1 28681 0 0.5 p5 7384 10
62 287331 m3 11064 0.00999999978 0.5 p5 7387 10
173 293679 m1 45487 0 0.5 p5 7469 10
25 295787 m3 7190 0.00999999978 0.5 p5 7496 10
244 301141 m1 61857 0 0.5 p5 7564 10
304 301493 m2 85441 0 0.5 p5 7569 10
169 301578 m1 45016 0 0.5 p5 7570 10
115 302942 m1 28953 0 0.5 p5 7588 10
74 304375 m1 11942 0 0.5 p5 7605 10
41 306975 m3 9139 0.00999999978 0.5 p5 7639 10
302 309921 m8 84985 0 0.5 p5 7676 10
15 310072 m1 4588 0 0.5 p5 7678 10
20 312921 m1 5613 0 0.5 p5 7715 10
268 325241 m1 70531 0 0.5 p5 7871 10
264 328359 m1 69365 0 0.5 p5 7911 10
104 328694 m1 23494 0 0.5 p5 7915 10
188 329014 m6 49424 0.00999999978 0.5 p5 7919 10
212 336417 m6 52056 0.00999999978 0.5 p5 8014 10
219 336907 m6 52439 0.00999999978 0.5 p5 8020 10
53 338392 m3 10231 0.00999999978 0.5 p5 8039 10
296 348176 m1 82891 0 0.5 p5 8166 10
87 351806 m4 16073 -0.00999999978 0.5 p5 8212 10
63 356510 m3 11090 0.00999999978 0.5 p5 8272 10
309 367693 m1 87543 0 0.5 p9 8377 10
141 379223 m5 35750 0 0.5 p9 8473 10
68 390429 m3 11338 0.00999999978 0.5 p9 8568 10
324 392696 m1 95478 0 0.5 p9 8587 10
156 399331 m1 39289 0 0.5 p9 8643 10
14 415101 m1 4337 0 0.5 p9 8778 10
270 415461 m1 71391 0 0.5 p9 8781 10
80 428422 m4 15061 -0.00999999978 0.5 p9 8891 10
136 437842 m1 35146 0 0.5 p9 8971 10
224 452103 m6 52632 0.00999999978 0.5 p9 9093 10
294 465555 m1 82542 0 0.5 p9 9208 10
51 466293 m3 10033 0.00999999978 0.5 p9 9214 10
89 467045 m2 16374 0 0.5 p9 9220 10
253 474767 m1 64905 0 0.5 p9 9285 10
19 481050 m1 5387 0 0.5 p9 9339 10
186 490266 m6 49191 0.00999999978 0.5 p9 9417 10
72 508230 m3 11443 0.00999999978 0.5 p9 9570 10
289 514201 m1 79757 0 0.5 p9 9620 10
216 515009 m6 52315 0.00999999978 0.5 p9 9627 10
111 518018 m1 25547 0 0.5 p9 9652 10
179 527381 m1 45941 0 0.5 p9 9730 10
86 533924 m4 15899 -0.00999999978 0.5 p9 9787 10
175 545106 m1 45744 0 0.5 p9 9882 10
319 546170 m1 92452 0 0.5 p9 9891 10
106 546408 m1 24644 0 0.5 p9 9893 10
10 559638 m1 3463 0 0.5 p9 10004 10
34 573444 m3 8618 0.00999999978 0.5 p9 10105 10
42 628395 m3 9274 0.00999999978 0.5 p9 10505 10
99 635858 m1 21273 0 0.5 p9 10559 10
70 644607 m3 11369 0.00999999978 0.5 p9 10623 10
79 649481 m4 14765 -0.00999999978 0.5 p9 10658 10
153 658419 m1 37223 0 0.5 p9 10722 10
59 658704 m3 10912 0.00999999978 0.5 p9 10724 10
38 660197 m3 8838 0.00999999978 0.5 p9 10735 10
135 661157 m1 35111 0 0.5 p9 10742 10
312 664662 m1 89106 0 0.5 p9 10768 10
113 680553 m1 27625 0 0.5 p9 10883 10
317 682642 m1 92167 0 0.5 p9 10898 10
160 687726 m1 42095 0 0.5 p9 10935 10
56 689786 m3 10538 0.00999999978 0.5 p9 10950 10
17 693634 m1 4932 0 0.5 p9 10978 10
92 703624 m2 16938 0 0.5 p9 11050 10
298 704441 m1 83086 0 0.5 p9 11056 10
75 706072 m1 12236 0 0.5 p9 11067 10
55 718793 m3 10496 0.00999999978 0.5 p9 11157 10
119 721912 m1 30475 0 0.5 p9 11180 10
240 727373 m1 60102 0 0.5 p9 11220 10
174 732595 m1 45496 0 0.5 p9 11258 10
190 732742 m6 49887 0.00999999978 0.5 p9 11259 10
105 745869 m1 23794 0 0.5 p9 11355 10
125 754389 m1 32023 0 0.5 p9 11417 10
202 789805 m6 50586 0.00999999978 0.5 p9 11674 10
233 801548 m1 53708 0 0.5 p9 11759 10
195 818387 m6 50111 0.00999999978 0.5 p9 11882 10
43 822700 m3 9409 0.00999999978 0.5 p9 11913 10
316 824168 m1 91290 0 0.5 p9 11924 10
121 831198 m1 31388 0 0.5 p9 11974 10
82 836555 m4 15283 -0.00999999978 0.5 p9 12012 10
330 844543 m1 99267 0 0.5 p9 12069 10
91 864645 m4 16791 -0.00999999978 0.5 p9 12215 10
130 877081 m1 34080 0 0.5 p9 12306 10
2 902887 m1 1033 0 0.5 p9 12493 10
33 929591 m3 8591 0.00999999978 0.5 p9 12688 10
76 931966 m1 12456 0 0.5 p9 12705 10
269 948137 m1 70858 0 0.5 p9 12823 10
182 966031 m1 48287 0 0.5 p9 12954 10
318 979157 m1 92217 0 0.5 p9 13049 10
187 980257 m6 49354 0.00999999978 0.5 p9 13057 10
67 982992 m3 11197 0.00999999978 0.5 p9 13077 10
21 986265 m1 5725 0 0.5 p9 13101 10
267 990314 m1 70529 0 0.5 p9 13130 10
189 991554 m6 49563 0.00999999978 0.5 p9 13139 10
238 998093 m1 56904 0 0.5 p9 13187 10
178 999038 m1 45849 0 0.5 p9 13194 10
4 1019940 m1 1261 0 0.5 p9 13346 10
333 1031629 m1 99618 0 0.5 p9 13430 10
257 1039280 m1 66878 0 0.5 p9 13485 10
102 1044920 m1 22637 0 0.5 p9 13526 10
322 1053366 m1 93032 0 0.5 p9 13589 10
227 1058082 m6 52771 0.00999999978 0.5 p9 13624 10
215 1070690 m6 52313 0.00999999978 0.5 p9 13715 10
252 1101724 m1 64567 0 0.5 p9 13940 10
210 1124365 m6 51788 0.00999999978 0.5 p9 14105 10
166 1129910 m1 44595 0 0.5 p9 14145 10
134 1132517 m1 35082 0 0.5 p9 14164 10
291 1133689 m1 81803 0 0.5 p9 14172 10
223 1142921 m6 52615 0.00999999978 0.5 p9 14240 10
110 1170740 m1 25476 0 0.5 p9 14442 10
207 1171284 m6 51634 0.00999999978 0.5 p9 14446 10
95 1176469 m1 18854 0 0.5 p9 14483 10
251 1179568 m1 64442 0 0.5 p9 14506 10
69 1198849 m3 11361 0.00999999978 0.5 p9 14647 10
230 1205639 m6 53327 0.00999999978 0.5 p9 14696 10
234 1211354 m1 54556 0 0.5 p9 14738 10
235 1212154 m1 55319 0 0.5 p9 14744 10
272 1230790 m1 71898 0 0.5 p9 14878 10
262 1233498 m1 69261 0 0.5 p9 14898 10
232 1239954 m6 53628 0.00999999978 0.5 p9 14945 10
147 1246211 m5 36471 0 0.5 p9 14991 10
58 1261004 m3 10886 0.00999999978 0.5 p8 15054 10
290 1269511 m1 80384 0 0.5 p8 15088 10
196 1271952 m6 50159 0.00999999978 0.5 p8 15098 10
149 1277250 m5 36733 0 0.5 p8 15120 10
293 1292796 m1 82390 0 0.5 p8 15183 10
83 1306559 m2 15600 0 0.5 p8 15239 10
172 1354141 m1 45473 0 0.5 p8 15434 10
231 1372886 m6 53532 0.00999999978 0.5 p8 15510 10
222 1402554 m6 52588 0.00999999978 0.5 p8 15626 10
255 1427618 m1 66058 0 0.5 p8 15725 10
142 1435891 m5 35836 0 0.5 p8 15758 10
78 1474571 m4 14702 -0.00999999978 0.5 p8 15907 10
158 1482180 m1 40508 0 0.5 p8 15936 10
226 1484510 m6 52729 0.00999999978 0.5 p8 15945 10
184 1486531 m1 48839 0 0.5 p8 15953 10
101 1511415 m1 22598 0 0.5 p8 16049 10
107 1513920 m1 24814 0 0.5 p8 16059 10
54 1534718 m3 10387 0.00999999978 0.5 p8 16139 10
140 1564494 m5 35698 0 0.5 p8 16254 10
40 1568417 m3 9056 0.00999999978 0.5 p8 16269 10
37 1591388 m3 8720 0.00999999978 0.5 p8 16358 10
248 1627481 m1 63778 0 0.5 p8 16496 10
97 1632646 m1 19570 0 0.5 p8 16516 10
203 1654830 m6 50972 0.00999999978 0.5 p8 16601 10
170 1665598 m1 45253 0 0.5 p8 16643 10
112 1682669 m1 26055 0 0.5 p8 16709 10
143 1701306 m5 35967 0 0.5 p8 16781 10
133 1710569 m1 34830 0 0.5 p8 16817 10
176 1714211 m1 45745 0 0.5 p8 16831 10
314 1736443 m1 90778 0 0.5 p8 16916 10
60 1751661 m3 10917 0.00999999978 0.5 p8 16975 10
285 1788217 m1 77438 0 0.5 p8 17116 10
131 1796934 m1 34168 0 0.5 p8 17149 10
205 1810632 m6 51302 0.00999999978 0.5 p8 17202 10
213 1815616 m6 52078 0.00999999978 0.5 p8 17221 10
261 1818553 m1 68392 0 0.5 p8 17232 10
146 1830833 m5 36388 0 0.5 p8 17280 10
168 1833427 m1 44974 0 0.5 p8 17290 10
191 1850760 m6 49931 0.00999999978 0.5 p8 17357 10
263 1876098 m1 69336 0 0.5 p8 17455 10
103 1878149 m1 23256 0 0.5 p8 17463 10
129 1922694 m1 33856 0 0.5 p8 17635 10
65 1938551 m3 11135 0.00999999978 0.5 p8 17696 10
229 1950927 m6 53295 0.00999999978 0.5 p8 17744 10
250 1971915 m1 63977 0 0.5 p8 17825 10
193 1974552 m6 50059 0.00999999978 0.5 p8 17835 10
148 1998720 m5 36564 0 0.5 p8 17928 10
5 2021507 m1 1288 0 0.5 p8 18016 10
88 2040104 m4 16181 -0.00999999978 0.5 p8 18088 10
256 2044986 m1 66566 0 0.5 p8 18107 10
23 2053887 m1 6073 0 0.5 p8 18141 10
281 2058513 m7 74940 0 0.5 p8 18159 10
150 2083144 m5 36752 0 0.5 p8 18254 10
71 2135115 m3 11395 0.00999999978 0.5 p8 18454 10
144 2139805 m5 36217 0 0.5 p8 18472 10
152 2142390 m1 37074 0 0.5 p8 18482 10
327 2177502 m1 96362 0 0.5 p8 18617 10
306 2179076 m2 86594 0 0.5 p8 18623 10
85 2188986 m2 15869 0 0.5 p8 18661 10
48 2205359 m3 9659 0.00999999978 0.5 p8 18725 10
137 2223513 m5 35542 0 0.5 p8 18796 10
13 2237451 m1 4071 0 0.5 p8 18850 10
77 2238481 m1 13269 0 0.5 p8 18854 10
50 2251041 m3 9897 0.00999999978 0.5 p8 18902 10
177 2251793 m1 45829 0 0.5 p8 18905 10
145 2280640 m5 36299 0 0.5 p8 19017 10
164 2291575 m1 44366 0 0.5 p8 19060 10
18 2304277 m1 4974 0 0.5 p8 19109 10
271 2331470 m1 71414 0 0.5 p8 19213 10
297 2340535 m1 83004 0 0.5 p8 19248 10
151 2344969 m5 36911 0 0.5 p8 19265 10
138 2359841 m5 35685 0 0.5 p8 19322 10
16 2361943 m1 4777 0 0.5 p8 19330 10
47 2363010 m3 9645 0.00999999978 0.5 p8 19334 10
12 2369952 m1 3743 0 0.5 p8 19361 10
31 2412142 m2 8285 0 0.5 p8 19523 10
26 2417044 m3 7305 0.00999999978 0.5 p8 19542 10
93 2446138 m1 17336 0 0.5 p8 19654 10
84 2449987 m2 15686 0 0.5 p8 19669 10
217 2469681 m6 52358 0.00999999978 0.5 p8 19746 10
284 2485083 m2 77093 0 0.5 p8 19806 10
279 2491733 m7 74746 0 0.5 p8 19832 10
167 2531805 m1 44783 0 0.5 p8 19987 10
283 2538475 m2 77088 0 0.5 p8 20007 10
300 2628784 m1 84228 0 0.5 p8 20205 10
200 2633833 m2 50388 0 0.5 p8 20216 10
22 2662656 m1 5960 0 0.5 p8 20279 10
242 2692555 m1 61236 0 0.5 p8 20344 10
61 2718920 m2 11048 0 0.5 p8 20402 10
29 2734337 m3 7681 0.00999999978 0.5 p8 20436 10
321 2779251 m1 92647 0 0.5 p8 20534 10
273 2824936 m1 72454 0 0.5 p8 20634 10
225 2874268 m6 52699 0.00999999978 0.5 p8 20741 10
260 3033629 m1 67616 0 0.5 p8 21090 10
81 3055080 m2 15154 0 0.5 p8 21137 10
295 3062939 m1 82610 0 0.5 p8 21154 10
163 3065617 m1 42719 0 0.5 p8 21160 10
308 3119371 m1 87485 0 0.5 p8 21278 10
64 3183567 m3 11108 0.00999999978 0.5 p8 21419 10
49 3190836 m3 9797 0.00999999978 0.5 p8 21435 10
157 3230570 m1 40371 0 0.5 p8 21522 10
185 3264616 m1 48916 0 0.5 p8 21597 10
36 3345526 m3 8674 0.00999999978 0.5 p8 21774 10
139 3349708 m5 35689 0 0.5 p8 21783 10
30 3404887 m3 8282 0.00999999978 0.5 p8 21904 10
323 3405857 m1 94657 0 0.5 p8 21906 10
254 3470001 m1 65322 0 0.5 p8 22047 10
46 3502205 m3 9570 0.00999999978 0.5 p8 22117 10
326 3663130 m1 96223 0 0.5 p8 22470 10
192 3674987 m6 50011 0.00999999978 0.5 p8 22496 10
44 3680032 m3 9542 0.00999999978 0.5 p8 22507 10
201 3704538 m6 50504 0.00999999978 0.5 p8 22561 10
128 3712165 m1 33645 0 0.5 p8 22578 10
120 3764564 m1 31240 0 0.5 p8 22693 10
274 3797701 m1 72723 0 0.5 p8 22766 10
310 3870809 m1 88007 0 0.5 p8 22926 10
171 3883601 m1 45289 0 0.5 p8 22954 10
24 4002288 m1 6341 0 0.5 p8 23216 10
165 4005522 m1 44506 0 0.5 p8 23223 10
180 4020078 m1 46082 0 0.5 p8 23255 10
320 4037408 m1 92477 0 0.5 p8 23293 10
9 4042489 m1 3196 0 0.5 p8 23304 10
197 4062073 m6 50311 0.00999999978 0.5 p8 23347 10
116 4072744 m1 30087 0 0.5 p8 23370 10
315 4104437 m1 90931 0 0.5 p8 23440 10
108 4114594 m1 25312 0 0.5 p8 23462 10
32 4142316 m2 8542 0 0.5 p8 23523 10
161 4206951 m1 42261 0 0.5 p8 23664 10
329 4265408 m1 98038 0 0.5 p8 23792 10
90 4408111 m4 16618 -0.00999999978 0.5 p8 24105 10
35 4628270 m3 8653 0.00999999978 0.5 p8 24588 10
66 4634733 m3 11174 0.00999999978 0.5 p8 24602 10
122 4636568 m1 31668 0 0.5 p8 24606 10
343 4683055 m1 37643 0 0.5 p8 24708 2
342 4702140 m1 22366 0 0.5 p8 24750 2
338 4709467 m6 53001 0.00999999978 0.5 p8 24766 1
341 4716273 m8 85759 0 0.5 p8 24781 1
336 4739187 m1 47553 0 0.5 p8 24832 2
339 4770793 m1 54795 0 0.5 p8 24904 1
57 4779953 m3 10722 0.00999999978 0.5 p8 24925 3
337 4784288 m1 54929 0 0.5 p8 24935 2
334 4785572 m1 12373 0 0.5 p8 24938 2
345 4796085 m8 86685 0 0.5 p8 24962 1
344 4799999 m1 24425 0 0.5 p8 24971 1
183 4804341 m1 48328 0 0.5 p8 24981 1
340 4807443 m7 77095 0 0.5 p8 24988 1
335 4808794 m1 33902 0 0.5 p8 24991 1
346 4810985 m1 48544 0 0.5 p8 24996 1
Genomes:
p8:0 A 0 1 2 3 4 5 6 7 8 9 10 11 12 13 14 15 16 17 18 19 20 21 22 23 24 25 26 27 28 29 30 31 32 33 34 35 36 37 38 39 40 41 42 43 44 45 46 47 48 49 50 51 52 53 54 55 56 57 58 59 60 61 62 63 64 65 66 67 68 69 70 71 72 73 74 75 76 77 78 79 80 81 82 83 84 85 86 87 88 89 90 91 92 93 94 95 96 97 98 99 100 101 102 103 104 105 106 107 108 109 110 111 112 113 114 115 116 117 118 119 120 121 122 123 124 125 126 127 128 129 130 131 132 133 134 135 136 137 138 139 140 141 142 143 144 145 146 147 148 149 150 151 152 153 154 155 156 157 158 159 160 161 162 163 164 165 166 167 168 169 170 171 172 173 174 175 176 177 178 179 180 181 182 183 184 185 186 187 188 189 190 191 192 193 194 195 196 197 198 199 200 201 202 203 204 205 206 207 208 209 210 211 212 213 214 215 216 217 218 219 220 221 222 223 224 225 226 227 228 229 230 231 232 233 234 235 236 237 238 239 240 241 242 243 244 245 246 247 248 249 250 251 252 253 254 255 256 257 258 259 260 261 262 263 264 265 266 267 268 269 270 271 272 273 274 275 276 277 278 279 280 281 282 283 284 285 286 287 288 289 290 291 292 293 294 295 296 297 298 299 300 301 302 303 304 305 306 307 308 309 310 311 312 313 314 315 316 317 318 319 320 321 322 323 324 325 326 327 328 329 330 331 332 333
p8:1 A 0 1 2 3 4 5 6 7 8 9 10 11 12 13 14 15 16 17 18 19 20 21 22 23 24 25 26 27 28 29 30 31 32 33 34 35 36 37 38 39 40 41 42 43 44 45 46 47 48 49 50 51 52 53 54 55 56 58 59 60 61 62 63 64 65 66 67 68 69 70 71 72 73 74 75 334 76 77 78 79 80 81 82 83 84 85 86 87 88 89 90 91 92 93 94 95 96 97 98 99 100 101 102 103 104 105 106 107 108 109 110 111 112 113 114 115 116 117 118 119 120 121 122 123 124 125 126 127 128 129 335 130 131 132 133 134 135 136 137 138 139 140 141 142 143 144 145 146 147 148 149 150 151 152 153 154 155 156 157 158 159 160 161 162 163 164 165 166 167 168 169 170 171 172 173 174 175 176 177 178 179 180 181 182 184 185 186 187 188 189 190 191 192 193 194 195 196 197 198 199 200 201 202 203 204 205 206 207 208 209 210 211 212 213 214 215 216 217 218 219 220 221 222 223 224 225 226 227 228 229 230 231 232 233 234 235 236 237 238 239 240 241 242 243 244 245 246 247 248 249 250 251 252 253 254 255 256 257 258 259 260 261 262 263 264 265 266 267 268 269 270 271 272 273 274 275 276 277 278 279 280 281 282 283 284 285 286 287 288 289 290 291 292 293 294 295 296 297 298 299 300 301 302 303 304 305 306 307 308 309 310 311 312 313 314 315 316 317 318 319 320 321 322 323 324 325 326 327 328 329 330 331 332 333
p8:2 A 0 1 2 3 4 5 6 7 8 9 10 11 12 13 14 15 16 17 18 19 20 21 22 23 24 25 26 27 28 29 30 31 32 33 34 35 36 37 38 39 40 41 42 43 44 45 46 47 48 49 50 51 52 53 54 55 56 58 59 60 61 62 63 64 65 66 67 68 69 70 71 72 73 74 75 76 77 78 79 80 81 82 83 84 85 86 87 88 89 90 91 92 93 94 95 96 97 98 99 100 101 102 103 104 105 106 107 108 109 110 111 112 113 114 115 116 117 118 119 120 121 122 123 124 125 126 127 128 129 130 131 132 133 134 135 136 137 138 139 140 141 142 143 144 145 146 147 148 149 150 151 152 153 154 155 156 157 158 159 160 161 162 163 164 165 166 167 168 169 170 171 172 173 174 175 176 177 178 179 180 181 336 182 184 185 186 187 188 189 190 191 192 193 194 195 196 197 198 199 200 201 202 203 204 205 206 207 208 209 210 211 212 213 214 215 216 217 218 219 220 221 222 223 224 225 226 227 228 229 230 231 232 233 234 337 235 236 237 238 239 240 241 242 243 244 245 246 247 248 249 250 251 252 253 254 255 256 257 258 259 260 261 262 263 264 265 266 267 268 269 270 271 272 273 274 275 276 277 278 279 280 281 282 283 284 285 286 287 288 289 290 291 292 293 294 295 296 297 298 299 300 301 302 303 304 305 306 307 308 309 310 311 312 313 314 315 316 317 318 319 320 321 322 323 324 325 326 327 328 329 330 331 332 333
p8:3 A 0 1 2 3 4 5 6 7 8 9 10 11 12 13 14 15 16 17 18 19 20 21 22 23 24 25 26 27 28 29 30 31 32 33 34 35 36 37 38 39 40 41 42 43 44 45 46 47 48 49 50 51 52 53 54 55 56 58 59 60 61 62 63 64 65 66 67 68 69 70 71 72 73 74 75 76 77 78 79 80 81 82 83 84 85 86 87 88 89 90 91 92 93 94 95 96 97 98 99 100 101 102 103 104 105 106 107 108 109 110 111 112 113 114 115 116 117 118 119 120 121 122 123 124 125 126 127 128 129 130 131 132 133 134 135 136 137 138 139 140 141 142 143 144 145 146 147 148 149 150 151 152 153 154 155 156 157 158 159 160 161 162 163 164 165 166 167 168 169 170 171 172 173 174 175 176 177 178 179 180 181 182 184 185 186 187 188 189 190 191 192 193 194 195 196 197 198 199 200 201 202 203 204 205 206 207 208 209 210 211 212 213 214 215 216 217 218 219 220 221 222 223 224 225 226 227 228 338 229 230 231 232 233 234 339 235 236 237 238 239 240 241 242 243 244 245 246 247 248 249 250 251 252 253 254 255 256 257 258 259 260 261 262 263 264 265 266 267 268 269 270 271 272 273 274 275 276 277 278 279 280 281 282 283 284 340 285 286 287 288 289 290 291 292 293 294 295 296 297 298 299 300 301 302 303 304 341 305 306 307 308 309 310 311 312 313 314 315 316 317 318 319 320 321 322 323 324 325 326 327 328 329 330 331 332 333
p8:4 A 0 1 2 3 4 5 6 7 8 9 10 11 12 13 14 15 16 17 18 19 20 21 22 23 24 25 26 27 28 29 30 31 32 33 34 35 36 37 38 39 40 41 42 43 44 45 46 47 48 49 50 51 52 53 54 55 56 58 59 60 61 62 63 64 65 66 67 68 69 70 71 72 73 74 75 76 77 78 79 80 81 82 83 84 85 86 87 88 89 90 91 92 93 94 95 96 97 98 99 100 342 101 102 103 104 105 106 107 108 109 110 111 112 113 114 115 116 117 118 119 120 121 122 123 124 125 126 127 128 129 130 131 132 133 134 135 136 137 138 139 140 141 142 143 144 145 146 147 148 149 150 151 152 153 343 154 155 156 157 158 159 160 161 162 163 164 165 166 167 168 169 170 171 172 173 174 175 176 177 178 179 180 181 182 184 185 186 187 188 189 190 191 192 193 194 195 196 197 198 199 200 201 202 203 204 205 206 207 208 209 210 211 212 213 214 215 216 217 218 219 220 221 222 223 224 225 226 227 228 229 230 231 232 233 234 235 236 237 238 239 240 241 242 243 244 245 246 247 248 249 250 251 252 253 254 255 256 257 258 259 260 261 262 263 264 265 266 267 268 269 270 271 272 273 274 275 276 277 278 279 280 281 282 283 284 285 286 287 288 289 290 291 292 293 294 295 296 297 298 299 300 301 302 303 304 305 306 307 308 309 310 311 312 313 314 315 316 317 318 319 320 321 322 323 324 325 326 327 328 329 330 331 332 333
p8:5 A 0 1 2 3 4 5 6 7 8 9 10 11 12 13 14 15 16 17 18 19 20 21 22 23 24 25 26 27 28 29 30 31 32 33 34 35 36 37 38 39 40 41 42 43 44 45 46 47 48 49 50 51 52 53 54 55 56 57 58 59 60 61 62 63 64 65 66 67 68 69 70 71 72 73 74 75 76 77 78 79 80 81 82 83 84 85 86 87 88 89 90 91 92 93 94 95 96 97 98 99 100 101 102 103 104 105 344 106 107 108 109 110 111 112 113 114 115 116 117 118 119 120 121 122 123 124 125 126 127 128 129 130 131 132 133 134 135 136 137 138 139 140 141 142 143 144 145 146 147 148 149 150 151 152 153 154 155 156 157 158 159 160 161 162 163 164 165 166 167 168 169 170 171 172 173 174 175 176 177 178 179 180 181 182 184 185 186 187 188 189 190 191 192 193 194 195 196 197 198 199 200 201 202 203 204 205 206 207 208 209 210 211 212 213 214 215 216 217 218 219 220 221 222 223 224 225 226 227 228 229 230 231 232 233 234 235 236 237 238 239 240 241 242 243 244 245 246 247 248 249 250 251 252 253 254 255 256 257 258 259 260 261 262 263 264 265 266 267 268 269 270 271 272 273 274 275 276 277 278 279 280 281 282 283 284 285 286 287 288 289 290 291 292 293 294 295 296 297 298 299 300 301 302 303 304 305 306 307 308 309 310 311 312 313 314 315 316 317 318 319 320 321 322 323 324 325 326 327 328 329 330 331 332 333
p8:6 A 0 1 2 3 4 5 6 7 8 9 10 11 12 13 14 15 16 17 18 19 20 21 22 23 24 25 26 27 28 29 30 31 32 33 34 35 36 37 38 39 40 41 42 43 44 45 46 47 48 49 50 51 52 53 54 55 56 57 58 59 60 61 62 63 64 65 66 67 68 69 70 71 72 73 74 75 76 77 78 79 80 81 82 83 84 85 86 87 88 89 90 91 92 93 94 95 96 97 98 99 100 101 102 103 104 105 106 107 108 109 110 111 112 113 114 115 116 117 118 119 120 121 122 123 124 125 126 127 128 129 130 131 132 133 134 135 136 137 138 139 140 141 142 143 144 145 146 147 148 149 150 151 152 153 154 155 156 157 158 159 160 161 162 163 164 165 166 167 168 169 170 171 172 173 174 175 176 177 178 179 180 181 182 184 185 186 187 188 189 190 191 192 193 194 195 196 197 198 199 200 201 202 203 204 205 206 207 208 209 210 211 212 213 214 215 216 217 218 219 220 221 222 223 224 225 226 227 228 229 230 231 232 233 234 235 236 237 238 239 240 241 242 243 244 245 246 247 248 249 250 251 252 253 254 255 256 257 258 259 260 261 262 263 264 265 266 267 268 269 270 271 272 273 274 275 276 277 278 279 280 281 282 283 284 285 286 287 288 289 290 291 292 293 294 295 296 297 298 299 300 301 302 303 304 305 306 307 308 309 310 311 312 313 314 315 316 317 318 319 320 321 322 323 324 325 326 327 328 329 330 331 332 333
p8:7 A 0 1 2 3 4 5 6 7 8 9 10 11 12 13 14 15 16 17 18 19 20 21 22 23 24 25 26 27 28 29 30 31 32 33 34 35 36 37 38 39 40 41 42 43 44 45 46 47 48 49 50 51 52 53 54 55 56 58 59 60 61 62 63 64 65 66 67 68 69 70 71 72 73 74 75 76 77 78 79 80 81 82 83 84 85 86 87 88 89 90 91 92 93 94 95 96 97 98 99 100 342 101 102 103 104 105 106 107 108 109 110 111 112 113 114 115 116 117 118 119 120 121 122 123 124 125 126 127 128 129 130 131 132 133 134 135 136 137 138 139 140 141 142 143 144 145 146 147 148 149 150 151 152 153 343 154 155 156 157 158 159 160 161 162 163 164 165 166 167 168 169 170 171 172 173 174 175 176 177 178 179 180 181 182 184 185 186 187 188 189 190 191 192 193 194 195 196 197 198 199 200 201 202 203 204 205 206 207 208 209 210 211 212 213 214 215 216 217 218 219 220 221 222 223 224 225 226 227 228 229 230 231 232 233 234 235 236 237 238 239 240 241 242 243 244 245 246 247 248 249 250 251 252 253 254 255 256 257 258 259 260 261 262 263 264 265 266 267 268 269 270 271 272 273 274 275 276 277 278 279 280 281 282 283 284 285 286 287 288 289 290 291 292 293 294 295 296 297 298 299 300 301 302 303 304 305 306 307 345 308 309 310 311 312 313 314 315 316 317 318 319 320 321 322 323 324 325 326 327 328 329 330 331 332 333
p8:8 A 0 1 2 3 4 5 6 7 8 9 10 11 12 13 14 15 16 17 18 19 20 21 22 23 24 25 26 27 28 29 30 31 32 33 34 35 36 37 38 39 40 41 42 43 44 45 46 47 48 49 50 51 52 53 54 55 56 58 59 60 61 62 63 64 65 66 67 68 69 70 71 72 73 74 75 334 76 77 78 79 80 81 82 83 84 85 86 87 88 89 90 91 92 93 94 95 96 97 98 99 100 101 102 103 104 105 106 107 108 109 110 111 112 113 114 115 116 117 118 119 120 121 122 123 124 125 126 127 128 129 130 131 132 133 134 135 136 137 138 139 140 141 142 143 144 145 146 147 148 149 150 151 152 153 154 155 156 157 158 159 160 161 162 163 164 165 166 167 168 169 170 171 172 173 174 175 176 177 178 179 180 181 182 346 184 185 186 187 188 189 190 191 192 193 194 195 196 197 198 199 200 201 202 203 204 205 206 207 208 209 210 211 212 213 214 215 216 217 218 219 220 221 222 223 224 225 226 227 228 229 230 231 232 233 234 235 236 237 238 239 240 241 242 243 244 245 246 247 248 249 250 251 252 253 254 255 256 257 258 259 260 261 262 263 264 265 266 267 268 269 270 271 272 273 274 275 276 277 278 279 280 281 282 283 284 285 286 287 288 289 290 291 292 293 294 295 296 297 298 299 300 301 302 303 304 305 306 307 308 309 310 311 312 313 314 315 316 317 318 319 320 321 322 323 324 325 326 327 328 329 330 331 332 333
p8:9 A 0 1 2 3 4 5 6 7 8 9 10 11 12 13 14 15 16 17 18 19 20 21 22 23 24 25 26 27 28 29 30 31 32 33 34 35 36 37 38 39 40 41 42 43 44 45 46 47 48 49 50 51 52 53 54 55 56 58 59 60 61 62 63 64 65 66 67 68 69 70 71 72 73 74 75 76 77 78 79 80 81 82 83 84 85 86 87 88 89 90 91 92 93 94 95 96 97 98 99 100 101 102 103 104 105 106 107 108 109 110 111 112 113 114 115 116 117 118 119 120 121 122 123 124 125 126 127 128 129 130 131 132 133 134 135 136 137 138 139 140 141 142 143 144 145 146 147 148 149 150 151 152 153 154 155 156 157 158 159 160 161 162 163 164 165 166 167 168 169 170 171 172 173 174 175 176 177 178 179 180 181 336 182 184 185 186 187 188 189 190 191 192 193 194 195 196 197 198 199 200 201 202 203 204 205 206 207 208 209 210 211 212 213 214 215 216 217 218 219 220 221 222 223 224 225 226 227 228 229 230 231 232 233 234 337 235 236 237 238 239 240 241 242 243 244 245 246 247 248 249 250 251 252 253 254 255 256 257 258 259 260 261 262 263 264 265 266 267 268 269 270 271 272 273 274 275 276 277 278 279 280 281 282 283 284 285 286 287 288 289 290 291 292 293 294 295 296 297 298 299 300 301 302 303 304 305 306 307 308 309 310 311 312 313 314 315 316 317 318 319 320 321 322 323 324 325 326 327 328 329 330 331 332 333
