#OUT: 4000 SS p1 1 /Users/srikarnamburi/Desktop/divergence.txt
Mutations:
348 3202 m1 28274 0 0.5 p1 323 1
1260 5728 m1 99106 0 0.5 p1 566 1
270 8062 m1 22084 0 0.5 p1 803 1
894 23075 m2 70284 -0.0299999993 0.5 p1 2001 1
367 23076 m1 30323 0 0.5 p1 2001 1
636 28194 m2 49727 -0.0299999993 0.5 p1 2004 1
507 28195 m1 39998 0 0.5 p1 2004 1
558 28196 m2 43082 -0.0299999993 0.5 p1 2004 1
16 32538 m2 1290 -0.0299999993 0.5 p1 2006 1
52 34481 m1 3860 0 0.5 p1 2007 1
885 36585 m1 69191 0 0.5 p1 2008 1
532 36586 m1 41386 0 0.5 p1 2008 1
773 40855 m1 61192 0 0.5 p1 2010 1
677 42150 m1 53410 0 0.5 p1 2011 1
981 48276 m1 75867 0 0.5 p1 2014 1
1083 52639 m2 84769 -0.0299999993 0.5 p1 2016 1
719 58982 m1 56952 0 0.5 p1 2019 1
424 62842 m1 34772 0 0.5 p1 2021 1
1214 66767 m2 95306 -0.0299999993 0.5 p1 2023 1
440 70571 m1 35709 0 0.5 p1 2025 1
767 72151 m2 60886 -0.0299999993 0.5 p1 2026 1
831 76803 m1 65385 0 0.5 p1 2028 1
392 80735 m2 32176 -0.0299999993 0.5 p1 2030 1
139 86037 m1 10985 0 0.5 p1 2033 1
448 90775 m2 36411 -0.0299999993 0.5 p1 2035 1
1032 90776 m1 79905 0 0.5 p1 2035 1
373 92715 m1 30757 0 0.5 p1 2036 1
654 94006 m2 51053 -0.0299999993 0.5 p1 2037 1
812 98884 m2 64114 -0.0299999993 0.5 p1 2039 1
713 98885 m2 56528 -0.0299999993 0.5 p1 2039 1
902 100666 m1 70823 0 0.5 p1 2040 1
317 100667 m2 26193 -0.0299999993 0.5 p1 2040 1
1224 100668 m1 96608 0 0.5 p1 2040 1
1002 104786 m2 77645 -0.0299999993 0.5 p1 2042 1
123 106440 m1 9980 0 0.5 p1 2043 1
463 109023 m1 37451 0 0.5 p1 2044 1
410 110439 m1 33342 0 0.5 p1 2045 1
611 112358 m2 47855 -0.0299999993 0.5 p1 2046 1
1110 114563 m2 87013 -0.0299999993 0.5 p1 2047 1
161 116945 m2 12922 -0.0299999993 0.5 p1 2048 1
203 116946 m2 16201 -0.0299999993 0.5 p1 2048 1
1105 128626 m1 86610 0 0.5 p1 2054 1
355 130952 m2 29241 -0.0299999993 0.5 p1 2055 1
892 132099 m1 69828 0 0.5 p1 2056 1
218 144377 m1 17618 0 0.5 p1 2062 1
202 148431 m2 16195 -0.0299999993 0.5 p1 2064 1
1187 156586 m2 92979 -0.0299999993 0.5 p1 2068 1
82 163056 m2 7339 -0.0299999993 0.5 p1 2071 1
137 164394 m1 10888 0 0.5 p1 2072 1
282 168459 m1 23035 0 0.5 p1 2074 1
847 169089 m1 66641 0 0.5 p1 2074 1
89 174542 m2 7568 -0.0299999993 0.5 p1 2077 1
256 179177 m2 20541 -0.0299999993 0.5 p1 2079 1
901 180494 m1 70813 0 0.5 p1 2080 1
676 180989 m2 53363 -0.0299999993 0.5 p1 2080 1
1226 188293 m2 96797 -0.0299999993 0.5 p1 2084 1
182 192481 m1 14180 0 0.5 p1 2086 1
465 196353 m2 37541 -0.0299999993 0.5 p1 2088 1
1107 200068 m1 86768 0 0.5 p1 2090 1
455 200470 m1 37128 0 0.5 p1 2090 1
474 206348 m2 38014 -0.0299999993 0.5 p1 2093 1
80 208774 m1 6913 0 0.5 p1 2094 1
672 210196 m2 53165 -0.0299999993 0.5 p1 2095 1
1037 214013 m1 80099 0 0.5 p1 2097 1
298 220679 m2 24607 -0.0299999993 0.5 p1 2100 1
103 220680 m1 8403 0 0.5 p1 2100 1
1218 220783 m1 95845 0 0.5 p1 2100 1
432 221956 m2 35002 -0.0299999993 0.5 p1 2101 1
266 221957 m1 21733 0 0.5 p1 2101 1
992 224013 m1 76735 0 0.5 p1 2102 1
908 230112 m1 71092 0 0.5 p1 2105 1
865 232082 m2 67458 -0.0299999993 0.5 p1 2106 1
122 232430 m1 9972 0 0.5 p1 2106 1
703 232431 m1 55744 0 0.5 p1 2106 1
820 241718 m1 64434 0 0.5 p1 2111 1
856 250251 m2 67110 -0.0299999993 0.5 p1 2115 1
752 253830 m1 59474 0 0.5 p1 2117 1
429 256077 m2 34940 -0.0299999993 0.5 p1 2118 1
853 262333 m1 66840 0 0.5 p1 2121 1
11 262349 m1 829 0 0.5 p1 2121 1
1172 264136 m1 91919 0 0.5 p1 2122 1
307 269764 m2 25470 -0.0299999993 0.5 p1 2125 1
760 275440 m1 60429 0 0.5 p1 2128 1
490 280015 m2 39376 -0.0299999993 0.5 p1 2130 1
697 280016 m1 55456 0 0.5 p1 2130 1
849 281757 m2 66696 -0.0299999993 0.5 p1 2131 1
1196 285692 m1 93863 0 0.5 p1 2133 1
53 296310 m2 3901 -0.0299999993 0.5 p1 2138 1
740 296311 m2 58304 -0.0299999993 0.5 p1 2138 1
741 297598 m2 58337 -0.0299999993 0.5 p1 2139 1
152 299712 m1 12499 0 0.5 p1 2140 1
1229 302183 m1 96927 0 0.5 p1 2141 1
437 307499 m2 35506 -0.0299999993 0.5 p1 2144 1
33 307500 m2 2292 -0.0299999993 0.5 p1 2144 1
1069 308041 m1 83143 0 0.5 p1 2144 1
707 318084 m2 55982 -0.0299999993 0.5 p1 2149 1
554 320070 m1 42933 0 0.5 p1 2150 1
607 323739 m1 47741 0 0.5 p1 2152 1
955 325463 m2 74452 -0.0299999993 0.5 p1 2153 1
918 328149 m2 72029 -0.0299999993 0.5 p1 2154 1
1079 329788 m1 84402 0 0.5 p1 2155 1
54 330429 m1 4138 0 0.5 p1 2155 1
365 332122 m2 30236 -0.0299999993 0.5 p1 2156 1
1200 334121 m1 94361 0 0.5 p1 2157 1
456 335649 m1 37142 0 0.5 p1 2158 1
1024 342256 m1 79280 0 0.5 p1 2161 1
184 347880 m1 14356 0 0.5 p1 2164 1
974 349293 m1 75610 0 0.5 p1 2165 1
1101 351906 m1 86369 0 0.5 p1 2166 1
449 353318 m2 36577 -0.0299999993 0.5 p1 2167 1
995 355143 m2 76798 -0.0299999993 0.5 p1 2168 1
841 357622 m1 66010 0 0.5 p1 2169 1
851 357623 m1 66802 0 0.5 p1 2169 1
319 359350 m2 26254 -0.0299999993 0.5 p1 2170 1
652 365645 m2 50933 -0.0299999993 0.5 p1 2173 1
628 367753 m1 49183 0 0.5 p1 2174 1
197 369577 m1 15568 0 0.5 p1 2175 1
842 373272 m1 66198 0 0.5 p1 2177 1
506 375259 m1 39981 0 0.5 p1 2178 1
589 375261 m2 45547 -0.0299999993 0.5 p1 2178 1
183 379665 m2 14218 -0.0299999993 0.5 p1 2180 1
726 379666 m1 57486 0 0.5 p1 2180 1
23 383584 m1 1578 0 0.5 p1 2182 1
78 383585 m2 6674 -0.0299999993 0.5 p1 2182 1
722 383586 m2 57204 -0.0299999993 0.5 p1 2182 1
624 383587 m2 48906 -0.0299999993 0.5 p1 2182 1
852 385149 m2 66821 -0.0299999993 0.5 p1 2183 1
390 385970 m2 31989 -0.0299999993 0.5 p1 2183 1
1132 387274 m1 88318 0 0.5 p1 2184 1
631 387895 m1 49427 0 0.5 p1 2184 1
234 395097 m1 18829 0 0.5 p1 2188 1
63 397322 m1 4941 0 0.5 p1 2189 1
1233 403166 m2 97000 -0.0299999993 0.5 p1 2192 1
278 403167 m1 22809 0 0.5 p1 2192 1
661 405405 m1 51947 0 0.5 p1 2193 1
764 413394 m1 60667 0 0.5 p1 2197 1
41 413395 m2 3300 -0.0299999993 0.5 p1 2197 1
533 415220 m1 41530 0 0.5 p1 2198 1
86 419256 m2 7443 -0.0299999993 0.5 p1 2200 1
408 423454 m1 33211 0 0.5 p1 2202 1
701 423455 m1 55586 0 0.5 p1 2202 1
863 431181 m1 67370 0 0.5 p1 2206 1
321 435223 m2 26390 -0.0299999993 0.5 p1 2208 1
649 435224 m1 50800 0 0.5 p1 2208 1
1193 437902 m1 93746 0 0.5 p1 2209 1
1166 441354 m1 91417 0 0.5 p1 2211 1
579 443971 m1 44952 0 0.5 p1 2212 1
569 453322 m2 44112 -0.0299999993 0.5 p1 2217 1
353 456002 m2 28966 -0.0299999993 0.5 p1 2218 1
332 457193 m1 27109 0 0.5 p1 2219 1
1239 457194 m2 97318 -0.0299999993 0.5 p1 2219 1
306 457195 m2 25353 -0.0299999993 0.5 p1 2219 1
879 463168 m1 68521 0 0.5 p1 2222 1
1011 463169 m2 78078 -0.0299999993 0.5 p1 2222 1
1086 463170 m1 85091 0 0.5 p1 2222 1
942 469118 m1 73527 0 0.5 p1 2225 1
1014 471866 m1 78417 0 0.5 p1 2226 1
263 473171 m1 21450 0 0.5 p1 2227 1
461 473172 m1 37407 0 0.5 p1 2227 1
1071 477322 m1 83487 0 0.5 p1 2229 1
360 477323 m2 29633 -0.0299999993 0.5 p1 2229 1
156 481689 m2 12739 -0.0299999993 0.5 p1 2231 1
1114 483047 m1 87308 0 0.5 p1 2232 1
422 487814 m2 34692 -0.0299999993 0.5 p1 2234 1
124 489189 m2 10091 -0.0299999993 0.5 p1 2235 1
91 493129 m1 7664 0 0.5 p1 2237 1
277 493130 m1 22629 0 0.5 p1 2237 1
596 495055 m1 46258 0 0.5 p1 2238 1
989 497466 m1 76586 0 0.5 p1 2239 1
216 499254 m2 17429 -0.0299999993 0.5 p1 2240 1
835 501413 m1 65725 0 0.5 p1 2241 1
1160 507329 m1 90786 0 0.5 p1 2244 1
829 507330 m2 65158 -0.0299999993 0.5 p1 2244 1
505 515446 m1 39886 0 0.5 p1 2248 1
1016 517881 m2 78482 -0.0299999993 0.5 p1 2249 1
386 519956 m1 31797 0 0.5 p1 2250 1
844 535286 m1 66234 0 0.5 p1 2258 1
536 537697 m2 41605 -0.0299999993 0.5 p1 2259 1
754 537698 m2 59840 -0.0299999993 0.5 p1 2259 1
459 541075 m1 37242 0 0.5 p1 2261 1
148 543173 m1 11844 0 0.5 p1 2262 1
501 551636 m1 39789 0 0.5 p1 2266 1
1159 551637 m1 90611 0 0.5 p1 2266 1
680 553626 m2 53666 -0.0299999993 0.5 p1 2267 1
1255 555490 m2 98757 -0.0299999993 0.5 p1 2268 1
825 555491 m1 64862 0 0.5 p1 2268 1
743 555492 m2 58461 -0.0299999993 0.5 p1 2268 1
594 555493 m1 46190 0 0.5 p1 2268 1
917 557004 m1 72009 0 0.5 p1 2269 1
225 559062 m2 18254 -0.0299999993 0.5 p1 2270 1
610 565584 m1 47782 0 0.5 p1 2273 1
598 565585 m2 46463 -0.0299999993 0.5 p1 2273 1
777 571225 m2 61667 -0.0299999993 0.5 p1 2276 1
21 573880 m1 1437 0 0.5 p1 2277 1
297 579556 m2 24555 -0.0299999993 0.5 p1 2280 1
868 579557 m2 67669 -0.0299999993 0.5 p1 2280 1
975 581313 m1 75611 0 0.5 p1 2281 1
10 583528 m2 726 -0.0299999993 0.5 p1 2282 1
120 587647 m1 9933 0 0.5 p1 2284 1
426 595192 m1 34828 0 0.5 p1 2288 1
988 597851 m2 76548 -0.0299999993 0.5 p1 2289 1
1054 599742 m2 81887 -0.0299999993 0.5 p1 2290 1
428 605375 m2 34919 -0.0299999993 0.5 p1 2293 1
377 608980 m1 30978 0 0.5 p1 2295 1
599 613472 m2 46820 -0.0299999993 0.5 p1 2297 1
296 616859 m2 24380 -0.0299999993 0.5 p1 2299 1
510 626861 m1 40094 0 0.5 p1 2304 1
4 629016 m1 388 0 0.5 p1 2305 1
453 631126 m1 36976 0 0.5 p1 2306 1
613 635369 m1 48162 0 0.5 p1 2308 1
1049 637358 m1 81229 0 0.5 p1 2309 1
1031 641356 m2 79850 -0.0299999993 0.5 p1 2311 1
1170 649327 m2 91756 -0.0299999993 0.5 p1 2315 1
352 657168 m2 28933 -0.0299999993 0.5 p1 2319 1
911 658909 m1 71162 0 0.5 p1 2320 1
794 658910 m1 62633 0 0.5 p1 2320 1
621 661228 m2 48565 -0.0299999993 0.5 p1 2321 1
1135 663628 m2 88808 -0.0299999993 0.5 p1 2322 1
24 665499 m1 1599 0 0.5 p1 2323 1
936 667240 m2 73262 -0.0299999993 0.5 p1 2324 1
383 673062 m2 31724 -0.0299999993 0.5 p1 2327 1
1112 673063 m1 87150 0 0.5 p1 2327 1
405 681617 m2 32847 -0.0299999993 0.5 p1 2331 1
873 685341 m1 67913 0 0.5 p1 2333 1
584 691201 m1 45221 0 0.5 p1 2336 1
1222 697700 m1 96440 0 0.5 p1 2339 1
736 701057 m2 58085 -0.0299999993 0.5 p1 2341 1
151 703488 m2 12426 -0.0299999993 0.5 p1 2342 1
576 703489 m2 44826 -0.0299999993 0.5 p1 2342 1
1221 712005 m1 96362 0 0.5 p1 2346 1
827 712006 m2 64979 -0.0299999993 0.5 p1 2346 1
395 714064 m2 32307 -0.0299999993 0.5 p1 2347 1
208 717353 m1 16769 0 0.5 p1 2349 1
138 719606 m1 10919 0 0.5 p1 2350 1
1161 725243 m2 90816 -0.0299999993 0.5 p1 2353 1
402 725244 m2 32701 -0.0299999993 0.5 p1 2353 1
292 731726 m1 24123 0 0.5 p1 2356 1
731 737414 m2 57874 -0.0299999993 0.5 p1 2359 1
551 737415 m1 42712 0 0.5 p1 2359 1
947 745134 m2 73943 -0.0299999993 0.5 p1 2363 1
47 745135 m2 3592 -0.0299999993 0.5 p1 2363 1
1051 745136 m1 81691 0 0.5 p1 2363 1
343 747002 m2 27967 -0.0299999993 0.5 p1 2364 1
798 748767 m1 62954 0 0.5 p1 2365 1
1134 753069 m2 88658 -0.0299999993 0.5 p1 2367 1
857 757113 m2 67119 -0.0299999993 0.5 p1 2369 1
491 757114 m2 39411 -0.0299999993 0.5 p1 2369 1
985 759171 m2 76389 -0.0299999993 0.5 p1 2370 1
108 761019 m2 8732 -0.0299999993 0.5 p1 2371 1
561 763224 m2 43226 -0.0299999993 0.5 p1 2372 1
470 767427 m1 37800 0 0.5 p1 2374 1
99 772886 m1 8178 0 0.5 p1 2377 1
119 772887 m1 9902 0 0.5 p1 2377 1
739 775537 m1 58242 0 0.5 p1 2378 1
900 775538 m1 70669 0 0.5 p1 2378 1
280 777484 m1 22935 0 0.5 p1 2379 1
552 777485 m2 42896 -0.0299999993 0.5 p1 2379 1
213 777486 m1 17251 0 0.5 p1 2379 1
493 777487 m2 39520 -0.0299999993 0.5 p1 2379 1
922 790909 m1 72340 0 0.5 p1 2386 1
778 790910 m1 61696 0 0.5 p1 2386 1
711 795487 m2 56285 -0.0299999993 0.5 p1 2388 1
1167 799064 m2 91515 -0.0299999993 0.5 p1 2390 1
925 799065 m2 72824 -0.0299999993 0.5 p1 2390 1
699 813123 m2 55469 -0.0299999993 0.5 p1 2397 1
1265 819186 m2 99505 -0.0299999993 0.5 p1 2400 1
1225 823553 m2 96720 -0.0299999993 0.5 p1 2402 1
335 823554 m2 27267 -0.0299999993 0.5 p1 2402 1
215 824727 m2 17399 -0.0299999993 0.5 p1 2403 1
619 826981 m2 48428 -0.0299999993 0.5 p1 2404 1
1123 829587 m1 87851 0 0.5 p1 2405 1
666 843007 m1 52286 0 0.5 p1 2412 1
1017 843008 m2 78537 -0.0299999993 0.5 p1 2412 1
961 844970 m1 74738 0 0.5 p1 2413 1
689 847828 m2 54426 -0.0299999993 0.5 p1 2414 1
1100 851037 m1 86226 0 0.5 p1 2416 1
221 851038 m1 18078 0 0.5 p1 2416 1
37 852937 m1 2984 0 0.5 p1 2417 1
1198 855718 m2 94173 -0.0299999993 0.5 p1 2418 1
605 861732 m1 47691 0 0.5 p1 2421 1
817 863156 m1 64348 0 0.5 p1 2422 1
603 865334 m2 47571 -0.0299999993 0.5 p1 2423 1
73 865335 m2 6150 -0.0299999993 0.5 p1 2423 1
997 865336 m2 76951 -0.0299999993 0.5 p1 2423 1
723 866973 m1 57239 0 0.5 p1 2424 1
247 873331 m1 19930 0 0.5 p1 2427 1
1215 879778 m2 95381 -0.0299999993 0.5 p1 2430 1
637 881694 m2 49729 -0.0299999993 0.5 p1 2431 1
1248 881695 m1 98352 0 0.5 p1 2431 1
1103 888976 m2 86485 -0.0299999993 0.5 p1 2435 1
793 895212 m2 62567 -0.0299999993 0.5 p1 2438 1
417 899363 m2 34297 -0.0299999993 0.5 p1 2440 1
406 901477 m2 33058 -0.0299999993 0.5 p1 2441 1
706 901478 m1 55913 0 0.5 p1 2441 1
132 907308 m2 10548 -0.0299999993 0.5 p1 2444 1
275 907309 m2 22514 -0.0299999993 0.5 p1 2444 1
534 909418 m2 41602 -0.0299999993 0.5 p1 2445 1
702 919065 m1 55621 0 0.5 p1 2450 1
1174 919066 m1 91997 0 0.5 p1 2450 1
1254 925023 m1 98698 0 0.5 p1 2453 1
181 927846 m1 14054 0 0.5 p1 2454 1
22 929592 m1 1458 0 0.5 p1 2455 1
1025 929593 m2 79360 -0.0299999993 0.5 p1 2455 1
875 937222 m2 68076 -0.0299999993 0.5 p1 2459 1
242 943675 m2 19615 -0.0299999993 0.5 p1 2462 1
251 949619 m1 20046 0 0.5 p1 2465 1
255 949620 m2 20455 -0.0299999993 0.5 p1 2465 1
1018 950941 m2 78545 -0.0299999993 0.5 p1 2466 1
1212 952788 m1 95115 0 0.5 p1 2467 1
413 957132 m2 33637 -0.0299999993 0.5 p1 2469 1
198 967020 m1 15622 0 0.5 p1 2474 1
696 968791 m2 55387 -0.0299999993 0.5 p1 2475 1
802 973377 m1 63350 0 0.5 p1 2477 1
476 974950 m1 38357 0 0.5 p1 2478 1
1203 977241 m1 94508 0 0.5 p1 2479 1
1267 979219 m1 99625 0 0.5 p1 2480 1
651 979220 m1 50910 0 0.5 p1 2480 1
745 981392 m1 58800 0 0.5 p1 2481 1
592 981393 m1 45789 0 0.5 p1 2481 1
257 981394 m1 20696 0 0.5 p1 2481 1
436 981395 m1 35493 0 0.5 p1 2481 1
1154 985473 m2 90357 -0.0299999993 0.5 p1 2483 1
227 987008 m2 18419 -0.0299999993 0.5 p1 2484 1
482 991135 m2 38499 -0.0299999993 0.5 p1 2486 1
1043 995627 m2 80731 -0.0299999993 0.5 p1 2488 1
1115 999289 m2 87340 -0.0299999993 0.5 p1 2490 1
648 1001252 m1 50771 0 0.5 p1 2491 1
586 1003178 m2 45451 -0.0299999993 0.5 p1 2492 1
872 1005868 m1 67878 0 0.5 p1 2493 1
271 1007348 m2 22276 -0.0299999993 0.5 p1 2494 1
279 1011166 m1 22842 0 0.5 p1 2496 1
737 1017470 m2 58126 -0.0299999993 0.5 p1 2499 1
670 1019232 m2 52586 -0.0299999993 0.5 p1 2500 1
1253 1025717 m1 98517 0 0.5 p1 2503 1
1082 1027672 m1 84664 0 0.5 p1 2504 1
854 1027673 m1 66995 0 0.5 p1 2504 1
1195 1027674 m1 93768 0 0.5 p1 2504 1
160 1029456 m1 12875 0 0.5 p1 2505 1
475 1029457 m2 38053 -0.0299999993 0.5 p1 2505 1
290 1032824 m2 24008 -0.0299999993 0.5 p1 2507 1
560 1037145 m1 43162 0 0.5 p1 2509 1
1266 1037146 m1 99566 0 0.5 p1 2509 1
450 1045790 m2 36653 -0.0299999993 0.5 p1 2513 1
338 1047594 m2 27529 -0.0299999993 0.5 p1 2514 1
391 1051170 m2 32168 -0.0299999993 0.5 p1 2516 1
121 1055141 m2 9939 -0.0299999993 0.5 p1 2518 1
1213 1063187 m2 95275 -0.0299999993 0.5 p1 2522 1
172 1063188 m1 13660 0 0.5 p1 2522 1
1202 1065173 m1 94477 0 0.5 p1 2523 1
548 1071385 m1 42512 0 0.5 p1 2526 1
973 1080554 m1 75574 0 0.5 p1 2531 1
40 1085095 m2 3161 -0.0299999993 0.5 p1 2533 1
233 1088252 m1 18798 0 0.5 p1 2535 1
495 1088253 m2 39542 -0.0299999993 0.5 p1 2535 1
826 1090288 m1 64972 0 0.5 p1 2536 1
979 1090289 m1 75721 0 0.5 p1 2536 1
946 1092724 m2 73747 -0.0299999993 0.5 p1 2537 1
782 1097105 m2 61978 -0.0299999993 0.5 p1 2539 1
1139 1098790 m1 89153 0 0.5 p1 2540 1
675 1102791 m1 53289 0 0.5 p1 2542 1
830 1104383 m1 65349 0 0.5 p1 2543 1
239 1106651 m2 19287 -0.0299999993 0.5 p1 2544 1
520 1112152 m1 40453 0 0.5 p1 2547 1
1149 1116171 m1 89959 0 0.5 p1 2549 1
388 1122923 m1 31919 0 0.5 p1 2552 1
604 1128596 m1 47638 0 0.5 p1 2555 1
1039 1131302 m2 80255 -0.0299999993 0.5 p1 2556 1
469 1132943 m1 37783 0 0.5 p1 2557 1
1080 1134519 m1 84473 0 0.5 p1 2558 1
846 1137154 m1 66588 0 0.5 p1 2559 1
1027 1138979 m1 79653 0 0.5 p1 2560 1
241 1142732 m2 19533 -0.0299999993 0.5 p1 2562 1
396 1142733 m2 32312 -0.0299999993 0.5 p1 2562 1
1033 1145310 m2 80010 -0.0299999993 0.5 p1 2563 1
765 1146882 m2 60812 -0.0299999993 0.5 p1 2564 1
1243 1148763 m1 97504 0 0.5 p1 2565 1
1127 1155085 m2 88069 -0.0299999993 0.5 p1 2568 1
1064 1155086 m1 82787 0 0.5 p1 2568 1
756 1156900 m1 59937 0 0.5 p1 2569 1
423 1166850 m2 34698 -0.0299999993 0.5 p1 2574 1
1190 1169070 m1 93586 0 0.5 p1 2575 1
1142 1170972 m2 89397 -0.0299999993 0.5 p1 2576 1
77 1175029 m1 6593 0 0.5 p1 2578 1
504 1177467 m1 39867 0 0.5 p1 2579 1
978 1178785 m1 75654 0 0.5 p1 2580 1
389 1181095 m2 31964 -0.0299999993 0.5 p1 2581 1
573 1185046 m2 44582 -0.0299999993 0.5 p1 2583 1
1145 1185047 m1 89647 0 0.5 p1 2583 1
910 1187516 m2 71151 -0.0299999993 0.5 p1 2584 1
207 1187517 m1 16732 0 0.5 p1 2584 1
562 1207347 m1 43232 0 0.5 p1 2594 1
530 1207348 m1 41355 0 0.5 p1 2594 1
1223 1208972 m1 96448 0 0.5 p1 2595 1
329 1210825 m2 26855 -0.0299999993 0.5 p1 2596 1
1042 1210826 m1 80512 0 0.5 p1 2596 1
69 1210827 m2 5794 -0.0299999993 0.5 p1 2596 1
387 1214929 m2 31817 -0.0299999993 0.5 p1 2598 1
1138 1217470 m2 89116 -0.0299999993 0.5 p1 2599 1
250 1223171 m1 19960 0 0.5 p1 2602 1
819 1223172 m2 64425 -0.0299999993 0.5 p1 2602 1
550 1225164 m2 42690 -0.0299999993 0.5 p1 2603 1
543 1229432 m1 42347 0 0.5 p1 2605 1
734 1232529 m1 57981 0 0.5 p1 2607 1
591 1235013 m1 45753 0 0.5 p1 2608 1
803 1236840 m1 63391 0 0.5 p1 2609 1
1070 1236841 m2 83152 -0.0299999993 0.5 p1 2609 1
1111 1244812 m2 87095 -0.0299999993 0.5 p1 2613 1
590 1249231 m1 45726 0 0.5 p1 2615 1
194 1256727 m1 15325 0 0.5 p1 2619 1
291 1258932 m1 24096 0 0.5 p1 2620 1
62 1260657 m2 4810 -0.0299999993 0.5 p1 2621 1
1055 1264550 m2 81974 -0.0299999993 0.5 p1 2623 1
129 1268311 m1 10328 0 0.5 p1 2625 1
818 1274734 m2 64398 -0.0299999993 0.5 p1 2628 1
380 1280940 m2 31135 -0.0299999993 0.5 p1 2631 1
199 1294985 m2 15762 -0.0299999993 0.5 p1 2638 1
398 1298884 m2 32391 -0.0299999993 0.5 p1 2640 1
708 1298885 m1 56096 0 0.5 p1 2640 1
954 1300237 m1 74408 0 0.5 p1 2641 1
1113 1302191 m2 87291 -0.0299999993 0.5 p1 2642 1
1058 1306372 m1 82228 0 0.5 p1 2644 1
615 1312719 m1 48207 0 0.5 p1 2647 1
489 1314298 m2 39366 -0.0299999993 0.5 p1 2648 1
223 1324195 m1 18136 0 0.5 p1 2653 1
334 1326488 m2 27239 -0.0299999993 0.5 p1 2654 1
556 1326489 m2 42962 -0.0299999993 0.5 p1 2654 1
823 1326490 m2 64695 -0.0299999993 0.5 p1 2654 1
416 1326491 m2 34045 -0.0299999993 0.5 p1 2654 1
1001 1336557 m2 77431 -0.0299999993 0.5 p1 2659 1
68 1338509 m2 5622 -0.0299999993 0.5 p1 2660 1
572 1340462 m1 44532 0 0.5 p1 2661 1
171 1340463 m2 13524 -0.0299999993 0.5 p1 2661 1
587 1340464 m1 45500 0 0.5 p1 2661 1
354 1341924 m2 29139 -0.0299999993 0.5 p1 2662 1
75 1350031 m2 6244 -0.0299999993 0.5 p1 2666 1
838 1356136 m1 65867 0 0.5 p1 2669 1
238 1365877 m2 19249 -0.0299999993 0.5 p1 2674 1
1084 1365878 m1 84813 0 0.5 p1 2674 1
633 1370326 m2 49663 -0.0299999993 0.5 p1 2676 1
1231 1374513 m2 96964 -0.0299999993 0.5 p1 2678 1
232 1378314 m2 18772 -0.0299999993 0.5 p1 2680 1
814 1388383 m2 64233 -0.0299999993 0.5 p1 2685 1
468 1396575 m2 37745 -0.0299999993 0.5 p1 2689 1
356 1399974 m2 29269 -0.0299999993 0.5 p1 2691 1
1121 1399975 m2 87560 -0.0299999993 0.5 p1 2691 1
363 1402663 m1 30167 0 0.5 p1 2692 1
18 1403967 m2 1326 -0.0299999993 0.5 p1 2693 1
1045 1408985 m2 80894 -0.0299999993 0.5 p1 2695 1
688 1410664 m2 54312 -0.0299999993 0.5 p1 2696 1
870 1416474 m1 67769 0 0.5 p1 2699 1
187 1416475 m1 14873 0 0.5 p1 2699 1
763 1422391 m1 60646 0 0.5 p1 2702 1
14 1424615 m2 1003 -0.0299999993 0.5 p1 2703 1
231 1426279 m1 18750 0 0.5 p1 2704 1
597 1426280 m1 46390 0 0.5 p1 2704 1
113 1428786 m2 9363 -0.0299999993 0.5 p1 2705 1
169 1432164 m2 13215 -0.0299999993 0.5 p1 2707 1
522 1435013 m2 40652 -0.0299999993 0.5 p1 2708 1
258 1435014 m2 20697 -0.0299999993 0.5 p1 2708 1
1120 1436775 m2 87544 -0.0299999993 0.5 p1 2709 1
710 1436776 m2 56240 -0.0299999993 0.5 p1 2709 1
643 1436777 m1 50142 0 0.5 p1 2709 1
620 1444161 m1 48550 0 0.5 p1 2713 1
369 1446836 m1 30422 0 0.5 p1 2714 1
799 1446837 m2 62992 -0.0299999993 0.5 p1 2714 1
1169 1448265 m2 91710 -0.0299999993 0.5 p1 2715 1
1153 1448266 m2 90324 -0.0299999993 0.5 p1 2715 1
582 1452406 m2 45027 -0.0299999993 0.5 p1 2717 1
687 1464366 m1 54258 0 0.5 p1 2723 1
13 1468258 m1 938 0 0.5 p1 2725 1
326 1470031 m1 26739 0 0.5 p1 2726 1
542 1474188 m2 42141 -0.0299999993 0.5 p1 2728 1
385 1480393 m2 31754 -0.0299999993 0.5 p1 2731 1
518 1480394 m2 40332 -0.0299999993 0.5 p1 2731 1
167 1482233 m2 13206 -0.0299999993 0.5 p1 2732 1
709 1484286 m1 56216 0 0.5 p1 2733 1
595 1484287 m2 46217 -0.0299999993 0.5 p1 2733 1
9 1486501 m2 712 -0.0299999993 0.5 p1 2734 1
35 1490873 m2 2582 -0.0299999993 0.5 p1 2736 1
243 1492526 m1 19696 0 0.5 p1 2737 1
606 1494429 m2 47695 -0.0299999993 0.5 p1 2738 1
982 1516590 m2 76188 -0.0299999993 0.5 p1 2749 1
1062 1518127 m2 82601 -0.0299999993 0.5 p1 2750 1
419 1518128 m1 34393 0 0.5 p1 2750 1
300 1522361 m1 24677 0 0.5 p1 2752 1
990 1522362 m2 76655 -0.0299999993 0.5 p1 2752 1
512 1526811 m1 40169 0 0.5 p1 2754 1
320 1532937 m1 26313 0 0.5 p1 2757 1
1220 1534323 m2 96223 -0.0299999993 0.5 p1 2758 1
962 1541224 m1 74751 0 0.5 p1 2761 1
399 1542971 m2 32462 -0.0299999993 0.5 p1 2762 1
899 1542972 m2 70620 -0.0299999993 0.5 p1 2762 1
95 1544944 m2 8066 -0.0299999993 0.5 p1 2763 1
583 1560908 m2 45122 -0.0299999993 0.5 p1 2771 1
265 1564871 m2 21731 -0.0299999993 0.5 p1 2773 1
1034 1564872 m1 80044 0 0.5 p1 2773 1
593 1566910 m1 45812 0 0.5 p1 2774 1
806 1568818 m1 63565 0 0.5 p1 2775 1
640 1572782 m2 49866 -0.0299999993 0.5 p1 2777 1
698 1585018 m2 55463 -0.0299999993 0.5 p1 2783 1
916 1593358 m1 71850 0 0.5 p1 2787 1
1 1597197 m2 43 -0.0299999993 0.5 p1 2789 1
1263 1597198 m2 99492 -0.0299999993 0.5 p1 2789 1
991 1601408 m2 76682 -0.0299999993 0.5 p1 2791 1
720 1604628 m1 57036 0 0.5 p1 2793 1
600 1608831 m2 46880 -0.0299999993 0.5 p1 2795 1
511 1608832 m1 40153 0 0.5 p1 2795 1
644 1608833 m1 50156 0 0.5 p1 2795 1
663 1611495 m1 52039 0 0.5 p1 2796 1
1234 1611496 m1 97051 0 0.5 p1 2796 1
566 1611497 m2 43967 -0.0299999993 0.5 p1 2796 1
34 1617375 m2 2473 -0.0299999993 0.5 p1 2799 1
248 1621269 m2 19939 -0.0299999993 0.5 p1 2801 1
347 1621270 m1 28220 0 0.5 p1 2801 1
999 1624709 m1 77050 0 0.5 p1 2803 1
749 1626493 m1 59128 0 0.5 p1 2804 1
968 1628803 m1 75179 0 0.5 p1 2805 1
1035 1634592 m2 80065 -0.0299999993 0.5 p1 2808 1
969 1636806 m1 75190 0 0.5 p1 2809 1
861 1636807 m1 67253 0 0.5 p1 2809 1
935 1638566 m2 73248 -0.0299999993 0.5 p1 2810 1
146 1640757 m2 11594 -0.0299999993 0.5 p1 2811 1
370 1642575 m1 30426 0 0.5 p1 2812 1
322 1649074 m2 26480 -0.0299999993 0.5 p1 2815 1
302 1654906 m1 25182 0 0.5 p1 2818 1
660 1656874 m2 51762 -0.0299999993 0.5 p1 2819 1
1217 1659410 m1 95700 0 0.5 p1 2820 1
993 1659411 m1 76791 0 0.5 p1 2820 1
1060 1668789 m1 82463 0 0.5 p1 2825 1
486 1673241 m2 39012 -0.0299999993 0.5 p1 2827 1
867 1675629 m2 67658 -0.0299999993 0.5 p1 2828 1
971 1679051 m1 75254 0 0.5 p1 2830 1
1124 1683628 m1 88028 0 0.5 p1 2832 1
519 1685277 m2 40356 -0.0299999993 0.5 p1 2833 1
1141 1687335 m2 89335 -0.0299999993 0.5 p1 2834 1
502 1689456 m2 39807 -0.0299999993 0.5 p1 2835 1
570 1689457 m2 44239 -0.0299999993 0.5 p1 2835 1
105 1691459 m2 8583 -0.0299999993 0.5 p1 2836 1
147 1694968 m1 11627 0 0.5 p1 2838 1
1176 1695462 m2 92139 -0.0299999993 0.5 p1 2838 1
1010 1701884 m2 78010 -0.0299999993 0.5 p1 2841 1
905 1705969 m2 70983 -0.0299999993 0.5 p1 2843 1
780 1714009 m1 61889 0 0.5 p1 2847 1
157 1715591 m2 12783 -0.0299999993 0.5 p1 2848 1
244 1717334 m1 19807 0 0.5 p1 2849 1
716 1717335 m1 56635 0 0.5 p1 2849 1
1143 1723448 m1 89422 0 0.5 p1 2852 1
361 1725396 m1 29753 0 0.5 p1 2853 1
70 1729254 m1 5861 0 0.5 p1 2855 1
776 1729255 m2 61603 -0.0299999993 0.5 p1 2855 1
1125 1731281 m2 88040 -0.0299999993 0.5 p1 2856 1
1177 1733772 m2 92144 -0.0299999993 0.5 p1 2857 1
134 1735229 m2 10645 -0.0299999993 0.5 p1 2858 1
5 1741308 m2 404 -0.0299999993 0.5 p1 2861 1
364 1751099 m2 30229 -0.0299999993 0.5 p1 2866 1
1240 1753254 m2 97364 -0.0299999993 0.5 p1 2867 1
188 1756892 m1 14888 0 0.5 p1 2869 1
571 1763533 m2 44356 -0.0299999993 0.5 p1 2872 1
133 1771185 m1 10610 0 0.5 p1 2876 1
496 1771186 m1 39547 0 0.5 p1 2876 1
269 1773105 m1 21865 0 0.5 p1 2877 1
1066 1773176 m1 82895 0 0.5 p1 2877 1
1199 1775430 m2 94262 -0.0299999993 0.5 p1 2878 1
15 1779388 m2 1201 -0.0299999993 0.5 p1 2880 1
963 1783424 m2 74913 -0.0299999993 0.5 p1 2882 1
984 1785379 m2 76269 -0.0299999993 0.5 p1 2883 1
513 1791520 m2 40193 -0.0299999993 0.5 p1 2886 1
480 1799602 m2 38476 -0.0299999993 0.5 p1 2890 1
919 1800827 m1 72087 0 0.5 p1 2891 1
55 1803268 m2 4157 -0.0299999993 0.5 p1 2892 1
1081 1805310 m1 84477 0 0.5 p1 2893 1
1168 1813760 m2 91697 -0.0299999993 0.5 p1 2897 1
747 1813838 m2 59009 -0.0299999993 0.5 p1 2897 1
483 1813839 m2 38750 -0.0299999993 0.5 p1 2897 1
1102 1815016 m1 86463 0 0.5 p1 2898 1
452 1817490 m2 36732 -0.0299999993 0.5 p1 2899 1
318 1833164 m1 26253 0 0.5 p1 2907 1
418 1833166 m2 34369 -0.0299999993 0.5 p1 2907 1
1268 1835440 m2 99811 -0.0299999993 0.5 p1 2908 1
425 1837826 m1 34794 0 0.5 p1 2909 1
779 1841963 m1 61858 0 0.5 p1 2911 1
524 1843828 m2 40839 -0.0299999993 0.5 p1 2912 1
732 1849585 m1 57891 0 0.5 p1 2915 1
394 1850971 m1 32291 0 0.5 p1 2916 1
712 1855538 m2 56464 -0.0299999993 0.5 p1 2918 1
240 1859696 m1 19460 0 0.5 p1 2920 1
766 1861727 m1 60822 0 0.5 p1 2921 1
90 1861728 m2 7641 -0.0299999993 0.5 p1 2921 1
564 1863623 m1 43635 0 0.5 p1 2922 1
1073 1871463 m2 83695 -0.0299999993 0.5 p1 2926 1
580 1881168 m2 44989 -0.0299999993 0.5 p1 2931 1
153 1881169 m1 12602 0 0.5 p1 2931 1
1251 1883553 m1 98467 0 0.5 p1 2932 1
420 1889193 m2 34583 -0.0299999993 0.5 p1 2935 1
1252 1889781 m2 98471 -0.0299999993 0.5 p1 2935 1
789 1891328 m2 62382 -0.0299999993 0.5 p1 2936 1
1230 1901110 m2 96933 -0.0299999993 0.5 p1 2941 1
850 1905655 m1 66703 0 0.5 p1 2943 1
1241 1911522 m2 97447 -0.0299999993 0.5 p1 2946 1
497 1917774 m1 39678 0 0.5 p1 2949 1
921 1919901 m2 72317 -0.0299999993 0.5 p1 2950 1
515 1919902 m1 40268 0 0.5 p1 2950 1
39 1923981 m1 3160 0 0.5 p1 2952 1
1137 1925128 m1 88975 0 0.5 p1 2953 1
1227 1927740 m1 96870 0 0.5 p1 2954 1
792 1935776 m2 62556 -0.0299999993 0.5 p1 2958 1
100 1937179 m2 8179 -0.0299999993 0.5 p1 2959 1
1089 1945728 m2 85337 -0.0299999993 0.5 p1 2963 1
882 1947988 m2 68918 -0.0299999993 0.5 p1 2964 1
1061 1947989 m2 82548 -0.0299999993 0.5 p1 2964 1
217 1953184 m2 17459 -0.0299999993 0.5 p1 2967 1
29 1955787 m2 2135 -0.0299999993 0.5 p1 2968 1
473 1957478 m2 37933 -0.0299999993 0.5 p1 2969 1
1246 1957479 m1 97622 0 0.5 p1 2969 1
131 1967540 m1 10460 0 0.5 p1 2974 1
1119 1971492 m2 87507 -0.0299999993 0.5 p1 2976 1
772 1976965 m2 61115 -0.0299999993 0.5 p1 2979 1
286 1979667 m1 23640 0 0.5 p1 2980 1
43 1987470 m1 3438 0 0.5 p1 2984 1
933 1989392 m1 73117 0 0.5 p1 2985 1
1129 1993138 m2 88210 -0.0299999993 0.5 p1 2987 1
1206 1993139 m2 94829 -0.0299999993 0.5 p1 2987 1
958 1993140 m2 74505 -0.0299999993 0.5 p1 2987 1
1000 1999248 m1 77346 0 0.5 p1 2990 1
195 2012952 m1 15333 0 0.5 p1 2997 1
249 2025198 m1 19945 0 0.5 p1 3003 1
401 2027546 m2 32662 -0.0299999993 0.5 p1 3004 1
324 2029716 m2 26622 -0.0299999993 0.5 p1 3005 1
32 2039618 m1 2280 0 0.5 p1 3010 1
642 2041055 m2 50033 -0.0299999993 0.5 p1 3011 1
1008 2041056 m1 77865 0 0.5 p1 3011 1
742 2043540 m2 58439 -0.0299999993 0.5 p1 3012 1
309 2043541 m2 25610 -0.0299999993 0.5 p1 3012 1
285 2047022 m2 23561 -0.0299999993 0.5 p1 3014 1
801 2048714 m2 63089 -0.0299999993 0.5 p1 3015 1
1146 2048715 m1 89694 0 0.5 p1 3015 1
1228 2057519 m2 96874 -0.0299999993 0.5 p1 3019 1
1192 2063061 m2 93695 -0.0299999993 0.5 p1 3022 1
727 2079456 m2 57561 -0.0299999993 0.5 p1 3030 1
158 2081385 m2 12797 -0.0299999993 0.5 p1 3031 1
941 2082900 m2 73477 -0.0299999993 0.5 p1 3032 1
200 2082901 m2 16003 -0.0299999993 0.5 p1 3032 1
143 2085438 m2 11497 -0.0299999993 0.5 p1 3033 1
1155 2087205 m1 90420 0 0.5 p1 3034 1
374 2093224 m2 30816 -0.0299999993 0.5 p1 3037 1
1164 2093225 m1 91204 0 0.5 p1 3037 1
1264 2093226 m2 99500 -0.0299999993 0.5 p1 3037 1
312 2095141 m1 25808 0 0.5 p1 3038 1
44 2103509 m2 3520 -0.0299999993 0.5 p1 3042 1
1085 2104832 m2 85070 -0.0299999993 0.5 p1 3043 1
682 2111099 m1 53766 0 0.5 p1 3046 1
528 2113319 m1 41302 0 0.5 p1 3047 1
1009 2125190 m1 77927 0 0.5 p1 3053 1
980 2125191 m1 75765 0 0.5 p1 3053 1
553 2131808 m1 42906 0 0.5 p1 3056 1
339 2149048 m2 27602 -0.0299999993 0.5 p1 3065 1
472 2155225 m2 37904 -0.0299999993 0.5 p1 3068 1
500 2159464 m1 39755 0 0.5 p1 3070 1
639 2159465 m2 49863 -0.0299999993 0.5 p1 3070 1
451 2159466 m2 36680 -0.0299999993 0.5 p1 3070 1
71 2161967 m1 5994 0 0.5 p1 3071 1
521 2164055 m1 40631 0 0.5 p1 3072 1
733 2164056 m2 57959 -0.0299999993 0.5 p1 3072 1
859 2165239 m2 67214 -0.0299999993 0.5 p1 3073 1
1109 2165240 m2 86973 -0.0299999993 0.5 p1 3073 1
821 2167215 m2 64633 -0.0299999993 0.5 p1 3074 1
934 2183517 m1 73131 0 0.5 p1 3082 1
299 2189846 m1 24645 0 0.5 p1 3085 1
87 2189847 m2 7469 -0.0299999993 0.5 p1 3085 1
1072 2189848 m2 83655 -0.0299999993 0.5 p1 3085 1
66 2193464 m2 5414 -0.0299999993 0.5 p1 3087 1
1130 2201688 m2 88297 -0.0299999993 0.5 p1 3091 1
1005 2209714 m1 77774 0 0.5 p1 3095 1
1004 2217817 m2 77761 -0.0299999993 0.5 p1 3099 1
735 2217818 m1 58078 0 0.5 p1 3099 1
192 2219418 m1 15116 0 0.5 p1 3100 1
834 2223448 m1 65632 0 0.5 p1 3102 1
313 2227289 m2 25900 -0.0299999993 0.5 p1 3104 1
828 2233643 m2 65069 -0.0299999993 0.5 p1 3107 1
104 2235868 m1 8528 0 0.5 p1 3108 1
977 2239483 m2 75629 -0.0299999993 0.5 p1 3110 1
1189 2245812 m2 93314 -0.0299999993 0.5 p1 3113 1
245 2247836 m1 19836 0 0.5 p1 3114 1
1098 2251284 m2 85903 -0.0299999993 0.5 p1 3116 1
487 2254182 m1 39025 0 0.5 p1 3117 1
1122 2257740 m1 87814 0 0.5 p1 3119 1
768 2259582 m2 60934 -0.0299999993 0.5 p1 3120 1
1007 2259583 m1 77821 0 0.5 p1 3120 1
126 2261558 m1 10232 0 0.5 p1 3121 1
787 2261559 m1 62175 0 0.5 p1 3121 1
330 2261560 m1 27084 0 0.5 p1 3121 1
1219 2263409 m1 96015 0 0.5 p1 3122 1
376 2269741 m2 30842 -0.0299999993 0.5 p1 3125 1
88 2275418 m1 7544 0 0.5 p1 3128 1
843 2275419 m1 66219 0 0.5 p1 3128 1
144 2284029 m2 11503 -0.0299999993 0.5 p1 3132 1
98 2289562 m2 8165 -0.0299999993 0.5 p1 3135 1
668 2291812 m2 52508 -0.0299999993 0.5 p1 3136 1
174 2293286 m1 13716 0 0.5 p1 3137 1
1244 2295789 m2 97568 -0.0299999993 0.5 p1 3138 1
1116 2297849 m2 87372 -0.0299999993 0.5 p1 3139 1
1163 2297850 m2 91105 -0.0299999993 0.5 p1 3139 1
165 2299488 m1 13061 0 0.5 p1 3140 1
315 2301736 m2 25959 -0.0299999993 0.5 p1 3141 1
657 2305602 m1 51399 0 0.5 p1 3143 1
1194 2309850 m1 93764 0 0.5 p1 3145 1
632 2315161 m2 49532 -0.0299999993 0.5 p1 3148 1
325 2319648 m1 26712 0 0.5 p1 3150 1
748 2321017 m1 59085 0 0.5 p1 3151 1
252 2325886 m1 20209 0 0.5 p1 3153 1
876 2327721 m2 68268 -0.0299999993 0.5 p1 3154 1
1210 2329802 m2 94888 -0.0299999993 0.5 p1 3155 1
1211 2331791 m1 94889 0 0.5 p1 3156 1
886 2331792 m2 69298 -0.0299999993 0.5 p1 3156 1
407 2335250 m2 33170 -0.0299999993 0.5 p1 3158 1
998 2335251 m1 76967 0 0.5 p1 3158 1
923 2337521 m1 72377 0 0.5 p1 3159 1
1144 2341330 m2 89443 -0.0299999993 0.5 p1 3161 1
622 2341331 m1 48683 0 0.5 p1 3161 1
1095 2345400 m2 85795 -0.0299999993 0.5 p1 3163 1
761 2347908 m1 60565 0 0.5 p1 3164 1
939 2349679 m1 73374 0 0.5 p1 3165 1
674 2353782 m1 53256 0 0.5 p1 3167 1
445 2355313 m1 36133 0 0.5 p1 3168 1
1173 2357721 m1 91967 0 0.5 p1 3169 1
952 2361603 m1 74351 0 0.5 p1 3171 1
442 2363875 m2 35832 -0.0299999993 0.5 p1 3172 1
1181 2368263 m2 92560 -0.0299999993 0.5 p1 3174 1
683 2370065 m2 53871 -0.0299999993 0.5 p1 3175 1
609 2380069 m1 47765 0 0.5 p1 3180 1
1180 2380070 m1 92458 0 0.5 p1 3180 1
809 2383825 m1 63676 0 0.5 p1 3182 1
488 2386559 m2 39230 -0.0299999993 0.5 p1 3183 1
237 2395720 m1 19090 0 0.5 p1 3188 1
368 2397597 m1 30332 0 0.5 p1 3189 1
987 2397598 m1 76481 0 0.5 p1 3189 1
1258 2400606 m1 98931 0 0.5 p1 3190 1
101 2402451 m1 8258 0 0.5 p1 3191 1
2 2402452 m1 58 0 0.5 p1 3191 1
191 2403693 m1 15111 0 0.5 p1 3192 1
568 2403694 m1 44076 0 0.5 p1 3192 1
627 2410226 m2 49080 -0.0299999993 0.5 p1 3195 1
617 2412509 m1 48413 0 0.5 p1 3196 1
967 2414534 m1 75152 0 0.5 p1 3197 1
1184 2414535 m1 92810 0 0.5 p1 3197 1
414 2414536 m2 33798 -0.0299999993 0.5 p1 3197 1
1077 2415763 m2 84080 -0.0299999993 0.5 p1 3198 1
656 2415764 m2 51316 -0.0299999993 0.5 p1 3198 1
903 2418325 m1 70894 0 0.5 p1 3199 1
537 2421892 m2 41814 -0.0299999993 0.5 p1 3201 1
1178 2421893 m1 92367 0 0.5 p1 3201 1
190 2421894 m1 15074 0 0.5 p1 3201 1
481 2421895 m1 38492 0 0.5 p1 3201 1
60 2424162 m2 4503 -0.0299999993 0.5 p1 3202 1
769 2428311 m1 60958 0 0.5 p1 3204 1
76 2430242 m2 6378 -0.0299999993 0.5 p1 3205 1
1090 2439726 m1 85408 0 0.5 p1 3210 1
1078 2442448 m1 84269 0 0.5 p1 3211 1
1075 2447513 m2 83987 -0.0299999993 0.5 p1 3214 1
717 2450313 m1 56824 0 0.5 p1 3215 1
189 2450314 m2 14994 -0.0299999993 0.5 p1 3215 1
358 2451798 m1 29398 0 0.5 p1 3216 1
771 2451799 m2 61111 -0.0299999993 0.5 p1 3216 1
308 2453652 m2 25563 -0.0299999993 0.5 p1 3217 1
1074 2453653 m2 83860 -0.0299999993 0.5 p1 3217 1
27 2457790 m2 1978 -0.0299999993 0.5 p1 3219 1
140 2459969 m1 10993 0 0.5 p1 3220 1
565 2459970 m1 43753 0 0.5 p1 3220 1
840 2465648 m2 66007 -0.0299999993 0.5 p1 3223 1
679 2480390 m2 53607 -0.0299999993 0.5 p1 3230 1
31 2487883 m2 2192 -0.0299999993 0.5 p1 3234 1
810 2492093 m1 63702 0 0.5 p1 3236 1
498 2500199 m2 39722 -0.0299999993 0.5 p1 3240 1
1216 2507548 m1 95674 0 0.5 p1 3244 1
653 2511974 m2 51044 -0.0299999993 0.5 p1 3246 1
499 2521778 m2 39725 -0.0299999993 0.5 p1 3251 1
1019 2524197 m2 78718 -0.0299999993 0.5 p1 3252 1
1067 2528244 m2 83043 -0.0299999993 0.5 p1 3254 1
833 2531964 m2 65599 -0.0299999993 0.5 p1 3256 1
880 2531965 m2 68565 -0.0299999993 0.5 p1 3256 1
858 2533407 m2 67169 -0.0299999993 0.5 p1 3257 1
950 2535419 m1 74212 0 0.5 p1 3258 1
1188 2535454 m2 93215 -0.0299999993 0.5 p1 3258 1
1133 2537416 m2 88526 -0.0299999993 0.5 p1 3259 1
331 2545392 m1 27089 0 0.5 p1 3263 1
83 2547918 m2 7380 -0.0299999993 0.5 p1 3264 1
1209 2551630 m2 94868 -0.0299999993 0.5 p1 3266 1
1261 2551631 m2 99324 -0.0299999993 0.5 p1 3266 1
114 2551651 m2 9474 -0.0299999993 0.5 p1 3266 1
690 2551652 m1 54429 0 0.5 p1 3266 1
517 2553509 m2 40295 -0.0299999993 0.5 p1 3267 1
635 2555401 m2 49719 -0.0299999993 0.5 p1 3268 1
960 2555402 m1 74711 0 0.5 p1 3268 1
259 2557164 m1 20767 0 0.5 p1 3269 1
438 2571248 m1 35677 0 0.5 p1 3276 1
150 2573453 m2 12396 -0.0299999993 0.5 p1 3277 1
254 2575010 m1 20387 0 0.5 p1 3278 1
1183 2585683 m1 92679 0 0.5 p1 3283 1
433 2585860 m2 35317 -0.0299999993 0.5 p1 3283 1
211 2587759 m2 17141 -0.0299999993 0.5 p1 3284 1
382 2587760 m1 31455 0 0.5 p1 3284 1
1038 2592140 m2 80211 -0.0299999993 0.5 p1 3286 1
832 2593247 m1 65462 0 0.5 p1 3287 1
791 2595928 m1 62505 0 0.5 p1 3288 1
1179 2597202 m1 92401 0 0.5 p1 3289 1
164 2597506 m2 13013 -0.0299999993 0.5 p1 3289 1
1057 2607899 m2 82186 -0.0299999993 0.5 p1 3294 1
888 2609555 m2 69463 -0.0299999993 0.5 p1 3295 1
816 2611748 m2 64297 -0.0299999993 0.5 p1 3296 1
774 2611749 m1 61274 0 0.5 p1 3296 1
196 2611750 m2 15540 -0.0299999993 0.5 p1 3296 1
721 2613809 m1 57039 0 0.5 p1 3297 1
1108 2621750 m2 86854 -0.0299999993 0.5 p1 3301 1
30 2623220 m1 2168 0 0.5 p1 3302 1
403 2627783 m1 32810 0 0.5 p1 3304 1
178 2635813 m2 13967 -0.0299999993 0.5 p1 3308 1
658 2636984 m2 51587 -0.0299999993 0.5 p1 3309 1
1047 2637251 m1 81089 0 0.5 p1 3309 1
1096 2637252 m2 85802 -0.0299999993 0.5 p1 3309 1
1245 2637253 m1 97598 0 0.5 p1 3309 1
228 2643596 m1 18443 0 0.5 p1 3312 1
262 2645589 m1 21164 0 0.5 p1 3313 1
588 2649670 m2 45527 -0.0299999993 0.5 p1 3315 1
96 2663629 m1 8091 0 0.5 p1 3322 1
350 2665550 m2 28629 -0.0299999993 0.5 p1 3323 1
545 2665551 m1 42369 0 0.5 p1 3323 1
1151 2671097 m1 90051 0 0.5 p1 3326 1
618 2671649 m1 48422 0 0.5 p1 3326 1
796 2677314 m1 62901 0 0.5 p1 3329 1
541 2677315 m2 42123 -0.0299999993 0.5 p1 3329 1
795 2683469 m1 62772 0 0.5 p1 3332 1
229 2685296 m2 18666 -0.0299999993 0.5 p1 3333 1
349 2687066 m1 28564 0 0.5 p1 3334 1
896 2693202 m1 70382 0 0.5 p1 3337 1
549 2696869 m2 42550 -0.0299999993 0.5 p1 3339 1
61 2698782 m2 4628 -0.0299999993 0.5 p1 3340 1
725 2701138 m1 57434 0 0.5 p1 3341 1
1147 2709122 m1 89759 0 0.5 p1 3345 1
26 2709163 m1 1973 0 0.5 p1 3345 1
303 2716657 m1 25193 0 0.5 p1 3349 1
630 2723430 m1 49279 0 0.5 p1 3352 1
84 2726632 m1 7385 0 0.5 p1 3354 1
972 2726633 m1 75339 0 0.5 p1 3354 1
1041 2728595 m2 80476 -0.0299999993 0.5 p1 3355 1
372 2729415 m1 30658 0 0.5 p1 3355 1
693 2729416 m2 55328 -0.0299999993 0.5 p1 3355 1
1237 2730797 m1 97143 0 0.5 p1 3356 1
59 2731225 m1 4415 0 0.5 p1 3356 1
848 2741317 m1 66647 0 0.5 p1 3361 1
578 2741318 m2 44922 -0.0299999993 0.5 p1 3361 1
111 2757016 m2 9262 -0.0299999993 0.5 p1 3369 1
757 2757017 m1 59978 0 0.5 p1 3369 1
1012 2757297 m1 78091 0 0.5 p1 3369 1
906 2762810 m1 70998 0 0.5 p1 3372 1
920 2765230 m1 72257 0 0.5 p1 3373 1
107 2766972 m2 8699 -0.0299999993 0.5 p1 3374 1
949 2766973 m1 74142 0 0.5 p1 3374 1
458 2766974 m2 37210 -0.0299999993 0.5 p1 3374 1
684 2772753 m1 53929 0 0.5 p1 3377 1
1191 2772810 m1 93622 0 0.5 p1 3377 1
1118 2776687 m1 87476 0 0.5 p1 3379 1
1046 2790848 m1 81047 0 0.5 p1 3386 1
50 2804548 m2 3781 -0.0299999993 0.5 p1 3393 1
117 2804549 m1 9886 0 0.5 p1 3393 1
48 2806674 m1 3625 0 0.5 p1 3394 1
965 2813266 m2 75010 -0.0299999993 0.5 p1 3397 1
996 2816827 m2 76837 -0.0299999993 0.5 p1 3399 1
58 2820425 m1 4346 0 0.5 p1 3401 1
1207 2824776 m1 94840 0 0.5 p1 3403 1
431 2826952 m2 34964 -0.0299999993 0.5 p1 3404 1
887 2828493 m2 69379 -0.0299999993 0.5 p1 3405 1
931 2831201 m1 73105 0 0.5 p1 3406 1
508 2833003 m1 40034 0 0.5 p1 3407 1
1087 2835064 m1 85125 0 0.5 p1 3408 1
704 2836996 m2 55848 -0.0299999993 0.5 p1 3409 1
1256 2838578 m1 98812 0 0.5 p1 3410 1
1040 2838579 m1 80429 0 0.5 p1 3410 1
650 2843015 m1 50858 0 0.5 p1 3412 1
0 2844972 m1 11 0 0.5 p1 3413 1
110 2844973 m2 9022 -0.0299999993 0.5 p1 3413 1
1094 2848288 m1 85769 0 0.5 p1 3415 1
378 2848517 m2 31003 -0.0299999993 0.5 p1 3415 1
1259 2850540 m1 99062 0 0.5 p1 3416 1
462 2851115 m1 37416 0 0.5 p1 3416 1
180 2851116 m1 14047 0 0.5 p1 3416 1
159 2851117 m1 12855 0 0.5 p1 3416 1
79 2862684 m1 6793 0 0.5 p1 3422 1
715 2864575 m1 56603 0 0.5 p1 3423 1
514 2868533 m2 40217 -0.0299999993 0.5 p1 3425 1
6 2868534 m2 500 -0.0299999993 0.5 p1 3425 1
154 2868535 m1 12616 0 0.5 p1 3425 1
540 2868536 m2 42025 -0.0299999993 0.5 p1 3425 1
485 2871393 m2 38971 -0.0299999993 0.5 p1 3426 1
608 2873153 m2 47758 -0.0299999993 0.5 p1 3427 1
871 2876903 m1 67868 0 0.5 p1 3429 1
464 2881243 m1 37518 0 0.5 p1 3431 1
940 2894875 m2 73464 -0.0299999993 0.5 p1 3438 1
612 2898726 m1 47873 0 0.5 p1 3440 1
523 2902959 m1 40782 0 0.5 p1 3442 1
261 2904863 m2 20919 -0.0299999993 0.5 p1 3443 1
647 2904864 m1 50427 0 0.5 p1 3443 1
671 2909232 m1 52607 0 0.5 p1 3445 1
42 2913165 m2 3417 -0.0299999993 0.5 p1 3447 1
362 2915234 m1 30055 0 0.5 p1 3448 1
1106 2916996 m1 86649 0 0.5 p1 3449 1
805 2920658 m2 63510 -0.0299999993 0.5 p1 3451 1
162 2927598 m1 12974 0 0.5 p1 3454 1
484 2928830 m1 38904 0 0.5 p1 3455 1
1148 2930722 m2 89870 -0.0299999993 0.5 p1 3456 1
439 2935017 m2 35702 -0.0299999993 0.5 p1 3458 1
883 2935018 m2 68924 -0.0299999993 0.5 p1 3458 1
479 2939040 m2 38437 -0.0299999993 0.5 p1 3460 1
444 2940851 m2 35961 -0.0299999993 0.5 p1 3461 1
775 2940852 m2 61554 -0.0299999993 0.5 p1 3461 1
878 2945370 m1 68418 0 0.5 p1 3463 1
345 2946813 m2 28099 -0.0299999993 0.5 p1 3464 1
539 2955211 m1 41984 0 0.5 p1 3468 1
746 2958853 m2 58938 -0.0299999993 0.5 p1 3470 1
629 2963426 m2 49246 -0.0299999993 0.5 p1 3472 1
976 2965148 m1 75615 0 0.5 p1 3473 1
204 2967443 m1 16221 0 0.5 p1 3474 1
1186 2968683 m2 92887 -0.0299999993 0.5 p1 3475 1
19 2978969 m1 1358 0 0.5 p1 3480 1
1136 2986512 m1 88845 0 0.5 p1 3484 1
375 2988564 m1 30822 0 0.5 p1 3485 1
1052 2990619 m1 81706 0 0.5 p1 3486 1
724 2994718 m2 57286 -0.0299999993 0.5 p1 3488 1
907 2996469 m2 71027 -0.0299999993 0.5 p1 3489 1
503 2996470 m2 39860 -0.0299999993 0.5 p1 3489 1
1126 3005239 m2 88061 -0.0299999993 0.5 p1 3493 1
788 3005331 m2 62342 -0.0299999993 0.5 p1 3493 1
327 3013176 m2 26799 -0.0299999993 0.5 p1 3497 1
283 3016841 m1 23055 0 0.5 p1 3499 1
384 3018559 m1 31743 0 0.5 p1 3500 1
755 3021033 m2 59873 -0.0299999993 0.5 p1 3501 1
430 3023183 m1 34958 0 0.5 p1 3502 1
371 3024874 m2 30443 -0.0299999993 0.5 p1 3503 1
956 3026967 m2 74469 -0.0299999993 0.5 p1 3504 1
494 3028578 m2 39533 -0.0299999993 0.5 p1 3505 1
944 3030728 m2 73580 -0.0299999993 0.5 p1 3506 1
1104 3037446 m2 86535 -0.0299999993 0.5 p1 3509 1
575 3039096 m1 44792 0 0.5 p1 3510 1
691 3039097 m2 54461 -0.0299999993 0.5 p1 3510 1
641 3040679 m1 50018 0 0.5 p1 3511 1
51 3040680 m1 3833 0 0.5 p1 3511 1
281 3044910 m2 22935 -0.0299999993 0.5 p1 3513 1
81 3049000 m2 7158 -0.0299999993 0.5 p1 3515 1
201 3049001 m1 16048 0 0.5 p1 3515 1
1013 3053067 m2 78407 -0.0299999993 0.5 p1 3517 1
45 3055100 m2 3559 -0.0299999993 0.5 p1 3518 1
141 3058778 m2 11127 -0.0299999993 0.5 p1 3520 1
97 3063052 m2 8163 -0.0299999993 0.5 p1 3522 1
695 3065129 m2 55380 -0.0299999993 0.5 p1 3523 1
904 3067087 m1 70896 0 0.5 p1 3524 1
314 3069065 m1 25954 0 0.5 p1 3525 1
705 3071341 m1 55897 0 0.5 p1 3526 1
471 3073121 m2 37891 -0.0299999993 0.5 p1 3527 1
72 3080855 m2 6065 -0.0299999993 0.5 p1 3531 1
866 3089255 m2 67628 -0.0299999993 0.5 p1 3535 1
964 3091303 m1 74933 0 0.5 p1 3536 1
264 3091304 m2 21705 -0.0299999993 0.5 p1 3536 1
210 3093062 m1 17062 0 0.5 p1 3537 1
924 3103547 m1 72708 0 0.5 p1 3542 1
175 3105952 m2 13737 -0.0299999993 0.5 p1 3543 1
344 3107600 m2 27987 -0.0299999993 0.5 p1 3544 1
785 3107601 m1 62026 0 0.5 p1 3544 1
822 3109294 m1 64647 0 0.5 p1 3545 1
467 3112248 m1 37741 0 0.5 p1 3546 1
667 3116276 m1 52433 0 0.5 p1 3548 1
64 3116277 m2 5226 -0.0299999993 0.5 p1 3548 1
93 3123597 m1 7935 0 0.5 p1 3552 1
179 3128200 m1 14011 0 0.5 p1 3554 1
781 3129995 m2 61941 -0.0299999993 0.5 p1 3555 1
1262 3144403 m2 99421 -0.0299999993 0.5 p1 3562 1
759 3144404 m1 60019 0 0.5 p1 3562 1
655 3145882 m1 51133 0 0.5 p1 3563 1
1030 3145883 m2 79839 -0.0299999993 0.5 p1 3563 1
953 3148522 m2 74370 -0.0299999993 0.5 p1 3564 1
1044 3149790 m1 80744 0 0.5 p1 3565 1
1201 3154134 m1 94441 0 0.5 p1 3567 1
1247 3155691 m2 97630 -0.0299999993 0.5 p1 3568 1
206 3162422 m1 16608 0 0.5 p1 3571 1
1048 3164655 m2 81189 -0.0299999993 0.5 p1 3572 1
20 3166144 m2 1385 -0.0299999993 0.5 p1 3573 1
193 3171902 m2 15229 -0.0299999993 0.5 p1 3576 1
531 3174485 m2 41385 -0.0299999993 0.5 p1 3577 1
492 3180424 m1 39411 0 0.5 p1 3580 1
692 3180425 m2 55253 -0.0299999993 0.5 p1 3580 1
915 3188425 m2 71424 -0.0299999993 0.5 p1 3584 1
1023 3195494 m1 79246 0 0.5 p1 3588 1
294 3198230 m1 24279 0 0.5 p1 3589 1
421 3199649 m1 34604 0 0.5 p1 3590 1
869 3210005 m2 67681 -0.0299999993 0.5 p1 3595 1
913 3210006 m2 71277 -0.0299999993 0.5 p1 3595 1
333 3210007 m2 27200 -0.0299999993 0.5 p1 3595 1
839 3214491 m2 65878 -0.0299999993 0.5 p1 3597 1
272 3215996 m1 22300 0 0.5 p1 3598 1
466 3215997 m2 37629 -0.0299999993 0.5 p1 3598 1
142 3222185 m1 11315 0 0.5 p1 3601 1
1022 3226104 m1 78959 0 0.5 p1 3603 1
1235 3228091 m2 97079 -0.0299999993 0.5 p1 3604 1
1157 3238235 m2 90470 -0.0299999993 0.5 p1 3609 1
1028 3240129 m2 79701 -0.0299999993 0.5 p1 3610 1
460 3240130 m1 37383 0 0.5 p1 3610 1
646 3246435 m1 50278 0 0.5 p1 3613 1
1065 3250399 m2 82815 -0.0299999993 0.5 p1 3615 1
295 3258003 m1 24339 0 0.5 p1 3619 1
340 3260474 m1 27613 0 0.5 p1 3620 1
836 3262162 m2 65836 -0.0299999993 0.5 p1 3621 1
118 3264667 m2 9901 -0.0299999993 0.5 p1 3622 1
527 3266497 m1 41267 0 0.5 p1 3623 1
714 3272832 m2 56583 -0.0299999993 0.5 p1 3626 1
128 3274322 m2 10307 -0.0299999993 0.5 p1 3627 1
983 3280915 m1 76239 0 0.5 p1 3630 1
808 3287096 m1 63643 0 0.5 p1 3633 1
336 3287097 m1 27414 0 0.5 p1 3633 1
441 3288273 m1 35745 0 0.5 p1 3634 1
928 3288274 m2 73029 -0.0299999993 0.5 p1 3634 1
538 3288275 m2 41903 -0.0299999993 0.5 p1 3634 1
626 3290236 m2 48996 -0.0299999993 0.5 p1 3635 1
301 3302506 m1 25035 0 0.5 p1 3641 1
168 3304702 m1 13210 0 0.5 p1 3642 1
957 3306785 m1 74476 0 0.5 p1 3643 1
224 3308786 m2 18207 -0.0299999993 0.5 p1 3644 1
177 3318806 m1 13944 0 0.5 p1 3649 1
855 3324575 m2 67079 -0.0299999993 0.5 p1 3652 1
457 3326477 m1 37154 0 0.5 p1 3653 1
1242 3327033 m2 97459 -0.0299999993 0.5 p1 3653 1
220 3330475 m2 18070 -0.0299999993 0.5 p1 3655 1
214 3337249 m1 17272 0 0.5 p1 3658 1
57 3343373 m2 4320 -0.0299999993 0.5 p1 3661 1
49 3344517 m1 3628 0 0.5 p1 3662 1
744 3349356 m2 58553 -0.0299999993 0.5 p1 3664 1
718 3353407 m1 56833 0 0.5 p1 3666 1
28 3353408 m2 2024 -0.0299999993 0.5 p1 3666 1
662 3357124 m1 52038 0 0.5 p1 3668 1
1026 3359407 m1 79473 0 0.5 p1 3669 1
443 3360534 m2 35839 -0.0299999993 0.5 p1 3670 1
602 3362991 m1 47198 0 0.5 p1 3671 1
669 3365456 m2 52554 -0.0299999993 0.5 p1 3672 1
310 3368927 m2 25686 -0.0299999993 0.5 p1 3674 1
874 3380716 m1 67989 0 0.5 p1 3680 1
185 3381055 m2 14767 -0.0299999993 0.5 p1 3680 1
1171 3388351 m2 91904 -0.0299999993 0.5 p1 3684 1
815 3390725 m2 64241 -0.0299999993 0.5 p1 3685 1
700 3393326 m1 55526 0 0.5 p1 3686 1
359 3393327 m1 29563 0 0.5 p1 3686 1
135 3394392 m1 10837 0 0.5 p1 3687 1
346 3396794 m2 28128 -0.0299999993 0.5 p1 3688 1
267 3396795 m2 21799 -0.0299999993 0.5 p1 3688 1
681 3396796 m1 53677 0 0.5 p1 3688 1
116 3398407 m2 9583 -0.0299999993 0.5 p1 3689 1
1117 3406626 m1 87385 0 0.5 p1 3693 1
665 3410756 m2 52094 -0.0299999993 0.5 p1 3695 1
328 3415147 m1 26810 0 0.5 p1 3697 1
1152 3422635 m1 90245 0 0.5 p1 3701 1
884 3422636 m2 69056 -0.0299999993 0.5 p1 3701 1
1250 3428933 m1 98433 0 0.5 p1 3704 1
790 3428934 m1 62479 0 0.5 p1 3704 1
634 3430814 m1 49680 0 0.5 p1 3705 1
845 3434589 m1 66373 0 0.5 p1 3707 1
25 3438983 m1 1912 0 0.5 p1 3709 1
351 3442555 m1 28900 0 0.5 p1 3711 1
1162 3445032 m2 91026 -0.0299999993 0.5 p1 3712 1
85 3445414 m1 7391 0 0.5 p1 3712 1
783 3448941 m2 61994 -0.0299999993 0.5 p1 3714 1
786 3450523 m1 62109 0 0.5 p1 3715 1
337 3452980 m1 27470 0 0.5 p1 3716 1
293 3456707 m1 24153 0 0.5 p1 3718 1
881 3460602 m2 68872 -0.0299999993 0.5 p1 3720 1
209 3462810 m2 16825 -0.0299999993 0.5 p1 3721 1
601 3464689 m1 47085 0 0.5 p1 3722 1
860 3465503 m1 67214 0 0.5 p1 3722 1
804 3473662 m2 63428 -0.0299999993 0.5 p1 3726 1
525 3475390 m2 40920 -0.0299999993 0.5 p1 3727 1
659 3477039 m2 51667 -0.0299999993 0.5 p1 3728 1
585 3477040 m1 45233 0 0.5 p1 3728 1
1131 3477354 m1 88307 0 0.5 p1 3728 1
625 3481415 m2 48919 -0.0299999993 0.5 p1 3730 1
758 3483190 m2 59994 -0.0299999993 0.5 p1 3731 1
559 3483593 m1 43156 0 0.5 p1 3731 1
1020 3485367 m2 78723 -0.0299999993 0.5 p1 3732 1
891 3485368 m2 69576 -0.0299999993 0.5 p1 3732 1
912 3488980 m2 71230 -0.0299999993 0.5 p1 3734 1
567 3504641 m1 44013 0 0.5 p1 3742 1
753 3507087 m1 59818 0 0.5 p1 3743 1
136 3508982 m2 10872 -0.0299999993 0.5 p1 3744 1
509 3515301 m1 40041 0 0.5 p1 3747 1
274 3516572 m1 22501 0 0.5 p1 3748 1
276 3516573 m2 22611 -0.0299999993 0.5 p1 3748 1
1238 3519379 m1 97275 0 0.5 p1 3749 1
1093 3521215 m1 85578 0 0.5 p1 3750 1
145 3524742 m2 11528 -0.0299999993 0.5 p1 3752 1
268 3527469 m1 21835 0 0.5 p1 3753 1
897 3530960 m2 70430 -0.0299999993 0.5 p1 3755 1
127 3531062 m1 10278 0 0.5 p1 3755 1
166 3540370 m1 13108 0 0.5 p1 3760 1
246 3540371 m2 19891 -0.0299999993 0.5 p1 3760 1
65 3540372 m1 5360 0 0.5 p1 3760 1
664 3542343 m2 52053 -0.0299999993 0.5 p1 3761 1
409 3542344 m1 33321 0 0.5 p1 3761 1
893 3542885 m2 70003 -0.0299999993 0.5 p1 3761 1
563 3550492 m2 43588 -0.0299999993 0.5 p1 3765 1
544 3555161 m2 42349 -0.0299999993 0.5 p1 3767 1
943 3556865 m1 73574 0 0.5 p1 3768 1
638 3560490 m1 49805 0 0.5 p1 3770 1
454 3563020 m2 37055 -0.0299999993 0.5 p1 3771 1
1059 3568832 m2 82441 -0.0299999993 0.5 p1 3774 1
948 3574537 m1 74104 0 0.5 p1 3777 1
1021 3576464 m1 78852 0 0.5 p1 3778 1
186 3576742 m1 14833 0 0.5 p1 3778 1
170 3578555 m1 13319 0 0.5 p1 3779 1
1053 3582958 m2 81849 -0.0299999993 0.5 p1 3781 1
623 3584548 m1 48765 0 0.5 p1 3782 1
1182 3584624 m2 92642 -0.0299999993 0.5 p1 3782 1
287 3596877 m2 23874 -0.0299999993 0.5 p1 3788 1
770 3598800 m2 61102 -0.0299999993 0.5 p1 3789 1
1003 3600686 m2 77688 -0.0299999993 0.5 p1 3790 1
94 3600687 m2 7974 -0.0299999993 0.5 p1 3790 1
366 3608429 m1 30288 0 0.5 p1 3794 1
304 3608430 m1 25244 0 0.5 p1 3794 1
447 3612412 m2 36384 -0.0299999993 0.5 p1 3796 1
581 3612413 m1 45015 0 0.5 p1 3796 1
927 3612566 m2 72957 -0.0299999993 0.5 p1 3796 1
427 3620505 m1 34851 0 0.5 p1 3800 1
412 3628629 m2 33368 -0.0299999993 0.5 p1 3804 1
1099 3628974 m1 85966 0 0.5 p1 3804 1
864 3630922 m2 67409 -0.0299999993 0.5 p1 3805 1
994 3636908 m1 76792 0 0.5 p1 3808 1
130 3638601 m2 10385 -0.0299999993 0.5 p1 3809 1
311 3638602 m2 25756 -0.0299999993 0.5 p1 3809 1
92 3640435 m1 7827 0 0.5 p1 3810 1
577 3642389 m2 44840 -0.0299999993 0.5 p1 3811 1
678 3652727 m1 53567 0 0.5 p1 3816 1
728 3654636 m2 57675 -0.0299999993 0.5 p1 3817 1
555 3658814 m1 42951 0 0.5 p1 3819 1
762 3662628 m1 60594 0 0.5 p1 3821 1
478 3662893 m1 38424 0 0.5 p1 3821 1
17 3664463 m2 1312 -0.0299999993 0.5 p1 3822 1
686 3665150 m1 54201 0 0.5 p1 3822 1
1205 3679106 m1 94736 0 0.5 p1 3829 1
1015 3682448 m1 78419 0 0.5 p1 3831 1
3 3684720 m1 328 0 0.5 p1 3832 1
1232 3695289 m2 96981 -0.0299999993 0.5 p1 3837 1
784 3695291 m1 62001 0 0.5 p1 3837 1
342 3700815 m1 27865 0 0.5 p1 3840 1
379 3704820 m2 31004 -0.0299999993 0.5 p1 3842 1
411 3704822 m2 33359 -0.0299999993 0.5 p1 3842 1
837 3705120 m1 65860 0 0.5 p1 3842 1
738 3706818 m1 58235 0 0.5 p1 3843 1
1097 3714861 m1 85804 0 0.5 p1 3847 1
800 3714862 m2 63082 -0.0299999993 0.5 p1 3847 1
273 3720850 m2 22399 -0.0299999993 0.5 p1 3850 1
1257 3724982 m2 98874 -0.0299999993 0.5 p1 3852 1
404 3726653 m2 32825 -0.0299999993 0.5 p1 3853 1
1140 3728769 m2 89334 -0.0299999993 0.5 p1 3854 1
1156 3731303 m1 90455 0 0.5 p1 3855 1
797 3732771 m2 62952 -0.0299999993 0.5 p1 3856 1
305 3737286 m2 25343 -0.0299999993 0.5 p1 3858 1
109 3737288 m2 8802 -0.0299999993 0.5 p1 3858 1
1269 3739014 m1 99846 0 0.5 p1 3859 1
1076 3740619 m1 83992 0 0.5 p1 3860 1
932 3748731 m1 73115 0 0.5 p1 3864 1
74 3750522 m2 6226 -0.0299999993 0.5 p1 3865 1
938 3751010 m1 73362 0 0.5 p1 3865 1
1150 3756479 m2 90013 -0.0299999993 0.5 p1 3868 1
557 3758478 m2 43066 -0.0299999993 0.5 p1 3869 1
694 3761134 m2 55347 -0.0299999993 0.5 p1 3870 1
67 3763298 m2 5473 -0.0299999993 0.5 p1 3871 1
46 3766879 m1 3570 0 0.5 p1 3873 1
397 3768407 m1 32383 0 0.5 p1 3874 1
813 3770408 m1 64159 0 0.5 p1 3875 1
673 3781125 m2 53174 -0.0299999993 0.5 p1 3880 1
1128 3782416 m2 88205 -0.0299999993 0.5 p1 3881 1
1050 3782417 m2 81488 -0.0299999993 0.5 p1 3881 1
205 3782881 m1 16538 0 0.5 p1 3881 1
173 3784712 m2 13685 -0.0299999993 0.5 p1 3882 1
1197 3786625 m2 93974 -0.0299999993 0.5 p1 3883 1
393 3786627 m1 32205 0 0.5 p1 3883 1
685 3791063 m2 54012 -0.0299999993 0.5 p1 3885 1
289 3792917 m2 23953 -0.0299999993 0.5 p1 3886 1
914 3796918 m2 71356 -0.0299999993 0.5 p1 3888 1
149 3796919 m2 12231 -0.0299999993 0.5 p1 3888 1
862 3798136 m2 67326 -0.0299999993 0.5 p1 3889 1
7 3798137 m1 625 0 0.5 p1 3889 1
400 3806471 m2 32561 -0.0299999993 0.5 p1 3893 1
226 3808712 m1 18265 0 0.5 p1 3894 1
115 3808713 m1 9560 0 0.5 p1 3894 1
12 3812699 m1 833 0 0.5 p1 3896 1
1185 3818194 m1 92827 0 0.5 p1 3899 1
526 3822108 m1 41094 0 0.5 p1 3901 1
547 3824640 m2 42503 -0.0299999993 0.5 p1 3902 1
435 3824641 m2 35446 -0.0299999993 0.5 p1 3902 1
909 3838474 m2 71101 -0.0299999993 0.5 p1 3909 1
284 3838475 m1 23231 0 0.5 p1 3909 1
574 3840883 m1 44767 0 0.5 p1 3910 1
477 3842016 m1 38412 0 0.5 p1 3911 1
434 3844616 m2 35325 -0.0299999993 0.5 p1 3912 1
381 3850348 m1 31167 0 0.5 p1 3915 1
807 3850349 m2 63610 -0.0299999993 0.5 p1 3915 1
163 3851897 m1 12981 0 0.5 p1 3916 1
1088 3856177 m1 85317 0 0.5 p1 3918 1
341 3858605 m2 27788 -0.0299999993 0.5 p1 3919 1
38 3860415 m1 3093 0 0.5 p1 3920 1
890 3865921 m1 69534 0 0.5 p1 3923 1
56 3868310 m2 4226 -0.0299999993 0.5 p1 3924 1
898 3868311 m1 70562 0 0.5 p1 3924 1
1056 3870155 m1 82066 0 0.5 p1 3925 1
323 3871994 m1 26492 0 0.5 p1 3926 1
877 3874430 m2 68368 -0.0299999993 0.5 p1 3927 1
730 3875986 m1 57810 0 0.5 p1 3928 1
951 3880516 m2 74293 -0.0299999993 0.5 p1 3930 1
1249 3884410 m2 98412 -0.0299999993 0.5 p1 3932 1
1236 3884411 m1 97110 0 0.5 p1 3932 1
219 3892040 m2 17808 -0.0299999993 0.5 p1 3936 1
929 3896295 m1 73043 0 0.5 p1 3938 1
895 3900302 m1 70342 0 0.5 p1 3940 1
1092 3901731 m2 85527 -0.0299999993 0.5 p1 3941 1
446 3904327 m1 36341 0 0.5 p1 3942 1
235 3904328 m2 18881 -0.0299999993 0.5 p1 3942 1
1175 3904329 m2 92097 -0.0299999993 0.5 p1 3942 1
288 3905970 m2 23946 -0.0299999993 0.5 p1 3943 1
1029 3908258 m1 79807 0 0.5 p1 3944 1
112 3908259 m2 9349 -0.0299999993 0.5 p1 3944 1
645 3909819 m1 50246 0 0.5 p1 3945 1
1158 3914689 m1 90487 0 0.5 p1 3947 1
1204 3914690 m1 94729 0 0.5 p1 3947 1
930 3914691 m2 73070 -0.0299999993 0.5 p1 3947 1
516 3916246 m2 40270 -0.0299999993 0.5 p1 3948 1
535 3917821 m2 41604 -0.0299999993 0.5 p1 3949 1
1068 3920355 m2 83084 -0.0299999993 0.5 p1 3950 1
750 3920356 m2 59247 -0.0299999993 0.5 p1 3950 1
729 3920357 m2 57801 -0.0299999993 0.5 p1 3950 1
212 3926375 m2 17223 -0.0299999993 0.5 p1 3953 1
945 3926376 m1 73710 0 0.5 p1 3953 1
1063 3928411 m1 82677 0 0.5 p1 3954 1
616 3928412 m2 48308 -0.0299999993 0.5 p1 3954 1
889 3930036 m1 69508 0 0.5 p1 3955 1
546 3932114 m1 42493 0 0.5 p1 3956 1
36 3938661 m2 2956 -0.0299999993 0.5 p1 3959 1
106 3940157 m2 8659 -0.0299999993 0.5 p1 3960 1
811 3942388 m2 63946 -0.0299999993 0.5 p1 3961 1
222 3947982 m2 18121 -0.0299999993 0.5 p1 3964 1
751 3947983 m1 59273 0 0.5 p1 3964 1
415 3952516 m2 33868 -0.0299999993 0.5 p1 3966 1
926 3954685 m2 72928 -0.0299999993 0.5 p1 3967 1
8 3960257 m2 651 -0.0299999993 0.5 p1 3970 1
614 3960258 m1 48170 0 0.5 p1 3970 1
959 3960259 m1 74667 0 0.5 p1 3970 1
1165 3962339 m2 91312 -0.0299999993 0.5 p1 3971 1
125 3963837 m2 10202 -0.0299999993 0.5 p1 3972 1
236 3963838 m2 19019 -0.0299999993 0.5 p1 3972 1
529 3970003 m2 41303 -0.0299999993 0.5 p1 3975 1
1036 3971900 m2 80069 -0.0299999993 0.5 p1 3976 1
1208 3974158 m1 94850 0 0.5 p1 3977 1
1091 3982631 m2 85425 -0.0299999993 0.5 p1 3981 1
970 3983965 m1 75210 0 0.5 p1 3982 1
357 3987687 m1 29340 0 0.5 p1 3984 1
260 3990066 m2 20792 -0.0299999993 0.5 p1 3985 1
176 3998457 m2 13787 -0.0299999993 0.5 p1 3989 1
230 4000654 m2 18734 -0.0299999993 0.5 p1 3990 1
253 4001800 m2 20218 -0.0299999993 0.5 p1 3991 1
102 4003916 m2 8345 -0.0299999993 0.5 p1 3992 1
986 4006567 m1 76410 0 0.5 p1 3993 1
316 4009890 m2 26026 -0.0299999993 0.5 p1 3995 1
155 4009891 m1 12711 0 0.5 p1 3995 1
824 4013741 m2 64855 -0.0299999993 0.5 p1 3997 1
966 4013742 m2 75043 -0.0299999993 0.5 p1 3997 1
937 4018480 m1 73304 0 0.5 p1 3999 1
1006 4020091 m1 77816 0 0.5 p1 4000 1
Genomes:
p1:0 A 0 1 2 3 4 5 6 7 8 9 10 11 12 13 14 15 16 17 18 19 20 21 22 23 24 25 26 27 28 29 30 31 32 33 34 35 36 37 38 39 40 41 42 43 44 45 46 47 48 49 50 51 52 53 54 55 56 57 58 59 60 61 62 63 64 65 66 67 68 69 70 71 72 73 74 75 76 77 78 79 80 81 82 83 84 85 86 87 88 89 90 91 92 93 94 95 96 97 98 99 100 101 102 103 104 105 106 107 108 109 110 111 112 113 114 115 116 117 118 119 120 121 122 123 124 125 126 127 128 129 130 131 132 133 134 135 136 137 138 139 140 141 142 143 144 145 146 147 148 149 150 151 152 153 154 155 156 157 158 159 160 161 162 163 164 165 166 167 168 169 170 171 172 173 174 175 176 177 178 179 180 181 182 183 184 185 186 187 188 189 190 191 192 193 194 195 196 197 198 199 200 201 202 203 204 205 206 207 208 209 210 211 212 213 214 215 216 217 218 219 220 221 222 223 224 225 226 227 228 229 230 231 232 233 234 235 236 237 238 239 240 241 242 243 244 245 246 247 248 249 250 251 252 253 254 255 256 257 258 259 260 261 262 263 264 265 266 267 268 269 270 271 272 273 274 275 276 277 278 279 280 281 282 283 284 285 286 287 288 289 290 291 292 293 294 295 296 297 298 299 300 301 302 303 304 305 306 307 308 309 310 311 312 313 314 315 316 317 318 319 320 321 322 323 324 325 326 327 328 329 330 331 332 333 334 335 336 337 338 339 340 341 342 343 344 345 346 347 348 349 350 351 352 353 354 355 356 357 358 359 360 361 362 363 364 365 366 367 368 369 370 371 372 373 374 375 376 377 378 379 380 381 382 383 384 385 386 387 388 389 390 391 392 393 394 395 396 397 398 399 400 401 402 403 404 405 406 407 408 409 410 411 412 413 414 415 416 417 418 419 420 421 422 423 424 425 426 427 428 429 430 431 432 433 434 435 436 437 438 439 440 441 442 443 444 445 446 447 448 449 450 451 452 453 454 455 456 457 458 459 460 461 462 463 464 465 466 467 468 469 470 471 472 473 474 475 476 477 478 479 480 481 482 483 484 485 486 487 488 489 490 491 492 493 494 495 496 497 498 499 500 501 502 503 504 505 506 507 508 509 510 511 512 513 514 515 516 517 518 519 520 521 522 523 524 525 526 527 528 529 530 531 532 533 534 535 536 537 538 539 540 541 542 543 544 545 546 547 548 549 550 551 552 553 554 555 556 557 558 559 560 561 562 563 564 565 566 567 568 569 570 571 572 573 574 575 576 577 578 579 580 581 582 583 584 585 586 587 588 589 590 591 592 593 594 595 596 597 598 599 600 601 602 603 604 605 606 607 608 609 610 611 612 613 614 615 616 617 618 619 620 621 622 623 624 625 626 627 628 629 630 631 632 633 634 635 636 637 638 639 640 641 642 643 644 645 646 647 648 649 650 651 652 653 654 655 656 657 658 659 660 661 662 663 664 665 666 667 668 669 670 671 672 673 674 675 676 677 678 679 680 681 682 683 684 685 686 687 688 689 690 691 692 693 694 695 696 697 698 699 700 701 702 703 704 705 706 707 708 709 710 711 712 713 714 715 716 717 718 719 720 721 722 723 724 725 726 727 728 729 730 731 732 733 734 735 736 737 738 739 740 741 742 743 744 745 746 747 748 749 750 751 752 753 754 755 756 757 758 759 760 761 762 763 764 765 766 767 768 769 770 771 772 773 774 775 776 777 778 779 780 781 782 783 784 785 786 787 788 789 790 791 792 793 794 795 796 797 798 799 800 801 802 803 804 805 806 807 808 809 810 811 812 813 814 815 816 817 818 819 820 821 822 823 824 825 826 827 828 829 830 831 832 833 834 835 836 837 838 839 840 841 842 843 844 845 846 847 848 849 850 851 852 853 854 855 856 857 858 859 860 861 862 863 864 865 866 867 868 869 870 871 872 873 874 875 876 877 878 879 880 881 882 883 884 885 886 887 888 889 890 891 892 893 894 895 896 897 898 899 900 901 902 903 904 905 906 907 908 909 910 911 912 913 914 915 916 917 918 919 920 921 922 923 924 925 926 927 928 929 930 931 932 933 934 935 936 937 938 939 940 941 942 943 944 945 946 947 948 949 950 951 952 953 954 955 956 957 958 959 960 961 962 963 964 965 966 967 968 969 970 971 972 973 974 975 976 977 978 979 980 981 982 983 984 985 986 987 988 989 990 991 992 993 994 995 996 997 998 999 1000 1001 1002 1003 1004 1005 1006 1007 1008 1009 1010 1011 1012 1013 1014 1015 1016 1017 1018 1019 1020 1021 1022 1023 1024 1025 1026 1027 1028 1029 1030 1031 1032 1033 1034 1035 1036 1037 1038 1039 1040 1041 1042 1043 1044 1045 1046 1047 1048 1049 1050 1051 1052 1053 1054 1055 1056 1057 1058 1059 1060 1061 1062 1063 1064 1065 1066 1067 1068 1069 1070 1071 1072 1073 1074 1075 1076 1077 1078 1079 1080 1081 1082 1083 1084 1085 1086 1087 1088 1089 1090 1091 1092 1093 1094 1095 1096 1097 1098 1099 1100 1101 1102 1103 1104 1105 1106 1107 1108 1109 1110 1111 1112 1113 1114 1115 1116 1117 1118 1119 1120 1121 1122 1123 1124 1125 1126 1127 1128 1129 1130 1131 1132 1133 1134 1135 1136 1137 1138 1139 1140 1141 1142 1143 1144 1145 1146 1147 1148 1149 1150 1151 1152 1153 1154 1155 1156 1157 1158 1159 1160 1161 1162 1163 1164 1165 1166 1167 1168 1169 1170 1171 1172 1173 1174 1175 1176 1177 1178 1179 1180 1181 1182 1183 1184 1185 1186 1187 1188 1189 1190 1191 1192 1193 1194 1195 1196 1197 1198 1199 1200 1201 1202 1203 1204 1205 1206 1207 1208 1209 1210 1211 1212 1213 1214 1215 1216 1217 1218 1219 1220 1221 1222 1223 1224 1225 1226 1227 1228 1229 1230 1231 1232 1233 1234 1235 1236 1237 1238 1239 1240 1241 1242 1243 1244 1245 1246 1247 1248 1249 1250 1251 1252 1253 1254 1255 1256 1257 1258 1259 1260 1261 1262 1263 1264 1265 1266 1267 1268 1269
