Grunts:
#OUT: 15000 SS p69 20 /Users/heinrich/Desktop/haloSample.txt
Mutations:
308 8278292 m1 428587 0 0.5 p65 7016 20
339 8350528 m1 484848 0 0.5 p69 7038 20
256 8363610 m1 346621 0 0.5 p69 7042 20
113 8435090 m1 123503 0 0.5 p69 7064 20
149 8451331 m1 170119 0 0.5 p69 7069 20
431 8461116 m2 646735 0 0.5 p69 7072 20
363 8539339 m1 507437 0 0.5 p69 7096 20
287 8578121 m2 395665 0 0.5 p69 7108 20
399 8607400 m2 606019 0 0.5 p69 7117 20
231 8646354 m2 318149 0 0.5 p69 7129 20
246 8707926 m2 334640 0 0.5 p69 7148 20
561 8740804 m1 845316 0 0.5 p69 7158 20
76 8769993 m1 85512 0 0.5 p69 7167 20
17 8789643 m1 23474 0 0.5 p69 7173 20
204 8926828 m2 267863 0 0.5 p69 7215 20
501 8936498 m1 766613 0 0.5 p69 7218 20
531 8952634 m1 800489 0 0.5 p69 7223 20
517 8959183 m1 786557 0 0.5 p69 7225 20
158 8995221 m2 194205 0 0.5 p69 7236 20
315 9057142 m2 446589 0 0.5 p69 7255 20
425 9092739 m1 636948 0 0.5 p69 7266 20
460 9173673 m1 698702 0 0.5 p69 7291 20
459 9209384 m1 698688 0 0.5 p69 7302 20
351 9209507 m1 495891 0 0.5 p69 7302 20
466 9235095 m2 713217 0 0.5 p69 7310 20
77 9238573 m60 86559 0.00321235717 0.5 p69 7311 20
566 9293246 m1 849067 0 0.5 p69 7328 20
140 9309592 m1 153097 0 0.5 p69 7333 20
487 9328971 m1 747375 0 0.5 p69 7339 20
96 9332477 m1 108787 0 0.5 p69 7340 20
307 9358085 m1 428586 0 0.5 p69 7348 20
138 9364742 m1 144136 0 0.5 p69 7350 20
320 9374579 m2 455041 0 0.5 p69 7353 20
56 9427100 m60 71757 0.0100052506 0.5 p69 7369 20
319 9501860 m2 453634 0 0.5 p69 7392 20
499 9557018 m1 762717 0 0.5 p69 7409 20
178 9583401 m3 221292 -9.53774143e-05 0.100000001 p69 7417 20
190 9586777 m1 235231 0 0.5 p69 7418 20
276 9710864 m1 370306 0 0.5 p69 7456 20
191 9710865 m1 237011 0 0.5 p69 7456 20
227 9821548 m1 300626 0 0.5 p69 7490 20
123 10013668 m1 131492 0 0.5 p69 7549 20
125 10026663 m70 132920 0.00470399996 0.5 p69 7553 20
491 10062320 m1 753311 0 0.5 p69 7564 20
424 10144126 m1 634713 0 0.5 p69 7589 20
450 10166708 m1 680040 0 0.5 p69 7596 20
53 10176626 m60 70184 0.0801236853 0.5 p69 7599 20
362 10212298 m1 506509 0 0.5 p69 7610 20
313 10544354 m1 442906 0 0.5 p69 7734 20
442 10551945 m2 662250 0 0.5 p69 7737 20
467 10598497 m2 713524 0 0.5 p69 7755 20
402 10660851 m1 609125 0 0.5 p69 7779 20
111 10697160 m1 121074 0 0.5 p69 7793 20
329 10728503 m1 477257 0 0.5 p69 7805 20
373 10845339 m2 540895 0 0.5 p69 7850 20
417 10858241 m1 626255 0 0.5 p69 7855 20
524 10860659 m2 795721 0 0.5 p69 7856 20
369 10871087 m2 537253 0 0.5 p69 7860 20
121 10883857 m70 130183 0.0217402708 0.5 p69 7865 20
516 10894262 m2 785243 0 0.5 p69 7869 20
393 10917696 m2 592907 0 0.5 p69 7878 20
476 10987428 m2 730738 0 0.5 p69 7905 20
222 10995211 m1 290658 0 0.5 p69 7908 20
518 10997811 m1 786697 0 0.5 p69 7909 20
562 11010465 m1 845592 0 0.5 p69 7914 20
429 11038761 m2 643705 0 0.5 p69 7925 20
280 11080170 m2 377966 0 0.5 p69 7941 20
454 11087829 m1 685829 0 0.5 p69 7944 20
226 11118736 m1 299104 0 0.5 p69 7956 20
177 11149573 m1 220025 0 0.5 p69 7968 20
546 11149613 m1 824856 0 0.5 p69 7968 20
413 11206186 m1 622568 0 0.5 p69 7990 20
13 11299379 m1 20921 0 0.5 p69 8026 20
310 11341024 m1 433005 0 0.5 p69 8042 20
391 11431435 m2 589420 0 0.5 p69 8077 20
295 11452085 m2 408803 0 0.5 p69 8085 20
394 11477907 m2 593006 0 0.5 p69 8095 20
250 11483244 m1 344714 0 0.5 p69 8097 20
486 11524676 m1 746270 0 0.5 p69 8113 20
495 11568575 m1 758656 0 0.5 p69 8130 20
235 11712973 m2 321701 0 0.5 p69 8186 20
144 11751732 m1 156128 0 0.5 p69 8201 20
379 11857630 m1 552853 0 0.5 p69 8242 20
59 11916930 m60 74422 0.0185514856 0.5 p69 8265 20
47 11968527 m1 63675 0 0.5 p69 8285 20
530 12048340 m1 799396 0 0.5 p69 8316 20
103 12108335 m1 112125 0 0.5 p69 8339 20
316 12152321 m2 452917 0 0.5 p69 8356 20
508 12219670 m1 778138 0 0.5 p69 8382 20
451 12284119 m1 680719 0 0.5 p69 8407 20
483 12380082 m1 742249 0 0.5 p69 8444 20
157 12392685 m2 193405 0 0.5 p69 8449 20
135 12400468 m1 141771 0 0.5 p69 8452 20
366 12480127 m2 524600 0 0.5 p69 8483 20
331 12516369 m1 478011 0 0.5 p69 8497 20
314 12622202 m2 443788 0 0.5 p69 8538 20
46 12624912 m1 58968 0 0.5 p69 8539 20
130 12632758 m70 135120 0.016058173 0.5 p69 8542 20
200 12635591 m2 259634 0 0.5 p69 8543 20
41 12653863 m2 55651 0 0.5 p69 8550 20
291 12669460 m2 403716 0 0.5 p69 8556 20
549 12718977 m1 831540 0 0.5 p69 8575 20
188 12820292 m1 233801 0 0.5 p69 8614 20
265 12835869 m1 355425 0 0.5 p69 8620 20
560 12892896 m1 844211 0 0.5 p69 8642 20
301 12939266 m1 418221 0 0.5 p69 8660 20
225 13032315 m1 298994 0 0.5 p69 8696 20
485 13039870 m1 746118 0 0.5 p69 8699 20
327 13063123 m2 472637 0 0.5 p69 8708 20
55 13094137 m60 70230 0.0424962342 0.5 p69 8720 20
239 13104453 m2 326722 0 0.5 p69 8724 20
372 13109780 m2 539943 0 0.5 p69 8726 20
449 13122585 m1 676689 0 0.5 p69 8731 20
9 13161322 m1 18569 0 0.5 p69 8746 20
557 13275465 m1 839409 0 0.5 p69 8790 20
479 13345103 m2 735250 0 0.5 p69 8817 20
73 13383845 m2 84168 0 0.5 p69 8832 20
24 13438530 m1 32794 0 0.5 p69 8853 20
137 13479708 m1 143517 0 0.5 p69 8869 20
335 13489877 m3 481985 -0.00195504539 0.100000001 p69 8873 20
210 13539159 m2 275356 0 0.5 p69 8892 20
187 13557153 m1 233342 0 0.5 p69 8899 20
299 13629538 m1 416510 0 0.5 p69 8927 20
142 13732460 m1 153903 0 0.5 p69 8967 20
502 13737820 m1 767995 0 0.5 p69 8969 20
70 13768732 m1 82490 0 0.5 p69 8981 20
350 13784247 m1 495291 0 0.5 p69 8987 20
420 13799814 m1 628979 0 0.5 p69 8993 20
344 13807533 m1 489029 0 0.5 p69 8996 20
505 13866767 m90 771511 0.00684975134 0.5 p69 9019 20
332 13879746 m1 479511 0 0.5 p69 9024 20
396 13944049 m2 596243 0 0.5 p69 9049 20
107 14019035 m1 115340 0 0.5 p69 9078 20
412 14042423 m1 622107 0 0.5 p69 9087 20
378 14078415 m1 550687 0 0.5 p69 9101 20
292 14129951 m2 404053 0 0.5 p69 9121 20
269 14233061 m1 361767 0 0.5 p69 9161 20
180 14245798 m1 224545 0 0.5 p69 9166 20
447 14289656 m2 665864 0 0.5 p69 9183 20
445 14364356 m2 663944 0 0.5 p69 9212 20
49 14379758 m60 64437 0.0169673841 0.5 p69 9218 20
408 14438980 m1 616271 0 0.5 p69 9241 20
12 14464951 m1 20853 0 0.5 p69 9251 20
554 14467607 m1 837485 0 0.5 p69 9252 20
426 14478011 m1 639536 0 0.5 p69 9256 20
218 14508710 m1 285680 0 0.5 p69 9268 20
150 14534604 m1 171151 0 0.5 p69 9278 20
98 14550325 m1 109855 0 0.5 p69 9284 20
18 14638490 m1 23580 0 0.5 p69 9318 20
90 14669637 m1 101742 0 0.5 p69 9330 20
155 14829325 m1 179539 0 0.5 p69 9392 20
99 14844783 m1 110581 0 0.5 p69 9398 20
60 14865426 m1 75958 0 0.5 p69 9406 20
359 14911888 m1 504174 0 0.5 p69 9424 20
173 15008322 m1 216566 0 0.5 p69 9461 20
539 15263368 m1 813888 0 0.5 p69 9560 20
498 15265986 m1 762508 0 0.5 p69 9561 20
397 15289164 m2 600070 0 0.5 p69 9570 20
192 15310073 m1 238630 0 0.5 p69 9578 20
182 15418449 m1 227729 0 0.5 p69 9620 20
211 15472867 m2 278505 0 0.5 p69 9641 20
538 15544755 m1 812983 0 0.5 p69 9669 20
61 15552557 m60 76546 0.0171912126 0.5 p69 9672 20
97 15591310 m1 109033 0 0.5 p69 9687 20
209 15603977 m2 274417 0 0.5 p69 9692 20
185 15656267 m1 232553 0 0.5 p69 9712 20
224 15676864 m1 296059 0 0.5 p69 9720 20
357 15736134 m1 503593 0 0.5 p69 9743 20
20 15780011 m1 26820 0 0.5 p69 9760 20
54 15854499 m2 70212 0 0.5 p69 9789 20
38 15890232 m60 52621 0.0296537206 0.5 p69 9803 20
294 15926655 m2 408447 0 0.5 p69 9817 20
206 16019940 m2 270731 0 0.5 p69 9853 20
522 16032652 m2 793421 0 0.5 p69 9858 20
205 16071490 m2 269873 0 0.5 p69 9873 20
543 16081769 m1 818373 0 0.5 p69 9877 20
382 16166910 m1 558678 0 0.5 p69 9910 20
475 16174804 m2 729920 0 0.5 p69 9913 20
547 16226483 m1 827679 0 0.5 p69 9933 20
439 16267795 m2 661785 0 0.5 p69 9949 20
164 16389236 m2 206433 0 0.5 p69 9996 20
0 16417532 m1 2013 0 0.5 p69 10007 20
349 16420301 m1 495099 0 0.5 p69 10008 20
461 16435686 m1 703054 0 0.5 p69 10014 20
446 16435687 m2 665124 0 0.5 p69 10014 20
352 16448489 m1 497793 0 0.5 p69 10019 20
473 16461343 m2 727111 0 0.5 p69 10024 20
323 16479328 m2 462739 0 0.5 p69 10031 20
134 16492472 m1 141027 0 0.5 p69 10036 20
260 16505051 m1 349503 0 0.5 p69 10041 20
52 16567243 m2 69569 0 0.5 p69 10065 20
367 16691278 m2 528334 0 0.5 p69 10113 20
156 16740891 m2 187810 0 0.5 p69 10132 20
348 16743406 m1 494828 0 0.5 p69 10133 20
551 16748486 m1 834514 0 0.5 p69 10135 20
85 16753497 m60 91057 0.0340799987 0.5 p69 10137 20
21 16861828 m1 28346 0 0.5 p69 10179 20
169 16882531 m1 213442 0 0.5 p69 10187 20
526 16939156 m1 797154 0 0.5 p69 10209 20
304 16947019 m1 423422 0 0.5 p69 10212 20
262 16947020 m1 351020 0 0.5 p69 10212 20
388 16975297 m2 578318 0 0.5 p69 10223 20
338 17024219 m1 484824 0 0.5 p69 10242 20
469 17029340 m2 718039 0 0.5 p69 10244 20
411 17129868 m1 620984 0 0.5 p69 10283 20
515 17163499 m1 784810 0 0.5 p69 10296 20
386 17168624 m1 570963 0 0.5 p69 10298 20
87 17222786 m1 94387 0 0.5 p69 10319 20
353 17235880 m1 499587 0 0.5 p69 10324 20
274 17253848 m1 368089 0 0.5 p69 10331 20
333 17277093 m1 480279 0 0.5 p69 10340 20
536 17341455 m1 809906 0 0.5 p69 10365 20
503 17344018 m1 768182 0 0.5 p69 10366 20
68 17441576 m60 81195 0.00999404583 0.5 p69 10404 20
401 17478057 m2 608046 0 0.5 p69 10418 20
364 17498646 m2 519308 0 0.5 p69 10426 20
257 17540130 m1 346835 0 0.5 p69 10442 20
380 17568694 m1 555419 0 0.5 p69 10453 20
252 17579027 m1 344954 0 0.5 p69 10457 20
330 17586788 m1 477776 0 0.5 p69 10460 20
387 17672197 m1 574333 0 0.5 p69 10493 20
496 17672310 m1 759910 0 0.5 p69 10493 20
697 17674799 m1 847234 0 0.5 p69 10494 8
418 17713696 m3 627524 -1.91008809e-07 0.100000001 p69 10509 20
166 17729359 m2 207984 0 0.5 p69 10515 20
23 17737101 m1 32133 0 0.5 p69 10518 20
16 17744666 m1 22186 0 0.5 p69 10521 20
34 17747169 m60 48353 0.00792550109 0.5 p69 10522 20
564 17780435 m1 847341 0 0.5 p69 10535 12
302 17795656 m1 420955 0 0.5 p69 10541 20
422 17875585 m1 630864 0 0.5 p69 10572 20
181 17909060 m1 225333 0 0.5 p69 10585 20
116 17927258 m1 124593 0 0.5 p69 10592 20
221 17940070 m1 290345 0 0.5 p69 10597 20
457 17999615 m1 690293 0 0.5 p69 10620 20
248 18038779 m2 340837 0 0.5 p69 10635 20
203 18041511 m2 266708 0 0.5 p69 10636 20
176 18051711 m3 217909 -0.000401931233 0.100000001 p69 10640 20
347 18059317 m1 492143 0 0.5 p69 10643 20
44 18183745 m1 58726 0 0.5 p69 10691 20
168 18183767 m2 209989 0 0.5 p69 10691 20
519 18232931 m1 787226 0 0.5 p69 10710 20
512 18289600 m1 783835 0 0.5 p69 10732 20
305 18318206 m1 425501 0 0.5 p69 10743 20
365 18341522 m2 521303 0 0.5 p69 10752 20
409 18341573 m1 617886 0 0.5 p69 10752 20
62 18369954 m61 76737 -0.00386864832 0.5 p69 10763 20
504 18390506 m90 770713 0.0234051943 0.5 p69 10771 20
232 18410996 m2 318408 0 0.5 p69 10779 20
249 18452218 m2 342649 0 0.5 p69 10795 20
297 18478040 m1 411918 0 0.5 p69 10805 20
404 18561203 m1 612621 0 0.5 p69 10837 20
28 18563953 m1 39190 0 0.5 p69 10838 20
542 18574332 m1 815148 0 0.5 p69 10842 20
484 18612974 m1 742655 0 0.5 p69 10857 20
472 18615640 m2 726285 0 0.5 p69 10858 20
261 18657127 m1 350501 0 0.5 p69 10874 20
435 18677866 m2 651372 0 0.5 p69 10882 20
403 18682928 m1 611357 0 0.5 p69 10884 20
555 18729767 m1 838021 0 0.5 p69 10902 20
35 18763274 m1 49459 0 0.5 p69 10915 20
129 18784242 m70 134988 0.0257379636 0.5 p69 10923 20
506 18786862 m1 774039 0 0.5 p69 10924 20
112 18805044 m1 121207 0 0.5 p69 10931 20
147 18828496 m1 160660 0 0.5 p69 10940 20
242 18831202 m2 327399 0 0.5 p69 10941 20
234 18856793 m2 320233 0 0.5 p69 10951 20
126 18987929 m1 133295 0 0.5 p69 11002 20
84 18998143 m1 90164 0 0.5 p69 11006 20
57 19018804 m60 71985 0.0232349243 0.5 p69 11014 20
746 19120196 m1 849976 0 0.5 p69 11053 2
8 19127947 m1 18476 0 0.5 p69 11056 20
153 19138186 m1 173097 0 0.5 p69 11060 20
284 19182181 m2 387306 0 0.5 p69 11077 20
455 19208144 m1 688658 0 0.5 p69 11087 20
51 19226181 m60 67256 0.0311079789 0.5 p69 11094 20
79 19285758 m2 86830 0 0.5 p69 11117 20
282 19298556 m2 380346 0 0.5 p69 11122 20
201 19316767 m2 264594 0 0.5 p69 11129 20
552 19337174 m1 834734 0 0.5 p69 11137 20
114 19337278 m1 123806 0 0.5 p69 11137 20
535 19347480 m1 809225 0 0.5 p69 11141 20
490 19355247 m1 752233 0 0.5 p69 11144 20
141 19407043 m1 153651 0 0.5 p69 11164 20
540 19451035 m1 814559 0 0.5 p69 11181 20
478 19507748 m2 733496 0 0.5 p69 11203 20
346 19621454 m1 491024 0 0.5 p69 11247 20
419 19662612 m1 628424 0 0.5 p69 11263 20
414 19667633 m1 622752 0 0.5 p69 11265 20
405 19716802 m1 612771 0 0.5 p69 11284 20
423 19724710 m1 631921 0 0.5 p69 11287 20
30 19789235 m2 43527 0 0.5 p69 11312 20
139 19820094 m1 146684 0 0.5 p69 11324 20
325 19840672 m2 464906 0 0.5 p69 11332 20
264 19868935 m1 353976 0 0.5 p69 11343 20
148 19889739 m1 164202 0 0.5 p69 11351 20
328 20016203 m2 475452 0 0.5 p69 11400 20
288 20052579 m2 398680 0 0.5 p69 11414 20
25 20106993 m1 36260 0 0.5 p69 11435 20
119 20112223 m1 127097 0 0.5 p69 11437 20
509 20156284 m1 778818 0 0.5 p69 11454 20
406 20161399 m1 614992 0 0.5 p69 11456 20
443 20161400 m2 662662 0 0.5 p69 11456 20
340 20161508 m1 485366 0 0.5 p69 11456 20
392 20215589 m2 591631 0 0.5 p69 11477 20
507 20252102 m1 776675 0 0.5 p69 11491 20
438 20262342 m2 658979 0 0.5 p69 11495 20
36 20350352 m2 49960 0 0.5 p69 11529 20
533 20417584 m1 804995 0 0.5 p69 11555 20
436 20461376 m2 652606 0 0.5 p69 11572 20
214 20487037 m3 279875 -0.000186588106 0.100000001 p69 11582 20
94 20536038 m1 107760 0 0.5 p69 11601 20
33 20541132 m60 45686 0.0600112714 0.5 p69 11603 20
160 20623686 m2 196276 0 0.5 p69 11635 20
468 20647194 m2 715827 0 0.5 p69 11644 20
345 20696155 m1 490284 0 0.5 p69 11663 20
341 20807553 m1 485830 0 0.5 p69 11706 20
321 20825386 m2 455319 0 0.5 p69 11713 20
322 20840895 m2 456678 0 0.5 p69 11719 20
513 21013950 m1 784133 0 0.5 p69 11786 20
415 21016541 m1 625321 0 0.5 p69 11787 20
548 21024102 m1 829847 0 0.5 p69 11790 20
102 21029358 m1 111544 0 0.5 p69 11792 20
458 21039643 m1 693585 0 0.5 p69 11796 20
45 21044947 m1 58826 0 0.5 p69 11798 20
453 21073377 m1 684597 0 0.5 p69 11809 20
432 21083717 m2 649736 0 0.5 p69 11813 20
236 21109217 m2 322783 0 0.5 p69 11823 20
370 21204633 m2 538420 0 0.5 p69 11860 20
298 21222716 m1 414223 0 0.5 p69 11867 20
83 21246112 m60 89281 0.0362020321 0.5 p69 11876 20
39 21308027 m2 52677 0 0.5 p69 11900 20
444 21310803 m2 663460 0 0.5 p69 11901 20
452 21323374 m1 680751 0 0.5 p69 11906 20
74 21341741 m2 84412 0 0.5 p69 11913 20
511 21352150 m2 782828 0 0.5 p69 11917 15
161 21364783 m2 200497 0 0.5 p69 11922 20
202 21398385 m2 266446 0 0.5 p69 11935 20
464 21436849 m2 710571 0 0.5 p69 11950 20
29 21436864 m1 41720 0 0.5 p69 11950 20
556 21470271 m1 838296 0 0.5 p69 11963 20
463 21483247 m1 703963 0 0.5 p69 11968 20
416 21491034 m1 625490 0 0.5 p69 11971 20
195 21498924 m1 239715 0 0.5 p69 11974 20
434 21545466 m2 651022 0 0.5 p69 11992 20
163 21571540 m2 204681 0 0.5 p69 12002 20
528 21576644 m1 799076 0 0.5 p69 12004 20
286 21602451 m2 393408 0 0.5 p69 12014 20
136 21630981 m1 142143 0 0.5 p69 12025 20
215 21641349 m1 281325 0 0.5 p69 12029 20
271 21811755 m1 363853 0 0.5 p69 12095 20
133 21837857 m1 139901 0 0.5 p69 12105 20
3 21889315 m1 8116 0 0.5 p69 12125 20
270 21938479 m1 363533 0 0.5 p69 12144 20
247 21985429 m2 337468 0 0.5 p69 12162 20
82 22001049 m2 88919 0 0.5 p69 12168 20
482 22013932 m1 741834 0 0.5 p69 12173 20
277 22029568 m1 373910 0 0.5 p69 12179 20
433 22083699 m2 649945 0 0.5 p69 12200 20
65 22086231 m60 79317 0.0647120476 0.5 p69 12201 20
233 22086340 m2 319422 0 0.5 p69 12201 20
281 22181946 m2 378401 0 0.5 p69 12238 20
283 22279529 m2 385724 0 0.5 p69 12276 20
7 22297511 m1 17076 0 0.5 p69 12283 20
534 22315510 m1 807216 0 0.5 p69 12290 20
421 22336259 m1 629597 0 0.5 p69 12298 20
385 22382633 m1 565812 0 0.5 p69 12316 20
223 22454960 m1 294529 0 0.5 p69 12344 20
26 22504164 m1 37501 0 0.5 p69 12363 20
159 22509241 m2 196200 0 0.5 p69 12365 20
324 22514243 m2 463470 0 0.5 p69 12367 20
694 22529755 m1 843235 0 0.5 p69 12373 7
306 22542927 m1 425551 0 0.5 p69 12378 20
381 22550607 m1 556457 0 0.5 p69 12381 20
145 22563499 m1 159000 0 0.5 p69 12386 20
318 22566067 m2 453555 0 0.5 p69 12387 20
50 22586650 m60 67051 0.00408769166 0.5 p69 12395 20
758 22635727 m1 833577 0 0.5 p69 12414 1
238 22736432 m2 324995 0 0.5 p69 12453 20
243 22769653 m2 329013 0 0.5 p69 12466 20
801 22777372 m1 779248 0 0.5 p69 12469 5
186 22805903 m1 233133 0 0.5 p69 12480 20
275 22824221 m1 368158 0 0.5 p69 12487 20
1 22831686 m1 3435 0 0.5 p69 12490 20
228 22847357 m1 304586 0 0.5 p69 12496 20
267 22870524 m3 358434 -0.000144120379 0.100000001 p69 12505 20
289 22904112 m2 401789 0 0.5 p69 12518 20
640 22929582 m1 829652 0 0.5 p69 12528 13
278 22968435 m1 374823 0 0.5 p69 12543 20
199 22973466 m2 258176 0 0.5 p69 12545 20
172 22981167 m3 214793 -0.000106092462 0.100000001 p69 12548 20
15 23009804 m1 21537 0 0.5 p69 12559 20
91 23053723 m1 104523 0 0.5 p69 12576 20
407 23066533 m1 615870 0 0.5 p69 12581 20
89 23079584 m1 100853 0 0.5 p69 12586 20
545 23092219 m1 823831 0 0.5 p69 12591 8
43 23097416 m60 58121 0.0312508643 0.5 p69 12593 20
255 23123232 m1 346005 0 0.5 p69 12603 20
179 23151517 m1 224145 0 0.5 p69 12614 20
220 23159232 m1 289509 0 0.5 p69 12617 20
521 23211052 m1 792768 0 0.5 p69 12637 15
489 23273006 m1 750657 0 0.5 p69 12661 20
143 23301385 m1 155801 0 0.5 p69 12672 20
101 23303915 m1 110901 0 0.5 p69 12673 20
100 23306629 m1 110868 0 0.5 p69 12674 20
174 23324711 m1 216592 0 0.5 p69 12681 20
544 23350658 m1 820622 0 0.5 p69 12691 6
162 23353402 m2 203646 0 0.5 p69 12692 20
757 23363713 m1 831753 0 0.5 p69 12696 1
175 23376451 m1 217358 0 0.5 p69 12701 20
273 23389346 m1 364941 0 0.5 p69 12706 20
541 23474709 m1 815095 0 0.5 p69 12739 20
493 23505900 m1 757849 0 0.5 p69 12751 20
167 23542384 m2 208788 0 0.5 p69 12765 20
494 23544873 m1 758351 0 0.5 p69 12766 20
383 23575910 m1 560622 0 0.5 p69 12778 20
75 23578366 m60 84561 0.0169791915 0.5 p69 12779 20
216 23596521 m1 281821 0 0.5 p69 12786 20
184 23679470 m3 231594 -2.86018735e-06 0.100000001 p69 12818 20
731 23682028 m1 807556 0 0.5 p69 12819 8
219 23697551 m1 287804 0 0.5 p69 12825 20
755 23705254 m1 821064 0 0.5 p69 12828 2
430 23728101 m2 643826 0 0.5 p69 12837 20
553 23733337 m1 835791 0 0.5 p69 12839 5
565 23810294 m1 847659 0 0.5 p69 12869 18
695 23838570 m1 844031 0 0.5 p69 12880 7
440 23866705 m2 661823 0 0.5 p69 12891 20
384 23890017 m1 561535 0 0.5 p69 12900 20
245 23986269 m2 329934 0 0.5 p69 12937 20
31 24030133 m2 43557 0 0.5 p69 12954 20
10 24076486 m1 19072 0 0.5 p69 12972 20
527 24141877 m1 798972 0 0.5 p69 12997 11
194 24183550 m1 239618 0 0.5 p69 13013 20
120 24219386 m70 127660 0.0765783042 0.5 p69 13027 20
744 24280978 m1 842222 0 0.5 p69 13051 2
81 24311959 m60 88296 0.00226480025 0.5 p69 13063 20
355 24335134 m1 502953 0 0.5 p69 13072 20
368 24355738 m2 533894 0 0.5 p69 13080 20
337 24363472 m1 483208 0 0.5 p69 13083 20
477 24384402 m2 733471 0 0.5 p69 13091 20
520 24415173 m1 792010 0 0.5 p69 13103 15
641 24459165 m1 834076 0 0.5 p69 13120 11
343 24459272 m1 488966 0 0.5 p69 13120 20
637 24485039 m1 823071 0 0.5 p69 13130 12
105 24526589 m1 113266 0 0.5 p69 13146 20
410 24554704 m1 619175 0 0.5 p69 13157 20
122 24588354 m2 130768 0 0.5 p69 13170 20
481 24652820 m1 741213 0 0.5 p69 13195 20
86 24660704 m60 93347 0.0138202338 0.5 p69 13198 20
635 24722334 m1 808635 0 0.5 p69 13222 16
183 24755900 m1 229026 0 0.5 p69 13235 20
395 24810319 m2 594492 0 0.5 p69 13256 20
104 24843931 m1 112517 0 0.5 p69 13269 20
32 24872571 m2 45348 0 0.5 p69 13280 20
124 24882899 m70 132743 0.0363025963 0.5 p69 13284 20
72 24887989 m1 82938 0 0.5 p69 13286 20
428 24888109 m1 640431 0 0.5 p69 13286 20
244 24911327 m2 329769 0 0.5 p69 13295 20
377 24967799 m1 547711 0 0.5 p69 13317 20
334 24967800 m1 480677 0 0.5 p69 13317 20
92 25001509 m1 106432 0 0.5 p69 13330 20
93 25048164 m1 107114 0 0.5 p69 13348 20
471 25061186 m2 722783 0 0.5 p69 13353 20
514 25079231 m1 784392 0 0.5 p69 13360 15
131 25091949 m70 135277 0.0135025429 0.5 p69 13365 20
492 25125559 m1 755530 0 0.5 p69 13378 20
361 25145843 m1 505372 0 0.5 p69 13386 20
230 25244205 m3 310251 -0.000652299263 0.100000001 p69 13424 20
115 25259936 m1 124156 0 0.5 p69 13430 20
253 25270526 m1 345626 0 0.5 p69 13434 20
285 25280593 m2 389108 0 0.5 p69 13438 20
745 25314178 m1 848014 0 0.5 p69 13451 2
189 25337633 m1 235213 0 0.5 p69 13460 20
532 25342921 m1 804837 0 0.5 p69 13462 12
317 25376436 m2 453313 0 0.5 p69 13475 20
66 25386905 m1 80870 0 0.5 p69 13479 20
375 25415413 m1 545073 0 0.5 p69 13490 20
374 25492791 m1 545022 0 0.5 p69 13520 20
336 25577973 m1 481998 0 0.5 p69 13553 20
437 25604101 m2 657767 0 0.5 p69 13563 20
803 25645395 m1 786377 0 0.5 p69 13579 5
582 25671260 m2 185565 0 0.5 p69 13589 10
108 25714914 m1 115466 0 0.5 p69 13606 20
11 25727900 m1 20800 0 0.5 p69 13611 20
576 25740758 m1 151057 0 0.5 p69 13616 14
500 25766918 m1 766225 0 0.5 p69 13626 14
118 25789685 m1 124948 0 0.5 p69 13635 20
208 25833682 m2 272976 0 0.5 p69 13652 10
254 25841481 m1 345636 0 0.5 p69 13655 9
804 25906045 m1 794244 0 0.5 p69 13680 5
589 25918997 m1 223686 0 0.5 p69 13685 10
615 25947300 m2 523037 0 0.5 p69 13696 10
80 25952462 m1 87554 0 0.5 p69 13698 20
358 25983772 m1 503993 0 0.5 p69 13710 10
448 25988876 m2 667231 0 0.5 p69 13712 20
605 25991454 m1 432573 0 0.5 p69 13713 11
480 25994044 m2 738635 0 0.5 p69 13714 20
42 26027778 m60 58056 0.025069477 0.5 p69 13727 20
376 26037923 m1 547273 0 0.5 p69 13731 20
642 26053743 m1 838517 0 0.5 p69 13737 13
577 26069286 m1 151573 0 0.5 p69 13743 14
558 26074477 m1 839566 0 0.5 p69 13745 2
608 26102964 m1 439401 0 0.5 p69 13756 11
128 26105606 m70 134942 0.0246517975 0.5 p69 13757 20
229 26126190 m1 307092 0 0.5 p69 13765 9
739 26175143 m1 159187 0 0.5 p69 13784 2
279 26182900 m1 377542 0 0.5 p69 13787 9
213 26226979 m1 279406 0 0.5 p69 13804 10
678 26232159 m1 164239 0 0.5 p69 13806 4
677 26242671 m1 161338 0 0.5 p69 13810 5
581 26271274 m2 185003 0 0.5 p69 13821 10
497 26273851 m1 761979 0 0.5 p69 13822 14
296 26281719 m2 410017 0 0.5 p69 13825 9
644 26354122 m1 849103 0 0.5 p69 13853 10
127 26434133 m1 134055 0 0.5 p69 13884 20
78 26439429 m2 86787 0 0.5 p69 13886 20
258 26444795 m1 347703 0 0.5 p69 13888 9
537 26449827 m1 811790 0 0.5 p69 13890 4
263 26475587 m1 352567 0 0.5 p69 13900 9
674 26511819 m1 141258 0 0.5 p69 13914 13
800 26514409 m1 776498 0 0.5 p69 13915 6
4 26527517 m1 10810 0 0.5 p69 13920 20
595 26535259 m1 295670 0 0.5 p69 13923 11
14 26621048 m1 21385 0 0.5 p69 13956 20
40 26719752 m3 53466 -0.000217402412 0.100000001 p69 13994 20
612 26732745 m1 485261 0 0.5 p69 13999 10
356 26750703 m1 502973 0 0.5 p69 14006 10
217 26776547 m1 285405 0 0.5 p69 14016 10
171 26797382 m1 214611 0 0.5 p69 14024 10
19 26848636 m1 23765 0 0.5 p69 14044 20
117 26853662 m1 124624 0 0.5 p69 14046 20
371 26869171 m2 538536 0 0.5 p69 14052 10
311 26884474 m1 433275 0 0.5 p69 14058 9
132 26913423 m1 136530 0 0.5 p69 14069 20
6 26918633 m1 14151 0 0.5 p69 14071 20
456 26923465 m1 688825 0 0.5 p69 14073 20
268 26931337 m1 358488 0 0.5 p69 14076 9
583 26936534 m2 197077 0 0.5 p69 14078 10
610 26936535 m3 480967 -0.00116232841 0.100000001 p69 14078 10
594 26941652 m3 290696 -0.000760915515 0.100000001 p69 14080 11
293 26959883 m2 407899 0 0.5 p69 14087 9
303 27001398 m1 422616 0 0.5 p69 14103 9
58 27052996 m2 72529 0 0.5 p69 14123 20
474 27060823 m2 728834 0 0.5 p69 14126 20
27 27065832 m60 38959 0.0599100739 0.5 p69 14128 20
802 27068394 m1 780167 0 0.5 p69 14129 5
648 27071079 m1 149648 0 0.5 p69 14130 6
470 27120087 m2 722597 0 0.5 p69 14149 20
585 27140631 m2 211753 0 0.5 p69 14157 10
636 27140691 m1 808808 0 0.5 p69 14157 16
602 27143123 m2 396894 0 0.5 p69 14158 11
584 27150834 m2 204089 0 0.5 p69 14161 10
290 27153505 m2 403024 0 0.5 p69 14162 9
523 27174435 m2 795455 0 0.5 p69 14170 12
603 27189744 m2 403097 0 0.5 p69 14176 11
88 27200285 m1 95105 0 0.5 p69 14180 20
598 27220910 m1 348413 0 0.5 p69 14188 11
342 27231295 m3 487072 -2.84070467e-07 0.100000001 p69 14192 10
5 27241495 m1 11836 0 0.5 p69 14196 20
580 27324473 m2 182071 0 0.5 p69 14228 10
614 27334835 m3 505795 -3.3879403e-06 0.100000001 p69 14232 10
488 27347531 m1 747997 0 0.5 p69 14237 20
638 27352753 m1 823796 0 0.5 p69 14239 12
110 27399226 m1 116704 0 0.5 p69 14257 20
354 27417216 m1 501647 0 0.5 p69 14264 10
596 27422165 m1 305654 0 0.5 p69 14266 11
251 27445575 m1 344886 0 0.5 p69 14275 9
400 27458783 m2 607805 0 0.5 p69 14280 10
676 27469090 m1 159735 0 0.5 p69 14284 3
592 27469207 m1 279287 0 0.5 p69 14284 10
604 27474383 m1 422345 0 0.5 p69 14286 11
609 27492515 m2 469862 0 0.5 p69 14293 11
611 27549282 m1 484341 0 0.5 p69 14315 10
272 27551907 m1 364883 0 0.5 p69 14316 9
360 27562476 m1 504571 0 0.5 p69 14320 10
860 27567429 m1 232530 0 0.5 p69 14322 1
798 27577874 m1 761027 0 0.5 p69 14326 6
630 27580556 m2 730334 0 0.5 p69 14327 16
672 27593362 m71 125739 -0.000894489698 0.5 p69 14332 4
593 27598240 m1 284431 0 0.5 p69 14334 10
550 27600871 m1 831949 0 0.5 p69 14335 5
165 27629127 m2 207970 0 0.5 p69 14346 9
665 27647452 m1 83186 0 0.5 p69 14353 3
48 27647460 m1 64101 0 0.5 p69 14353 17
240 27704287 m2 327109 0 0.5 p69 14375 9
309 27748343 m1 431123 0 0.5 p69 14392 9
69 27750874 m60 82253 0.0212082174 0.5 p69 14393 17
600 27758742 m1 370815 0 0.5 p69 14396 11
668 27761131 m2 91033 0 0.5 p69 14397 3
198 27776874 m2 253697 0 0.5 p69 14403 10
588 27794971 m1 222141 0 0.5 p69 14410 10
667 27817987 m1 87540 0 0.5 p69 14419 3
799 27836132 m1 773863 0 0.5 p69 14426 6
106 27846594 m1 113373 0 0.5 p69 14430 17
670 27846614 m1 110626 0 0.5 p69 14430 3
95 27885209 m1 108054 0 0.5 p69 14445 17
671 27900588 m1 123545 0 0.5 p69 14451 4
734 27967290 m1 826599 0 0.5 p69 14477 2
658 27998473 m1 12689 0 0.5 p69 14489 3
743 27998481 m1 840385 0 0.5 p69 14489 2
675 28001093 m1 155343 0 0.5 p69 14490 2
662 28003757 m1 35097 0 0.5 p69 14491 3
152 28034828 m1 172375 0 0.5 p69 14503 8
573 28037479 m1 143915 0 0.5 p69 14504 7
196 28039874 m1 240847 0 0.5 p69 14505 9
427 28094062 m1 640346 0 0.5 p69 14526 10
151 28104430 m1 172243 0 0.5 p69 14530 8
109 28122502 m1 115783 0 0.5 p69 14537 17
71 28122503 m1 82779 0 0.5 p69 14537 17
389 28130193 m2 583285 0 0.5 p69 14540 10
664 28140308 m60 71882 0.0110406559 0.5 p69 14544 3
666 28171654 m1 87411 0 0.5 p69 14556 3
616 28192260 m1 553386 0 0.5 p69 14564 10
398 28199825 m2 602925 0 0.5 p69 14567 10
193 28212848 m1 238732 0 0.5 p69 14572 9
627 28231138 m1 704310 0 0.5 p69 14579 10
643 28233706 m1 845097 0 0.5 p69 14580 9
590 28271991 m2 251171 0 0.5 p69 14595 10
390 28282436 m2 585270 0 0.5 p69 14599 10
622 28295317 m2 654722 0 0.5 p69 14604 10
763 28298105 m1 111580 0 0.5 p69 14605 3
465 28300718 m2 712153 0 0.5 p69 14606 4
701 28303187 m2 62813 0 0.5 p69 14607 3
702 28305854 m1 105396 0 0.5 p69 14608 3
663 28305908 m60 57412 0.0195224341 0.5 p69 14608 3
22 28313677 m1 29413 0 0.5 p69 14611 1
2 28318806 m1 5689 0 0.5 p69 14613 1
834 28334288 m1 144540 0 0.5 p69 14619 1
810 28339509 m1 24924 0 0.5 p69 14621 1
704 28339681 m1 142067 0 0.5 p69 14621 1
266 28344589 m1 358011 0 0.5 p69 14623 9
569 28344592 m60 69407 0.0167489108 0.5 p69 14623 9
170 28347294 m1 213829 0 0.5 p69 14624 9
708 28365399 m2 253645 0 0.5 p69 14631 1
606 28391601 m1 432882 0 0.5 p69 14641 9
765 28396704 m1 221065 0 0.5 p69 14643 2
767 28409763 m1 235428 0 0.5 p69 14648 2
568 28425316 m2 50706 0 0.5 p69 14654 6
625 28438125 m1 697120 0 0.5 p69 14659 10
768 28451163 m2 258334 0 0.5 p69 14664 2
146 28453751 m1 160659 0 0.5 p69 14665 1
760 28458805 m1 11020 0 0.5 p69 14667 3
831 28461463 m3 41845 -1.58307003e-07 0.100000001 p69 14668 2
529 28463960 m1 799318 0 0.5 p69 14669 2
705 28464006 m1 177998 0 0.5 p69 14669 1
618 28466691 m1 565985 0 0.5 p69 14670 10
673 28487136 m1 128818 0 0.5 p69 14678 1
559 28489804 m1 843138 0 0.5 p69 14679 1
709 28494943 m2 264361 0 0.5 p69 14681 1
579 28510337 m1 162355 0 0.5 p69 14687 10
661 28517999 m1 28385 0 0.5 p69 14690 3
613 28544025 m1 487524 0 0.5 p69 14700 10
759 28551785 m1 840590 0 0.5 p69 14703 1
601 28554459 m1 372125 0 0.5 p69 14704 9
197 28572493 m1 241602 0 0.5 p69 14711 8
707 28575099 m1 224765 0 0.5 p69 14712 1
711 28577666 m1 283929 0 0.5 p69 14713 1
721 28585519 m2 577319 0 0.5 p69 14716 1
586 28595850 m1 213255 0 0.5 p69 14720 8
736 28600860 m60 54807 0.0168194659 0.5 p69 14722 2
856 28606027 m1 844234 0 0.5 p69 14724 1
772 28608650 m1 357532 0 0.5 p69 14725 2
656 28608706 m1 799420 0 0.5 p69 14725 5
764 28611399 m1 118834 0 0.5 p69 14726 3
733 28629398 m1 820404 0 0.5 p69 14733 1
154 28650066 m1 173248 0 0.5 p69 14741 1
715 28650102 m1 370947 0 0.5 p69 14741 1
631 28652646 m2 733498 0 0.5 p69 14742 15
716 28655357 m2 381791 0 0.5 p69 14743 1
714 28660556 m1 352358 0 0.5 p69 14745 1
830 28668105 m1 25513 0 0.5 p69 14748 2
37 28668173 m2 50836 0 0.5 p69 14748 1
710 28668175 m2 269737 0 0.5 p69 14748 1
567 28676067 m1 30025 0 0.5 p69 14751 6
620 28691606 m1 573358 0 0.5 p69 14757 9
703 28691675 m1 123840 0 0.5 p69 14757 1
645 28696647 m2 47498 0 0.5 p69 14759 3
63 28704358 m1 77600 0 0.5 p69 14762 1
717 28709574 m1 422120 0 0.5 p69 14764 1
207 28714707 m2 272727 0 0.5 p69 14766 9
587 28720008 m1 220594 0 0.5 p69 14768 8
632 28724942 m1 742332 0 0.5 p69 14770 15
646 28740579 m2 79700 0 0.5 p69 14776 3
781 28740634 m1 683990 0 0.5 p69 14776 1
691 28743011 m1 804375 0 0.5 p69 14777 1
570 28743045 m1 113670 0 0.5 p69 14777 2
724 28753353 m1 692448 0 0.5 p69 14781 1
67 28753403 m1 80934 0 0.5 p69 14781 1
784 28766149 m1 13315 0 0.5 p69 14786 1
795 28766265 m3 574958 -0.0252122004 0.100000001 p69 14786 6
681 28768774 m2 389074 0 0.5 p69 14787 2
859 28768799 m2 193881 0 0.5 p69 14787 1
738 28771480 m1 103107 0 0.5 p69 14788 2
690 28776440 m1 778642 0 0.5 p69 14790 1
617 28781770 m1 558785 0 0.5 p69 14792 6
684 28792091 m2 534060 0 0.5 p69 14796 3
814 28797182 m1 310177 0 0.5 p69 14798 1
647 28797191 m1 99909 0 0.5 p69 14798 3
792 28797294 m2 452102 0 0.5 p69 14798 6
634 28802336 m1 806683 0 0.5 p69 14800 3
629 28802403 m2 725938 0 0.5 p69 14800 11
660 28804813 m1 27457 0 0.5 p69 14801 1
312 28804880 m1 440192 0 0.5 p69 14801 1
729 28809966 m1 798328 0 0.5 p69 14803 1
237 28830666 m2 324871 0 0.5 p69 14811 1
687 28841105 m1 630580 0 0.5 p69 14815 3
851 28851426 m1 545560 0 0.5 p69 14819 1
742 28856754 m1 820294 0 0.5 p69 14821 2
510 28856780 m1 779336 0 0.5 p69 14821 1
575 28856813 m1 150366 0 0.5 p69 14821 2
683 28862013 m2 531744 0 0.5 p69 14823 3
788 28869793 m2 253751 0 0.5 p69 14826 6
797 28872252 m1 676630 0 0.5 p69 14827 6
653 28879954 m2 653970 0 0.5 p69 14830 2
806 28893213 m1 117918 0 0.5 p69 14835 4
740 28893267 m1 817906 0 0.5 p69 14835 2
650 28898615 m2 339983 0 0.5 p69 14837 2
655 28903631 m1 789988 0 0.5 p69 14839 2
793 28906215 m2 534066 0 0.5 p69 14840 6
686 28908982 m1 630539 0 0.5 p69 14841 3
844 28911494 m1 240212 0 0.5 p69 14842 1
563 28929367 m1 846773 0 0.5 p69 14849 1
699 28929440 m1 23529 0 0.5 p69 14849 1
779 28932124 m1 621281 0 0.5 p69 14850 1
574 28934690 m1 144197 0 0.5 p69 14851 2
789 28934815 m1 354824 0 0.5 p69 14851 6
820 28937315 m2 589064 0 0.5 p69 14852 1
815 28942394 m2 340776 0 0.5 p69 14854 1
300 28942481 m1 417050 0 0.5 p69 14854 1
649 28944911 m2 191853 0 0.5 p69 14855 2
813 28952555 m2 188472 0 0.5 p69 14858 1
723 28952569 m1 683752 0 0.5 p69 14858 1
747 28970845 m60 43003 0.0129183009 0.5 p69 14865 2
778 28973595 m2 602580 0 0.5 p69 14866 1
626 28978710 m1 699342 0 0.5 p69 14868 3
812 28981307 m1 108172 0 0.5 p69 14869 1
774 28981355 m1 477317 0 0.5 p69 14869 1
817 28983916 m2 527434 0 0.5 p69 14870 1
819 28989003 m1 567021 0 0.5 p69 14872 1
737 28989138 m2 93386 0 0.5 p69 14872 2
719 28991692 m1 429783 0 0.5 p69 14873 1
776 28994223 m1 503522 0 0.5 p69 14874 1
769 28999447 m1 301023 0 0.5 p69 14876 2
821 29001994 m1 636967 0 0.5 p69 14877 1
692 29004532 m1 818311 0 0.5 p69 14878 1
712 29004607 m1 310324 0 0.5 p69 14878 1
607 29009491 m1 434102 0 0.5 p69 14880 3
824 29009659 m1 773004 0 0.5 p69 14880 1
679 29012069 m1 243679 0 0.5 p69 14881 1
858 29012081 m2 189264 0 0.5 p69 14881 1
849 29012207 m1 479965 0 0.5 p69 14881 1
854 29014599 m1 770193 0 0.5 p69 14882 1
770 29014647 m2 329919 0 0.5 p69 14882 2
794 29017164 m1 565587 0 0.5 p69 14883 6
761 29017250 m1 32787 0 0.5 p69 14883 2
706 29017294 m1 218181 0 0.5 p69 14883 1
720 29019822 m1 442141 0 0.5 p69 14884 1
659 29019879 m1 27393 0 0.5 p69 14884 1
783 29022325 m1 842351 0 0.5 p69 14885 1
628 29035266 m2 712889 0 0.5 p69 14890 3
840 29037779 m2 653679 0 0.5 p69 14891 1
796 29040302 m1 614132 0 0.5 p69 14892 6
853 29040486 m2 712925 0 0.5 p69 14892 1
572 29045537 m1 121297 0 0.5 p69 14894 2
693 29045557 m1 822182 0 0.5 p69 14894 1
751 29048233 m2 595247 0 0.5 p69 14895 1
599 29050669 m1 369787 0 0.5 p69 14896 3
633 29050670 m1 774978 0 0.5 p69 14896 3
785 29050787 m1 97482 0 0.5 p69 14896 1
816 29058334 m1 375261 0 0.5 p69 14899 1
441 29063677 m2 661847 0 0.5 p69 14901 1
791 29068733 m1 431132 0 0.5 p69 14903 6
682 29071174 m2 522943 0 0.5 p69 14904 1
872 29073918 m2 540312 0 0.5 p69 14905 1
727 29081782 m1 762035 0 0.5 p69 14908 1
741 29084195 m1 818008 0 0.5 p69 14909 2
847 29084327 m2 318847 0 0.5 p69 14909 1
718 29086689 m1 426637 0 0.5 p69 14910 1
771 29086845 m2 343306 0 0.5 p69 14910 1
780 29089260 m1 641222 0 0.5 p69 14911 1
838 29094480 m3 546740 -2.18153588e-07 0.100000001 p69 14913 1
735 29099510 m1 23150 0 0.5 p69 14915 2
749 29099567 m1 441744 0 0.5 p69 14915 1
259 29099573 m1 348909 0 0.5 p69 14915 1
762 29099625 m61 85948 -5.00009992e-05 0.5 p69 14915 2
621 29102126 m2 587855 0 0.5 p69 14916 3
766 29102210 m1 225064 0 0.5 p69 14916 1
462 29104911 m1 703869 0 0.5 p69 14917 1
696 29107531 m1 845323 0 0.5 p69 14918 2
835 29107578 m2 266516 0 0.5 p69 14918 1
624 29112590 m1 690144 0 0.5 p69 14920 3
619 29115220 m1 567018 0 0.5 p69 14921 3
654 29122940 m2 655335 0 0.5 p69 14924 2
241 29125281 m2 327373 0 0.5 p69 14925 1
818 29127841 m2 542655 0 0.5 p69 14926 1
836 29128004 m1 309255 0 0.5 p69 14926 1
685 29128029 m1 618907 0 0.5 p69 14926 1
680 29130369 m2 327503 0 0.5 p69 14927 1
689 29130370 m1 690472 0 0.5 p69 14927 1
787 29130519 m2 246870 0 0.5 p69 14927 5
839 29133086 m1 619345 0 0.5 p69 14928 1
855 29135569 m100 795796 0.0113431364 0.5 p69 14929 1
846 29140899 m2 316455 0 0.5 p69 14931 1
805 29150987 m1 40070 0 0.5 p69 14935 4
212 29156264 m1 279237 0 0.5 p69 14937 1
571 29156378 m1 115005 0 0.5 p69 14937 2
754 29158802 m1 806882 0 0.5 p69 14938 2
811 29164141 m1 46778 0 0.5 p69 14940 1
868 29164149 m1 242930 0 0.5 p69 14940 1
871 29164150 m1 508144 0 0.5 p69 14940 1
848 29169338 m80 444036 0.0058804187 0.5 p69 14942 1
845 29169339 m2 264314 0 0.5 p69 14942 1
773 29171839 m1 416517 0 0.5 p69 14943 1
623 29171855 m2 661978 0 0.5 p69 14943 3
833 29174318 m1 113481 0 0.5 p69 14944 1
823 29174382 m1 744712 0 0.5 p69 14944 1
669 29174423 m2 98620 0 0.5 p69 14944 1
753 29174463 m1 802389 0 0.5 p69 14944 1
827 29174467 m2 580330 0 0.5 p69 14944 2
775 29174497 m1 486390 0 0.5 p69 14944 1
591 29176984 m2 258437 0 0.5 p69 14945 3
748 29184729 m1 419985 0 0.5 p69 14948 1
873 29187209 m1 678351 0 0.5 p69 14949 1
857 29189749 m1 18928 0 0.5 p69 14950 1
863 29189795 m2 585028 0 0.5 p69 14950 1
807 29189800 m1 218356 0 0.5 p69 14950 2
869 29192343 m1 350000 0 0.5 p69 14951 1
842 29197392 m1 24818 0 0.5 p69 14953 1
326 29197431 m2 468293 0 0.5 p69 14953 1
688 29199848 m1 631519 0 0.5 p69 14954 1
64 29199866 m1 78432 0 0.5 p69 14954 1
825 29202465 m1 843237 0 0.5 p69 14955 2
874 29207763 m1 779182 0 0.5 p69 14957 1
865 29207811 m1 753937 0 0.5 p69 14957 1
809 29212815 m2 708626 0 0.5 p69 14959 2
828 29217853 m1 697793 0 0.5 p69 14961 2
525 29217966 m1 796833 0 0.5 p69 14961 1
866 29220512 m1 837368 0 0.5 p69 14962 1
837 29223188 m2 400250 0 0.5 p69 14963 1
651 29225755 m1 419834 0 0.5 p69 14964 1
652 29225756 m1 557824 0 0.5 p69 14964 1
725 29225763 m1 705028 0 0.5 p69 14964 1
728 29225764 m1 762638 0 0.5 p69 14964 1
867 29228276 m2 134559 0 0.5 p69 14965 1
750 29230830 m2 470144 0 0.5 p69 14966 1
841 29230958 m1 815207 0 0.5 p69 14966 1
700 29233370 m1 56131 0 0.5 p69 14967 1
713 29233514 m1 351560 0 0.5 p69 14967 1
826 29238593 m1 545710 0 0.5 p69 14969 2
852 29238731 m1 681628 0 0.5 p69 14969 1
870 29241200 m1 375665 0 0.5 p69 14970 1
698 29243806 m1 14139 0 0.5 p69 14971 1
861 29243845 m1 221956 0 0.5 p69 14971 1
782 29249001 m1 806815 0 0.5 p69 14973 1
786 29256542 m2 210088 0 0.5 p69 14976 1
726 29258950 m1 741273 0 0.5 p69 14977 1
578 29259024 m1 154489 0 0.5 p69 14977 1
790 29259112 m1 424845 0 0.5 p69 14977 1
597 29264082 m2 333831 0 0.5 p69 14979 1
864 29264176 m2 714753 0 0.5 p69 14979 1
639 29271880 m1 824599 0 0.5 p69 14982 1
843 29279681 m1 155876 0 0.5 p69 14985 1
752 29284775 m1 693647 0 0.5 p69 14987 1
756 29284776 m1 827888 0 0.5 p69 14987 1
730 29284784 m1 806312 0 0.5 p69 14987 1
829 29295158 m1 792787 0 0.5 p69 14991 1
657 29295172 m1 807052 0 0.5 p69 14991 1
777 29297691 m1 505551 0 0.5 p69 14992 1
832 29300239 m2 86451 0 0.5 p69 14993 1
862 29305338 m81 408122 -0.00962408725 0.5 p69 14995 1
822 29305499 m2 662862 0 0.5 p69 14995 1
850 29313205 m1 481352 0 0.5 p69 14998 1
808 29313216 m2 516772 0 0.5 p69 14998 1
722 29315939 m2 658283 0 0.5 p69 14999 1
732 29318453 m1 813918 0 0.5 p69 15000 1
Genomes:
p69:0 A 0 1 2 3 4 5 6 7 8 9 10 11 12 13 14 15 16 17 18 19 20 21 22 23 24 25 26 27 28 29 30 31 32 33 34 35 36 37 38 39 40 41 42 43 44 45 46 47 48 49 50 51 52 53 54 55 56 57 58 59 60 61 62 63 64 65 66 67 68 69 70 71 72 73 74 75 76 77 78 79 80 81 82 83 84 85 86 87 88 89 90 91 92 93 94 95 96 97 98 99 100 101 102 103 104 105 106 107 108 109 110 111 112 113 114 115 116 117 118 119 120 121 122 123 124 125 126 127 128 129 130 131 132 133 134 135 136 137 138 139 140 141 142 143 144 145 146 147 148 149 150 151 152 153 154 155 156 157 158 159 160 161 162 163 164 165 166 167 168 169 170 171 172 173 174 175 176 177 178 179 180 181 182 183 184 185 186 187 188 189 190 191 192 193 194 195 196 197 198 199 200 201 202 203 204 205 206 207 208 209 210 211 212 213 214 215 216 217 218 219 220 221 222 223 224 225 226 227 228 229 230 231 232 233 234 235 236 237 238 239 240 241 242 243 244 245 246 247 248 249 250 251 252 253 254 255 256 257 258 259 260 261 262 263 264 265 266 267 268 269 270 271 272 273 274 275 276 277 278 279 280 281 282 283 284 285 286 287 288 289 290 291 292 293 294 295 296 297 298 299 300 301 302 303 304 305 306 307 308 309 310 311 312 313 314 315 316 317 318 319 320 321 322 323 324 325 326 327 328 329 330 331 332 333 334 335 336 337 338 339 340 341 342 343 344 345 346 347 348 349 350 351 352 353 354 355 356 357 358 359 360 361 362 363 364 365 366 367 368 369 370 371 372 373 374 375 376 377 378 379 380 381 382 383 384 385 386 387 388 389 390 391 392 393 394 395 396 397 398 399 400 401 402 403 404 405 406 407 408 409 410 411 412 413 414 415 416 417 418 419 420 421 422 423 424 425 426 427 428 429 430 431 432 433 434 435 436 437 438 439 440 441 442 443 444 445 446 447 448 449 450 451 452 453 454 455 456 457 458 459 460 461 462 463 464 465 466 467 468 469 470 471 472 473 474 475 476 477 478 479 480 481 482 483 484 485 486 487 488 489 490 491 492 493 494 495 496 497 498 499 500 501 502 503 504 505 506 507 508 509 510 511 512 513 514 515 516 517 518 519 520 521 522 523 524 525 526 527 528 529 530 531 532 533 534 535 536 537 538 539 540 541 542 543 544 545 546 547 548 549 550 551 552 553 554 555 556 557 558 559 560 561 562 563 564 565 566
p69:1 A 0 1 3 4 5 6 7 8 9 10 11 12 13 14 15 16 17 18 19 20 21 567 23 24 25 26 27 28 29 30 31 32 33 34 35 36 568 38 39 40 41 42 43 44 45 46 47 48 49 50 51 569 52 53 54 55 56 57 58 59 60 61 62 65 66 68 69 70 71 72 73 74 75 76 77 78 79 80 81 82 83 84 85 86 87 88 89 90 91 92 93 94 95 96 97 98 99 100 101 102 103 104 105 106 570 571 107 108 109 110 111 112 572 113 114 115 116 117 118 119 120 121 122 123 124 125 126 127 128 129 130 131 132 133 134 135 136 137 573 138 574 139 575 576 577 140 141 142 578 143 144 145 147 579 148 149 150 153 155 580 581 582 156 157 158 159 160 583 161 162 584 163 164 166 167 168 585 586 169 172 173 174 175 176 177 587 178 588 589 179 180 181 182 183 184 185 186 187 188 189 190 191 192 194 195 590 199 591 200 201 202 203 204 205 206 209 210 211 592 214 215 216 593 218 219 220 221 222 594 223 595 224 225 226 227 228 596 230 231 232 233 234 235 236 238 239 242 243 244 245 597 246 247 248 249 250 252 253 255 256 257 598 260 261 262 264 265 267 269 270 271 273 274 275 599 276 600 601 277 278 280 281 282 283 284 285 286 287 602 288 289 603 291 292 294 295 297 298 299 301 302 604 304 305 306 307 308 605 606 310 607 608 313 314 315 316 317 318 319 320 321 322 323 324 325 609 327 328 329 330 331 332 333 334 610 335 336 337 611 338 339 612 340 341 613 343 344 345 346 347 348 349 350 351 352 353 355 357 359 361 614 362 363 364 365 615 366 367 368 369 370 372 373 374 375 376 377 378 379 616 380 381 382 617 383 384 385 618 619 386 620 387 388 621 391 392 393 394 395 396 397 399 401 402 403 404 405 406 407 408 409 410 411 412 413 414 415 416 417 418 419 420 421 422 423 424 425 426 428 429 430 431 432 433 434 435 436 622 437 438 439 440 623 442 443 444 445 446 447 448 449 450 451 452 453 454 455 456 624 457 458 625 459 460 626 461 463 627 464 628 466 467 468 469 470 471 629 472 473 474 475 630 476 477 478 631 479 480 481 482 483 632 484 485 486 487 488 489 490 491 492 493 494 495 496 497 498 499 500 501 502 503 504 505 506 633 507 508 509 511 512 513 514 515 516 517 518 519 520 521 522 524 526 528 530 531 533 634 534 635 636 535 536 538 539 540 541 542 543 637 638 639 546 547 640 548 549 641 551 552 554 555 556 642 557 560 643 561 562 564 565 566 644
p69:2 A 0 1 3 4 5 6 7 8 9 10 11 12 13 14 15 16 17 18 19 20 21 23 24 25 26 27 28 29 30 31 32 33 645 34 35 36 38 39 40 41 42 43 44 45 46 47 48 49 50 51 569 52 53 54 55 56 57 58 59 60 61 62 65 646 66 68 69 70 71 72 73 74 75 76 77 78 79 80 81 82 83 84 85 86 87 88 647 89 90 91 92 93 94 95 96 97 98 99 100 101 102 103 104 105 106 107 108 109 110 111 112 113 114 115 116 117 118 119 120 121 122 123 124 125 126 127 128 129 130 131 132 133 134 135 136 137 138 139 648 576 577 140 141 142 143 144 145 147 579 148 149 150 153 155 580 581 582 156 649 157 158 159 160 583 161 162 584 163 164 166 167 168 585 586 169 172 173 174 175 176 177 587 178 588 589 179 180 181 182 183 184 185 186 187 188 189 190 191 192 194 195 590 199 200 201 202 203 204 205 206 209 210 211 592 214 215 216 593 218 219 220 221 222 594 223 595 224 225 226 227 228 596 230 231 232 233 234 235 236 238 239 242 243 244 245 246 247 650 248 249 250 252 253 255 256 257 598 260 261 262 264 265 267 269 270 271 273 274 275 276 600 601 277 278 280 281 282 283 284 285 286 287 602 288 289 603 291 292 294 295 297 298 299 301 651 302 604 304 305 306 307 308 605 606 310 608 313 314 315 316 317 318 319 320 321 322 323 324 325 609 327 328 329 330 331 332 333 334 610 335 336 337 611 338 339 612 340 341 613 343 344 345 346 347 348 349 350 351 352 353 355 357 359 361 614 362 363 364 365 615 366 367 368 369 370 372 373 374 375 376 377 378 379 616 380 381 652 382 383 384 385 618 386 620 387 388 391 392 393 394 395 396 397 399 401 402 403 404 405 406 407 408 409 410 411 412 413 414 415 416 417 418 419 420 421 422 423 424 425 426 428 429 430 431 432 433 434 435 436 653 622 654 437 438 439 440 442 443 444 445 446 447 448 449 450 451 452 453 454 455 456 457 458 625 459 460 461 463 627 464 466 467 468 469 470 471 472 473 474 475 630 476 477 478 631 479 480 481 482 483 632 484 485 486 487 488 489 490 491 492 493 494 495 496 497 498 499 500 501 502 503 504 505 506 507 508 509 511 512 513 514 515 516 517 518 519 655 520 521 522 523 524 526 527 528 530 656 531 532 533 657 534 635 636 535 536 538 539 540 541 542 543 637 638 546 547 640 548 549 641 551 552 554 555 556 642 557 560 643 561 562 564 565 566 644
p69:3 A 0 1 3 4 5 658 6 7 8 9 10 11 12 13 14 15 16 17 18 19 20 659 660 21 661 23 24 662 25 26 27 28 29 30 31 32 33 34 35 36 38 39 40 41 663 42 43 44 45 46 47 49 50 51 52 53 54 55 56 664 57 58 59 60 61 62 65 66 68 70 72 665 73 74 75 76 77 78 79 666 667 80 81 82 83 84 668 85 86 87 88 669 89 90 91 92 93 94 96 97 98 99 670 100 101 102 103 104 105 107 108 110 111 112 113 671 114 115 116 117 118 672 119 120 673 121 122 123 124 125 126 127 128 129 130 131 132 133 134 674 135 136 137 138 139 648 576 577 140 141 142 675 143 144 145 676 147 677 148 678 149 150 153 155 156 157 158 159 160 161 162 163 164 165 166 167 168 169 170 171 172 173 174 175 176 177 178 179 180 181 182 183 184 185 186 187 188 189 190 191 192 193 194 195 196 197 679 198 199 200 201 202 203 204 205 206 207 208 209 210 211 213 214 215 216 217 218 219 220 221 222 223 224 225 226 227 228 229 230 231 232 233 234 235 236 238 239 240 242 680 243 244 245 246 247 248 249 250 251 252 253 254 255 256 257 258 260 261 262 263 264 265 266 267 268 269 270 271 272 273 274 275 276 277 278 279 280 281 282 283 284 681 285 286 287 288 289 290 291 292 293 294 295 296 297 298 299 301 302 303 304 305 306 307 308 309 310 311 313 314 315 316 317 318 319 320 321 322 323 324 325 327 328 329 330 331 332 333 334 335 336 337 338 339 340 341 342 343 344 345 346 347 348 349 350 351 352 353 354 355 356 357 358 359 360 361 362 363 364 365 682 366 367 683 368 684 369 370 371 372 373 374 375 376 377 378 379 380 381 382 383 384 385 386 387 388 389 390 391 392 393 394 395 396 397 398 399 400 401 402 403 404 405 406 407 408 409 685 410 411 412 413 414 415 416 417 418 419 420 421 686 687 422 688 423 424 425 426 427 428 429 430 431 432 433 434 435 436 437 438 439 440 442 443 444 445 446 447 448 449 450 451 452 453 454 455 456 457 689 458 459 460 461 463 464 465 466 467 468 469 470 471 472 473 474 475 476 477 478 479 480 481 482 483 484 485 486 487 488 489 490 491 492 493 494 495 496 497 498 499 500 501 502 503 504 505 506 507 508 690 509 511 512 513 514 515 516 517 518 519 520 521 522 523 524 526 527 528 530 531 691 532 533 534 635 636 535 536 538 539 540 541 542 692 543 544 693 545 546 547 548 549 550 551 552 554 555 556 642 557 694 695 560 561 696 562 697 565 566
p69:4 A 0 1 3 4 5 698 6 7 8 9 10 11 12 13 14 15 16 17 699 18 19 20 21 23 24 25 26 27 28 29 30 31 32 33 34 35 36 38 39 40 41 700 42 43 44 45 46 701 47 48 49 50 51 52 53 54 55 56 57 58 59 60 61 62 65 66 68 69 70 71 72 73 74 75 76 77 78 79 80 81 82 83 84 85 86 87 88 89 90 91 702 92 93 94 95 96 97 98 99 100 101 102 103 104 105 106 107 108 109 110 111 112 113 671 114 703 115 116 117 118 672 119 120 121 122 123 124 125 126 127 128 129 130 131 132 133 134 674 135 704 136 137 138 139 140 141 142 143 144 145 676 147 677 148 149 150 151 152 153 705 155 156 157 158 159 160 161 162 163 164 165 166 167 168 169 170 171 172 173 174 175 176 706 177 178 179 180 707 181 182 183 184 185 186 187 188 189 190 191 192 193 194 195 196 708 198 199 200 709 201 202 203 204 710 205 206 208 209 210 211 213 214 215 216 711 217 218 219 220 221 222 594 223 595 224 225 226 227 228 596 230 712 231 232 233 234 235 236 238 239 242 243 244 245 246 247 248 249 250 252 253 255 256 257 598 260 261 262 713 714 264 265 267 269 270 271 273 274 275 276 600 715 601 277 278 280 281 282 716 283 284 285 286 287 602 288 289 603 291 292 294 295 297 298 299 301 302 717 604 304 305 306 718 307 308 719 605 606 310 608 720 313 314 315 316 317 318 319 320 321 322 323 324 325 609 327 328 329 330 331 332 333 334 610 335 336 337 611 338 339 612 340 341 613 343 344 345 346 347 348 349 350 351 352 353 355 357 359 361 614 362 363 364 365 615 366 367 368 369 370 372 373 374 375 376 377 378 379 616 380 381 382 383 384 385 618 386 387 721 388 391 392 393 394 395 396 397 399 401 402 403 404 405 406 407 408 409 410 411 412 413 414 415 416 417 418 419 420 421 422 423 424 425 426 428 429 430 431 432 433 434 435 436 622 437 722 438 439 440 442 443 444 445 446 447 448 449 450 451 452 723 453 454 455 456 457 724 458 625 459 460 461 463 627 725 464 466 467 468 469 470 471 472 473 474 475 630 476 477 478 479 480 481 726 482 483 484 485 486 487 488 489 490 491 492 493 494 495 496 497 727 498 728 499 500 501 502 503 504 505 506 507 508 509 511 512 513 514 515 516 517 518 519 520 521 522 523 524 526 729 527 528 530 531 532 533 730 534 731 535 536 537 538 539 732 540 541 542 543 733 544 545 546 734 547 548 549 550 551 552 553 554 555 556 557 558 694 695 560 561 696 562 697 565 566
p69:5 A 0 1 3 4 5 658 6 7 8 9 10 11 12 13 14 15 16 735 17 18 19 20 21 661 23 24 662 25 26 27 28 29 30 31 32 33 34 35 36 38 39 40 736 41 663 42 43 44 45 46 47 49 50 51 52 53 54 55 56 664 57 58 59 60 61 62 65 66 68 70 72 665 73 74 75 76 77 78 79 666 667 80 81 82 83 84 668 85 86 737 87 88 89 90 738 91 92 93 94 96 97 98 99 670 100 101 102 103 104 105 107 108 110 111 112 113 671 114 115 116 117 118 672 119 120 121 122 123 124 125 126 127 128 129 130 131 132 133 134 674 135 136 137 138 139 648 576 577 140 141 142 143 144 145 739 147 677 148 149 150 153 155 580 581 582 156 157 158 159 160 583 161 162 584 163 164 166 167 168 585 586 169 172 173 174 175 176 177 587 178 588 589 179 180 181 182 183 184 185 186 187 188 189 190 191 192 194 195 590 199 591 200 201 202 203 204 205 206 209 210 211 592 214 215 216 593 218 219 220 221 222 594 223 595 224 225 226 227 228 596 230 231 232 233 234 235 236 238 239 242 243 244 245 246 247 248 249 250 252 253 255 256 257 598 260 261 262 264 265 267 269 270 271 273 274 275 599 276 600 601 277 278 280 281 282 283 284 285 286 287 602 288 289 603 291 292 294 295 297 298 299 301 302 604 304 305 306 307 308 605 606 310 607 608 313 314 315 316 317 318 319 320 321 322 323 324 325 609 327 328 329 330 331 332 333 334 610 335 336 337 611 338 339 612 340 341 613 343 344 345 346 347 348 349 350 351 352 353 355 357 359 361 614 362 363 364 365 615 366 367 368 369 370 372 373 374 375 376 377 378 379 616 380 381 382 617 383 384 385 618 619 386 620 387 388 621 391 392 393 394 395 396 397 399 401 402 403 404 405 406 407 408 409 410 411 412 413 414 415 416 417 418 419 420 421 422 423 424 425 426 428 429 430 431 432 433 434 435 436 622 437 438 439 440 623 442 443 444 445 446 447 448 449 450 451 452 453 454 455 456 624 457 458 625 459 460 626 461 463 627 464 628 466 467 468 469 470 471 629 472 473 474 475 630 476 477 478 631 479 480 481 482 483 632 484 485 486 487 488 489 490 491 492 493 494 495 496 497 498 499 500 501 502 503 504 505 506 633 507 508 509 511 512 513 514 515 516 517 518 519 520 521 522 524 526 528 530 531 533 634 534 635 636 535 536 538 539 540 541 542 740 741 543 742 637 638 546 547 640 548 549 641 551 552 554 555 556 642 557 743 744 694 695 560 561 562 697 745 566 746
p69:6 A 0 1 3 4 5 6 7 8 9 10 11 12 13 14 15 16 17 18 19 20 21 23 24 25 26 27 28 29 747 30 31 32 33 645 34 35 36 38 39 40 41 42 43 44 45 46 47 48 49 50 51 569 52 53 54 55 56 57 58 59 60 61 62 65 646 66 68 69 70 71 72 73 74 75 76 77 78 79 80 81 82 83 84 85 86 87 88 647 89 90 91 92 93 94 95 96 97 98 99 100 101 102 103 104 105 106 107 108 109 110 111 112 113 114 115 116 117 118 119 120 121 122 123 124 125 126 127 128 129 130 131 132 133 134 135 136 137 138 139 648 576 577 140 141 142 675 143 144 145 676 147 677 148 678 149 150 153 155 156 157 158 159 160 161 162 163 164 165 166 167 168 169 170 171 172 173 174 175 176 177 178 179 180 181 182 183 184 185 186 187 188 189 190 191 192 193 194 195 196 197 198 199 200 201 202 203 204 205 206 207 208 209 210 211 213 214 215 216 217 218 219 220 221 222 223 224 225 226 227 228 229 230 231 232 233 234 235 236 238 239 240 242 243 244 245 246 247 248 249 250 251 252 253 254 255 256 257 258 260 261 262 263 264 265 266 267 268 269 270 271 272 273 274 275 276 277 278 279 280 281 282 283 284 681 285 286 287 288 289 290 291 292 293 294 295 296 297 298 299 301 748 302 303 304 305 306 307 308 309 310 311 749 313 314 315 316 317 318 319 320 321 322 323 324 325 750 327 328 329 330 331 332 333 334 335 336 337 338 339 340 341 342 343 344 345 346 347 348 349 350 351 352 353 354 355 356 357 358 359 360 361 362 363 364 365 366 367 683 368 684 369 370 371 372 373 374 375 376 377 378 379 380 381 382 383 384 385 386 387 388 389 390 391 392 393 394 395 751 396 397 398 399 400 401 402 403 404 405 406 407 408 409 410 411 412 413 414 415 416 417 418 419 420 421 686 687 422 423 424 425 426 427 428 429 430 431 432 433 434 435 436 437 438 439 440 442 443 444 445 446 447 448 449 450 451 452 453 454 455 456 457 458 752 459 460 461 463 464 465 466 467 468 469 470 471 472 473 474 475 476 477 478 479 480 481 482 483 484 485 486 487 488 489 490 491 492 493 494 495 496 497 498 499 500 501 502 503 504 505 506 507 508 509 511 512 513 514 515 516 517 518 519 520 521 522 523 524 526 527 528 529 530 531 753 532 533 754 534 731 535 536 537 538 539 540 541 542 543 755 545 546 547 756 548 549 757 758 551 552 554 555 556 642 557 759 694 695 560 561 562 697 565 566
p69:7 A 0 1 3 4 760 5 6 7 8 9 10 11 12 13 14 15 16 17 18 19 20 21 23 761 24 25 26 27 28 29 30 31 32 33 34 35 36 38 39 40 41 42 43 44 45 46 47 48 49 50 51 52 53 54 55 56 57 58 59 60 61 62 65 66 68 69 70 71 72 73 74 75 76 762 77 78 79 80 81 82 83 84 85 86 87 88 89 90 91 92 93 94 95 96 97 98 99 100 101 102 763 103 104 105 106 107 108 109 110 764 111 112 113 114 115 116 117 118 119 120 121 122 123 124 125 126 127 128 129 130 131 132 133 134 674 135 136 137 138 139 140 141 142 143 144 145 147 148 149 150 153 155 580 581 582 156 157 158 159 160 583 161 162 584 163 164 166 167 168 585 169 172 173 174 175 176 177 765 178 588 589 179 180 766 181 182 183 184 185 186 187 188 189 190 767 191 192 194 195 590 199 768 200 201 202 203 204 205 206 209 210 211 592 214 215 216 593 218 219 220 221 222 594 223 595 224 225 226 227 769 228 596 230 231 232 233 234 235 236 238 239 242 243 244 770 245 246 247 248 249 771 250 252 253 255 256 257 598 260 261 262 264 265 772 267 269 270 271 273 274 275 276 600 277 278 280 281 282 283 284 285 286 287 602 288 289 603 291 292 294 295 297 298 299 773 301 302 604 304 305 306 307 308 605 310 608 313 314 315 316 317 318 319 320 321 322 323 324 325 609 327 328 329 774 330 331 332 333 334 610 335 336 337 611 338 339 612 340 341 775 613 343 344 345 346 347 348 349 350 351 352 353 355 776 357 359 361 777 614 362 363 364 365 615 366 367 368 369 370 372 373 374 375 376 377 378 379 616 380 381 382 383 384 385 618 386 620 387 388 391 392 393 394 395 396 397 778 399 401 402 403 404 405 406 407 408 409 410 411 779 412 413 414 415 416 417 418 419 420 421 422 423 424 425 426 428 780 429 430 431 432 433 434 435 436 622 437 438 439 440 442 443 444 445 446 447 448 449 450 451 452 781 453 454 455 456 457 458 625 459 460 461 463 627 464 466 467 468 469 470 471 472 473 474 475 630 476 477 478 631 479 480 481 482 483 632 484 485 486 487 488 489 490 491 492 493 494 495 496 497 498 499 500 501 502 503 504 505 506 507 508 509 511 512 513 514 515 516 517 518 519 520 521 522 523 524 526 527 528 530 656 531 532 533 782 754 534 731 535 536 537 538 539 540 541 542 543 544 545 546 547 548 549 550 551 552 554 555 556 557 783 560 561 562 697 565 566
p69:8 A 0 1 3 4 760 5 784 6 7 8 9 10 11 12 13 14 15 16 17 18 19 20 21 23 24 25 26 27 28 29 30 31 32 33 34 35 36 38 39 40 41 42 43 44 45 46 47 48 49 50 51 52 53 54 55 56 57 58 59 60 61 62 65 66 68 69 70 71 72 73 74 75 76 77 78 79 80 81 82 83 84 85 86 87 88 785 89 90 91 92 93 94 95 96 97 98 99 100 101 102 763 103 104 105 106 107 108 109 110 764 111 112 113 114 115 116 117 118 119 120 121 122 123 124 125 126 127 128 129 130 131 132 133 134 674 135 136 137 138 139 576 577 140 141 142 143 144 145 147 579 148 149 150 151 152 153 155 156 157 158 159 160 161 162 163 164 165 166 167 168 786 169 170 171 172 173 174 175 176 177 178 179 180 181 182 183 184 185 186 187 188 189 190 191 192 193 194 195 196 197 787 198 788 199 200 201 202 203 204 205 206 207 208 209 210 211 213 214 215 216 217 218 219 220 221 222 223 224 225 226 227 228 229 230 231 232 233 234 235 236 238 239 240 242 243 244 245 246 247 248 249 250 251 252 253 254 255 256 257 258 260 261 262 263 264 789 265 266 267 268 269 270 271 272 273 274 275 276 277 278 279 280 281 282 283 284 285 286 287 288 289 290 291 292 293 294 295 296 297 298 299 301 302 303 304 790 305 306 307 308 309 791 310 311 313 314 315 792 316 317 318 319 320 321 322 323 324 325 327 328 329 330 331 332 333 334 335 336 337 338 339 340 341 342 343 344 345 346 347 348 349 350 351 352 353 354 355 356 357 358 359 360 361 362 363 364 365 366 367 368 793 369 370 371 372 373 374 375 376 377 378 379 380 381 382 383 384 794 385 386 387 795 388 389 390 391 392 393 394 395 396 397 398 399 400 401 402 403 404 405 796 406 407 408 409 410 411 412 413 414 415 416 417 418 419 420 421 422 423 424 425 426 427 428 429 430 431 432 433 434 435 436 437 438 439 440 442 443 444 445 446 447 448 797 449 450 451 452 453 454 455 456 457 458 459 460 461 463 464 466 467 468 469 470 471 629 472 473 474 475 630 476 477 478 631 479 480 481 482 483 632 484 485 486 487 488 489 490 491 492 493 494 495 496 798 498 499 501 502 503 504 505 799 506 800 507 508 509 801 802 512 513 515 516 803 517 518 519 522 804 524 526 528 530 531 533 534 731 635 636 535 536 538 539 540 541 542 543 637 638 546 547 640 548 549 641 551 552 554 555 556 642 557 560 643 561 562 564 565 566 644
p69:9 A 0 1 3 4 5 6 7 8 9 10 11 12 13 14 15 16 17 18 19 20 21 567 23 24 25 26 27 28 805 29 30 31 32 33 34 35 36 568 38 39 40 41 42 43 44 45 46 47 48 49 50 51 569 52 53 54 55 56 57 58 59 60 61 62 65 66 68 69 70 71 72 73 74 75 76 77 78 79 80 81 82 83 84 85 86 87 88 89 90 91 92 93 94 95 96 97 98 99 100 101 102 103 104 105 106 107 108 109 110 806 111 112 113 114 115 116 117 118 119 120 121 122 123 124 125 126 127 128 129 130 131 132 133 134 674 135 136 137 573 138 139 576 577 140 141 142 143 144 145 147 579 148 149 150 151 152 153 155 156 157 158 159 160 161 162 163 164 165 166 167 168 169 170 171 172 173 174 175 176 807 177 178 179 180 181 182 183 184 185 186 187 188 189 190 191 192 193 194 195 196 197 787 198 788 199 200 201 202 203 204 205 206 207 208 209 210 211 213 214 215 216 217 218 219 220 221 222 223 224 225 226 227 228 229 230 231 232 233 234 235 236 238 239 240 242 243 244 245 246 247 248 249 250 251 252 253 254 255 256 257 258 260 261 262 263 264 789 265 266 267 268 269 270 271 272 273 274 275 276 277 278 279 280 281 282 283 284 285 286 287 288 289 290 291 292 293 294 295 296 297 298 299 301 302 303 304 305 306 307 308 309 791 310 311 313 314 315 792 316 317 318 319 320 321 322 323 324 325 327 328 329 330 331 332 333 334 335 336 337 338 339 340 341 342 343 344 345 346 347 348 349 350 351 352 353 354 355 356 357 358 359 360 361 362 363 808 364 365 366 367 368 793 369 370 371 372 373 374 375 376 377 378 379 380 381 382 383 384 794 385 386 387 795 388 389 390 391 392 393 394 395 396 397 398 399 400 401 402 403 404 405 796 406 407 408 409 410 411 412 413 414 415 416 417 418 419 420 421 422 423 424 425 426 427 428 429 430 431 432 433 434 435 436 437 438 439 440 442 443 444 445 446 447 448 797 449 450 451 452 453 454 455 456 457 458 459 460 461 463 809 464 466 467 468 469 470 471 629 472 473 474 475 630 476 477 478 631 479 480 481 482 483 632 484 485 486 487 488 489 490 491 492 493 494 495 496 798 498 499 501 502 503 504 505 799 506 800 507 508 509 801 802 512 513 515 516 803 517 518 519 522 804 524 526 528 530 531 533 534 731 635 636 535 536 538 539 540 541 542 543 637 638 546 547 640 548 549 641 551 552 554 555 556 642 557 560 643 561 562 564 565 566 644
p69:10 A 0 1 3 4 5 6 7 8 9 10 11 12 13 14 15 16 17 18 19 20 21 567 23 24 25 26 27 28 805 29 30 31 32 33 34 35 36 568 38 39 40 41 42 43 44 45 46 47 48 49 50 51 569 52 53 54 55 56 57 58 59 60 61 62 65 66 68 69 70 71 72 73 74 75 76 77 78 79 80 81 82 83 84 85 86 87 88 89 90 91 92 93 94 95 96 97 98 99 100 101 102 103 104 105 106 107 108 109 110 806 111 112 113 114 115 116 117 118 119 120 121 122 123 124 125 126 127 128 129 130 131 132 133 134 674 135 136 137 573 138 139 576 577 140 141 142 143 144 145 147 579 148 149 150 151 152 153 155 156 157 158 159 160 161 162 163 164 165 166 167 168 169 170 171 172 173 174 175 176 807 177 178 179 180 181 182 183 184 185 186 187 188 189 190 191 192 193 194 195 196 197 787 198 788 199 200 201 202 203 204 205 206 207 208 209 210 211 213 214 215 216 217 218 219 220 221 222 223 224 225 226 227 228 229 230 231 232 233 234 235 236 238 239 240 242 243 244 245 246 247 248 249 250 251 252 253 254 255 256 257 258 260 261 262 263 264 789 265 266 267 268 269 270 271 272 273 274 275 276 277 278 279 280 281 282 283 284 285 286 287 288 289 290 291 292 293 294 295 296 297 298 299 301 302 303 304 305 306 307 308 309 791 310 311 313 314 315 792 316 317 318 319 320 321 322 323 324 325 327 328 329 330 331 332 333 334 335 336 337 338 339 340 341 342 343 344 345 346 347 348 349 350 351 352 353 354 355 356 357 358 359 360 361 362 363 364 365 366 367 368 793 369 370 371 372 373 374 375 376 377 378 379 380 381 382 383 384 794 385 386 387 795 388 389 390 391 392 393 394 395 396 397 398 399 400 401 402 403 404 405 796 406 407 408 409 410 411 412 413 414 415 416 417 418 419 420 421 422 423 424 425 426 427 428 429 430 431 432 433 434 435 436 437 438 439 440 442 443 444 445 446 447 448 797 449 450 451 452 453 454 455 456 457 458 459 460 461 463 809 464 466 467 468 469 470 471 629 472 473 474 475 630 476 477 478 631 479 480 481 482 483 632 484 485 486 487 488 489 490 491 492 493 494 495 496 798 498 499 501 502 503 504 505 799 506 800 507 508 509 801 802 512 513 515 516 803 517 518 519 522 804 524 526 528 530 531 533 534 731 635 636 535 536 538 539 540 541 542 543 637 638 546 547 640 548 549 641 551 552 554 555 556 642 557 560 643 561 562 564 565 566 644
p69:11 A 0 1 3 4 5 6 7 8 9 10 11 12 13 14 15 16 17 18 19 810 20 21 23 24 25 26 27 28 29 30 31 32 33 811 34 35 36 38 39 40 41 42 43 44 45 46 47 48 49 50 51 52 53 54 55 56 57 58 59 60 61 62 65 66 68 69 70 71 72 73 74 75 76 77 78 79 80 81 82 83 84 85 86 87 88 89 90 91 92 93 94 95 812 96 97 98 99 100 101 102 103 104 105 106 107 108 109 110 111 112 113 114 115 116 117 118 119 120 121 122 123 124 125 126 127 128 129 130 131 132 133 134 674 135 136 137 573 138 139 576 577 140 141 142 143 144 145 147 579 148 149 150 153 155 580 581 582 156 813 157 158 159 160 583 161 162 584 163 164 166 167 168 585 586 169 172 173 174 175 176 177 587 178 588 589 179 180 181 182 183 184 185 186 187 188 189 190 191 192 194 195 590 199 200 201 202 203 204 205 206 209 210 211 592 214 215 216 593 218 219 220 221 222 594 223 595 224 225 226 227 228 596 814 230 231 232 233 234 235 236 238 239 242 243 244 245 246 247 815 248 249 250 252 253 255 256 257 598 260 261 262 264 265 267 269 270 271 273 274 275 276 600 601 277 278 816 280 281 282 283 284 285 286 287 602 288 289 603 291 292 294 295 297 298 299 301 302 604 304 305 306 307 308 605 606 310 608 313 314 315 316 317 318 319 320 321 322 323 324 325 609 327 328 329 330 331 332 333 334 610 335 336 337 611 338 339 612 340 341 613 343 344 345 346 347 348 349 350 351 352 353 355 357 359 361 614 362 363 364 365 615 366 817 367 368 369 370 372 373 818 374 375 376 377 378 379 616 380 381 382 617 383 384 385 618 819 386 620 387 388 820 391 392 393 394 395 396 397 399 401 402 403 404 405 406 407 408 409 410 411 412 413 414 415 416 417 418 419 420 421 422 423 424 425 821 426 428 429 430 431 432 433 434 435 436 622 437 438 439 440 442 443 822 444 445 446 447 448 449 450 451 452 453 454 455 456 457 458 625 459 460 461 463 627 464 466 467 468 469 470 471 629 472 473 474 475 630 476 477 478 631 479 480 481 482 483 632 484 823 485 486 487 488 489 490 491 492 493 494 495 496 497 498 499 500 501 502 503 504 505 824 506 507 508 509 511 512 513 514 515 516 517 518 519 520 521 522 523 524 526 527 528 530 531 532 533 534 635 636 535 536 538 539 540 541 542 543 637 638 546 547 640 548 549 551 552 553 554 555 556 557 825 560 643 561 562 564 565 566 644
p69:12 A 0 1 3 4 5 6 7 8 9 10 11 12 13 14 15 16 17 18 19 20 21 567 23 24 25 26 27 28 805 29 30 31 32 33 34 35 36 568 38 39 40 41 42 43 44 45 46 47 48 49 50 51 569 52 53 54 55 56 57 58 59 60 61 62 65 66 68 69 70 71 72 73 74 75 76 77 78 79 80 81 82 83 84 85 86 87 88 89 90 91 92 93 94 95 96 97 98 99 100 101 102 103 104 105 106 107 108 109 110 806 111 112 113 114 115 116 117 118 119 120 121 122 123 124 125 126 127 128 129 130 131 132 133 134 674 135 136 137 573 138 139 576 577 140 141 142 143 144 145 147 579 148 149 150 151 152 153 155 156 157 158 159 160 161 162 163 164 165 166 167 168 169 170 171 172 173 174 175 176 177 178 179 180 181 182 183 184 185 186 187 188 189 190 191 192 193 194 195 196 197 787 198 788 199 200 201 202 203 204 205 206 207 208 209 210 211 213 214 215 216 217 218 219 220 221 222 223 224 225 226 227 228 229 230 231 232 233 234 235 236 238 239 240 242 243 244 245 246 247 248 249 250 251 252 253 254 255 256 257 258 260 261 262 263 264 789 265 266 267 268 269 270 271 272 273 274 275 276 277 278 279 280 281 282 283 284 285 286 287 288 289 290 291 292 293 294 295 296 297 298 299 301 302 303 304 305 306 307 308 309 791 310 311 313 314 315 792 316 317 318 319 320 321 322 323 324 325 327 328 329 330 331 332 333 334 335 336 337 338 339 340 341 342 343 344 345 346 347 348 349 350 351 352 353 354 355 356 357 358 359 360 361 362 363 364 365 366 367 368 793 369 370 371 372 373 374 375 826 376 377 378 379 380 381 382 383 384 794 385 386 387 795 388 827 389 390 391 392 393 394 395 396 397 398 399 400 401 402 403 404 405 796 406 407 408 409 410 411 412 413 414 415 416 417 418 419 420 421 422 423 424 425 426 427 428 429 430 431 432 433 434 435 436 437 438 439 440 442 443 444 445 446 447 448 797 449 450 451 452 453 454 455 456 457 458 828 459 460 461 463 464 466 467 468 469 470 471 629 472 473 474 475 630 476 477 478 631 479 480 481 482 483 632 484 485 486 487 488 489 490 491 492 493 494 495 496 798 498 499 501 502 503 504 505 799 506 800 507 508 509 801 802 512 513 515 516 803 517 518 519 829 522 804 524 526 528 530 531 533 534 731 635 636 535 536 538 539 540 541 542 740 741 543 742 637 638 546 547 640 548 549 641 551 552 554 555 556 642 557 743 744 694 695 560 561 562 697 745 566 746
p69:13 A 0 1 3 4 5 6 7 8 9 10 11 12 13 14 15 16 17 18 19 830 20 21 23 24 25 26 27 28 29 831 30 31 32 33 34 35 36 38 39 40 41 42 43 44 45 46 701 47 48 49 50 51 52 53 54 55 56 57 58 59 60 61 62 65 66 68 69 70 71 72 73 74 75 76 832 77 78 79 80 81 82 83 84 85 86 87 88 89 90 91 702 92 93 94 95 96 97 98 99 100 101 102 103 104 105 106 833 107 108 109 110 111 112 113 114 115 116 117 118 119 120 121 122 123 124 125 126 127 128 129 130 131 132 133 134 135 136 137 138 834 139 140 141 142 143 144 145 147 148 149 150 153 155 580 581 582 156 157 158 159 160 583 161 162 584 163 164 166 167 168 585 169 172 173 174 175 176 177 765 178 588 589 179 180 181 182 183 184 185 186 187 188 189 190 767 191 192 194 195 590 199 768 200 201 202 835 203 204 205 206 209 210 211 592 214 215 216 593 218 219 220 221 222 594 223 595 224 225 226 227 769 228 596 836 230 231 232 233 234 235 236 238 239 242 243 244 770 245 246 247 248 249 250 252 253 255 256 257 598 260 261 262 264 265 772 267 269 270 271 273 274 275 276 600 277 278 280 281 282 283 284 285 286 287 602 288 837 289 603 291 292 294 295 297 298 299 301 302 604 304 305 306 307 308 605 310 608 313 314 315 316 317 318 319 320 321 322 323 324 325 609 327 328 329 330 331 332 333 334 335 336 337 338 339 340 341 342 343 344 345 346 347 348 349 350 351 352 353 354 355 356 357 358 359 360 361 362 363 364 365 366 367 683 368 684 369 370 371 372 373 374 375 838 376 377 378 379 380 381 382 383 384 385 386 387 388 389 390 391 392 393 394 395 396 397 398 399 400 401 402 403 404 405 406 407 408 409 410 839 411 412 413 414 415 416 417 418 419 420 421 686 687 422 423 424 425 426 427 428 429 430 431 432 433 434 435 436 840 437 438 439 440 442 443 444 445 446 447 448 449 450 451 452 453 454 455 456 457 458 459 460 461 463 464 465 466 467 468 469 470 471 472 473 474 475 476 477 478 479 480 481 482 483 484 485 486 487 488 489 490 491 492 493 494 495 496 497 498 499 500 501 502 503 504 505 506 507 508 509 511 512 513 514 515 516 517 518 519 520 521 522 523 524 526 528 530 531 532 533 534 635 636 535 536 538 539 540 541 542 841 543 544 545 546 547 640 548 549 641 551 552 554 555 556 642 557 560 561 562 564 565 566 644
p69:14 A 0 1 3 4 5 658 6 7 8 9 10 11 12 13 14 15 16 735 17 18 19 842 20 21 661 23 24 662 25 26 27 28 29 30 31 32 33 34 35 36 38 39 40 736 41 663 42 43 44 45 46 47 49 50 51 52 53 54 55 56 664 57 58 59 60 61 62 65 66 68 70 72 665 73 74 75 76 77 78 79 666 667 80 81 82 83 84 668 85 86 737 87 88 89 90 738 91 92 93 94 96 97 98 99 670 100 101 102 103 104 105 107 108 110 111 112 113 671 114 115 116 117 118 672 119 120 121 122 123 124 125 126 127 128 129 130 131 132 133 134 674 135 136 137 138 139 648 576 577 140 141 142 143 843 144 145 739 147 677 148 678 149 150 153 155 580 581 582 156 157 158 159 160 583 161 162 584 163 164 166 167 168 585 586 169 172 173 174 175 176 177 587 178 588 589 179 180 181 182 183 184 185 186 187 188 189 190 191 192 194 195 844 590 199 200 845 201 202 203 204 205 206 209 210 211 592 214 215 216 593 218 219 220 221 222 594 223 595 224 225 226 227 228 596 230 846 231 232 847 233 234 235 236 238 239 242 243 244 245 246 247 248 249 250 252 253 255 256 257 598 260 261 262 264 265 267 269 270 271 273 274 275 276 600 601 277 278 280 281 282 283 284 285 286 287 602 288 289 603 291 292 294 295 297 298 299 301 302 604 304 305 306 307 308 605 606 310 608 313 314 848 315 316 317 318 319 320 321 322 323 324 325 609 327 328 329 330 331 332 849 333 334 610 850 335 336 337 611 338 339 612 340 341 613 343 344 345 346 347 348 349 350 351 352 353 355 357 359 361 614 362 363 364 365 615 366 367 368 369 370 372 373 374 375 851 376 377 378 379 616 380 381 382 617 383 384 385 618 386 620 387 388 391 392 393 394 395 396 397 399 401 402 403 404 405 406 407 408 409 410 411 412 413 414 415 416 417 418 419 420 421 422 423 424 425 426 428 429 430 431 432 433 434 435 436 622 437 438 439 440 442 443 444 445 446 447 448 449 450 451 452 852 453 454 455 456 457 458 625 459 460 461 463 627 464 853 466 467 468 469 470 471 472 473 474 475 630 476 477 478 631 479 480 481 482 483 632 484 485 486 487 488 489 490 491 492 493 494 495 496 497 498 499 500 501 502 503 854 504 505 506 507 508 509 511 512 513 514 515 516 517 518 519 520 521 522 523 524 855 526 527 528 530 656 531 532 533 534 635 636 535 536 538 539 540 541 542 543 544 545 546 734 547 548 549 550 551 552 553 554 555 556 557 694 695 560 856 561 562 697 565 566
p69:15 A 0 1 3 4 5 6 7 8 9 10 11 12 13 14 15 16 17 18 19 20 21 567 23 24 25 26 27 28 805 29 30 31 32 33 34 35 36 568 38 39 40 41 42 43 44 45 46 47 48 49 50 51 569 52 53 54 55 56 57 58 59 60 61 62 65 66 68 69 70 71 72 73 74 75 76 77 78 79 80 81 82 83 84 85 86 87 88 89 90 91 92 93 94 95 96 97 98 99 100 101 102 103 104 105 106 107 108 109 110 806 111 112 113 114 115 116 117 118 119 120 121 122 123 124 125 126 127 128 129 130 131 132 133 134 674 135 136 137 573 138 139 576 577 140 141 142 143 144 145 147 579 148 149 150 151 152 153 155 156 157 158 159 160 161 162 163 164 165 166 167 168 169 170 171 172 173 174 175 176 177 178 179 180 181 182 183 184 185 186 187 188 189 190 191 192 193 194 195 196 197 787 198 788 199 200 201 202 203 204 205 206 207 208 209 210 211 213 214 215 216 217 218 219 220 221 222 223 224 225 226 227 228 229 230 231 232 233 234 235 236 238 239 240 242 243 244 245 246 247 248 249 250 251 252 253 254 255 256 257 258 260 261 262 263 264 789 265 266 267 268 269 270 271 272 273 274 275 276 277 278 279 280 281 282 283 284 285 286 287 288 289 290 291 292 293 294 295 296 297 298 299 301 302 303 304 305 306 307 308 309 791 310 311 313 314 315 792 316 317 318 319 320 321 322 323 324 325 327 328 329 330 331 332 333 334 335 336 337 338 339 340 341 342 343 344 345 346 347 348 349 350 351 352 353 354 355 356 357 358 359 360 361 362 363 364 365 366 367 368 793 369 370 371 372 373 374 375 826 376 377 378 379 380 381 382 383 384 794 385 386 387 795 388 827 389 390 391 392 393 394 395 396 397 398 399 400 401 402 403 404 405 796 406 407 408 409 410 411 412 413 414 415 416 417 418 419 420 421 422 423 424 425 426 427 428 429 430 431 432 433 434 435 436 437 438 439 440 442 443 444 445 446 447 448 797 449 450 451 452 453 454 455 456 457 458 828 459 460 461 463 464 466 467 468 469 470 471 629 472 473 474 475 630 476 477 478 631 479 480 481 482 483 632 484 485 486 487 488 489 490 491 492 493 494 495 496 798 498 499 501 502 503 504 505 799 506 800 507 508 509 511 512 513 514 515 516 517 518 519 520 521 522 523 524 526 527 528 530 531 532 533 534 635 636 535 536 538 539 540 541 542 543 637 638 546 547 640 548 549 551 552 553 554 555 556 557 825 560 643 561 562 564 565 566 644
p69:16 A 0 1 3 4 760 5 6 7 8 9 857 10 11 12 13 14 15 16 17 18 19 20 21 23 761 24 25 26 27 28 29 30 31 32 33 34 35 36 38 39 40 41 42 43 44 45 46 47 48 49 50 51 52 53 54 55 56 57 58 59 60 61 62 65 66 68 69 70 71 72 73 74 75 76 762 77 78 79 80 81 82 83 84 85 86 87 88 89 90 91 92 93 94 95 96 97 98 99 100 101 102 763 103 104 105 106 107 108 109 110 764 111 112 113 114 115 116 117 118 119 120 121 122 123 124 125 126 127 128 129 130 131 132 133 134 674 135 136 137 138 139 140 141 142 143 144 145 147 148 678 149 150 153 155 156 858 157 859 158 159 160 161 162 163 164 166 167 168 169 171 172 173 174 175 176 177 178 179 180 181 182 183 184 860 185 186 187 188 189 190 191 192 194 195 198 788 199 200 201 202 203 204 205 206 207 208 209 210 211 213 214 215 216 217 218 219 220 221 222 223 224 225 226 227 228 229 230 231 232 233 234 235 236 238 239 240 242 243 244 245 246 247 248 249 250 251 252 253 254 255 256 257 258 260 261 262 263 264 789 265 266 267 268 269 270 271 272 273 274 275 276 277 278 279 280 281 282 283 284 285 286 287 288 289 290 291 292 293 294 295 296 297 298 299 301 302 303 304 305 306 307 308 309 791 310 311 313 314 315 792 316 317 318 319 320 321 322 323 324 325 327 328 329 330 331 332 333 334 335 336 337 338 339 340 341 342 343 344 345 346 347 348 349 350 351 352 353 354 355 356 357 358 359 360 361 362 363 364 365 366 367 368 793 369 370 371 372 373 374 375 376 377 378 379 380 381 382 383 384 794 385 386 387 795 388 389 390 391 392 393 394 395 396 397 398 399 400 401 402 403 404 405 796 406 407 408 409 410 411 412 413 414 415 416 417 418 419 420 421 422 423 424 425 426 427 428 429 430 431 432 433 434 435 436 437 438 439 440 442 443 444 445 446 447 448 797 449 450 451 452 453 454 455 456 457 458 459 460 461 463 464 466 467 468 469 470 471 629 472 473 474 475 630 476 477 478 631 479 480 481 482 483 632 484 485 486 487 488 489 490 491 492 493 494 495 496 798 498 499 501 502 503 504 505 799 506 800 507 508 509 801 802 512 513 515 516 803 517 518 519 522 804 524 526 528 530 531 533 534 731 635 636 535 536 538 539 540 541 542 543 755 545 546 547 548 549 551 552 554 555 556 557 560 561 562 564 565 566
p69:17 A 0 1 3 4 5 6 7 8 9 10 11 12 13 14 15 16 17 18 19 20 21 23 24 25 26 27 28 29 747 30 31 32 33 645 34 35 36 38 39 40 41 42 43 44 45 46 47 48 49 50 51 569 52 53 54 55 56 57 58 59 60 61 62 65 646 66 68 69 70 71 72 73 74 75 76 77 78 79 80 81 82 83 84 85 86 87 88 647 89 90 91 92 93 94 95 96 97 98 99 100 101 102 103 104 105 106 107 108 109 110 111 112 113 114 115 116 117 118 119 120 121 122 123 124 125 126 127 128 129 130 131 132 133 134 135 136 137 138 139 648 576 577 140 141 142 143 144 145 147 579 148 149 150 153 155 580 581 582 156 649 157 158 159 160 583 161 162 584 163 164 166 167 168 585 586 169 172 173 174 175 176 177 587 178 861 588 589 179 180 181 182 183 184 185 186 187 188 189 190 191 192 194 195 590 199 200 201 202 203 204 205 206 209 210 211 592 214 215 216 593 218 219 220 221 222 594 223 595 224 225 226 227 228 596 230 231 232 233 234 235 236 238 239 242 243 244 245 246 247 650 248 249 250 252 253 255 256 257 598 260 261 262 264 265 267 269 270 271 273 274 275 276 600 601 277 278 280 281 282 283 284 285 286 287 602 288 289 603 291 292 862 294 295 297 298 299 301 302 604 304 305 306 307 308 605 606 310 608 313 314 315 316 317 318 319 320 321 322 323 324 325 609 327 328 329 330 331 332 333 334 610 335 336 337 611 338 339 612 340 341 613 343 344 345 346 347 348 349 350 351 352 353 355 357 359 361 614 362 363 364 365 615 366 367 368 369 370 372 373 374 375 376 377 378 379 616 380 381 382 383 384 385 618 386 620 387 388 391 392 393 394 395 396 397 399 401 402 403 404 405 406 407 408 409 410 411 412 413 414 415 416 417 418 419 420 421 422 423 424 425 426 428 429 430 431 432 433 434 435 436 653 622 654 437 438 439 440 442 443 444 445 446 447 448 449 450 451 452 453 454 455 456 457 458 625 459 460 461 463 627 464 466 467 468 469 470 471 472 473 474 475 630 476 477 478 631 479 480 481 482 483 632 484 485 486 487 488 489 490 491 492 493 494 495 496 497 498 499 500 501 502 503 504 505 506 507 508 509 511 512 513 514 515 516 517 518 519 655 520 521 522 523 524 526 527 528 530 656 531 532 533 534 635 636 535 536 538 539 540 541 542 543 637 638 546 547 640 548 549 641 551 552 554 555 556 642 557 560 643 561 562 564 565 566 644
p69:18 A 0 1 3 4 5 6 7 8 9 10 11 12 13 14 15 16 17 18 19 20 21 567 23 24 25 26 27 28 29 30 31 32 33 34 35 36 568 38 39 40 41 42 43 44 45 46 47 48 49 50 51 569 52 53 54 55 56 57 58 59 60 61 62 65 66 68 69 70 71 72 73 74 75 76 77 78 79 80 81 82 83 84 85 86 87 88 89 90 91 92 93 94 95 96 97 98 99 100 101 102 103 104 105 106 570 571 107 108 109 110 111 112 572 113 114 115 116 117 118 119 120 121 122 123 124 125 126 127 128 129 130 131 132 133 134 135 136 137 573 138 574 139 575 576 577 140 141 142 143 144 145 147 579 148 149 150 153 155 580 581 582 156 157 158 159 160 583 161 162 584 163 164 166 167 168 585 586 169 172 173 174 175 176 177 587 178 588 589 179 180 181 182 183 184 185 186 187 188 189 190 191 192 194 195 590 199 591 200 201 202 203 204 205 206 209 210 211 592 214 215 216 593 218 219 220 221 222 594 223 595 224 225 226 227 228 596 230 231 232 233 234 235 236 238 239 242 243 244 245 246 247 248 249 250 252 253 255 256 257 598 260 261 262 264 265 267 269 270 271 273 274 275 599 276 600 601 277 278 280 281 282 283 284 285 286 287 602 288 289 603 291 292 294 295 297 298 299 301 302 604 304 305 306 307 308 605 606 310 607 608 313 314 315 316 317 318 319 320 321 322 323 324 325 609 327 328 329 330 331 332 333 334 610 335 336 337 611 338 339 612 340 341 613 343 344 345 346 347 348 349 350 351 352 353 355 357 359 361 614 362 363 364 365 615 366 367 368 369 370 372 373 374 375 376 377 378 379 616 380 381 382 617 383 384 385 618 619 386 620 387 388 863 621 391 392 393 394 395 396 397 399 401 402 403 404 405 406 407 408 409 410 411 412 413 414 415 416 417 418 419 420 421 422 423 424 425 426 428 429 430 431 432 433 434 435 436 622 437 438 439 440 623 442 443 444 445 446 447 448 449 450 451 452 453 454 455 456 624 457 458 625 459 460 626 461 463 627 464 628 466 467 864 468 469 470 471 629 472 473 474 475 630 476 477 478 631 479 480 481 482 483 632 484 485 486 487 488 489 490 491 865 492 493 494 495 496 497 498 499 500 501 502 503 504 505 506 633 507 508 509 511 512 513 514 515 516 517 518 519 520 521 522 524 526 528 530 531 533 634 534 635 636 535 536 538 539 540 541 542 543 637 638 546 547 640 548 549 641 551 552 866 554 555 556 642 557 560 643 561 562 564 565 566 644
p69:19 A 0 1 3 4 5 6 7 8 9 10 11 12 13 14 15 16 17 18 19 830 20 21 23 24 25 26 27 28 29 831 30 31 32 33 34 35 36 38 39 40 41 42 43 44 45 46 701 47 48 49 50 51 52 53 54 55 56 57 58 59 60 61 62 65 66 68 69 70 71 72 73 74 75 76 77 78 79 80 81 82 83 84 85 86 87 88 89 90 91 702 92 93 94 95 96 97 98 99 100 101 102 103 104 105 106 107 108 109 110 111 112 113 114 115 116 117 118 119 120 121 122 123 124 125 126 127 867 128 129 130 131 132 133 134 674 135 136 137 138 139 140 141 142 143 144 145 147 148 149 150 151 152 153 155 580 581 582 156 157 158 159 160 583 161 162 584 163 164 166 167 168 585 586 169 172 173 174 175 176 177 587 178 588 589 179 180 181 182 183 184 185 186 187 188 189 190 191 192 194 195 868 590 199 200 201 202 203 204 205 206 209 210 211 592 214 215 216 593 218 219 220 221 222 594 223 595 224 225 226 227 228 596 230 231 232 233 234 235 236 238 239 242 243 244 245 246 247 248 249 250 252 253 255 256 257 598 260 869 261 262 264 265 267 269 270 271 273 274 275 276 600 601 277 278 870 280 281 282 283 284 285 286 287 602 288 289 603 291 292 294 295 297 298 299 301 302 604 304 305 306 307 308 605 606 310 608 313 314 315 316 317 318 319 320 321 322 323 324 325 609 327 328 329 330 331 332 333 334 610 335 336 337 611 338 339 612 340 341 613 343 344 345 346 347 348 349 350 351 352 353 355 357 359 361 614 362 363 871 364 365 615 366 367 368 369 370 372 872 373 374 375 376 377 378 379 616 380 381 382 617 383 384 385 618 386 620 387 388 391 392 393 394 395 396 397 399 401 402 403 404 405 406 407 408 409 410 411 412 413 414 415 416 417 418 419 420 421 422 423 424 425 426 428 429 430 431 432 433 434 435 436 622 437 438 439 440 442 443 444 445 446 447 448 449 873 450 451 452 453 454 455 456 457 458 625 459 460 461 463 627 464 466 467 468 469 470 471 629 472 473 474 475 630 476 477 478 631 479 480 481 482 483 632 484 485 486 487 488 489 490 491 492 493 494 495 496 497 498 499 500 501 502 503 504 505 506 507 508 509 874 511 512 513 514 515 516 517 518 519 520 521 522 523 524 526 527 528 530 656 531 532 533 534 635 636 535 536 538 539 540 541 542 543 637 638 546 547 640 548 549 641 551 552 554 555 556 642 557 694 695 560 561 562 697 565 566
