#OUT: 10000 SS p1 20 /Users/williarj/Desktop/pop1.txt
Mutations:
2 21824 m1 10112 0 0.5 p1 2043 20
53 21860 m1 73272 0 0.5 p1 2045 20
68 24091 m1 86348 0 0.5 p1 2151 20
31 27365 m2 43643 0 0.5 p1 2302 20
5 27437 m1 13285 0 0.5 p1 2305 20
50 35870 m1 66756 0 0.5 p1 2705 20
73 39852 m1 90664 0 0.5 p1 2893 20
25 44218 m3 33943 -0.00252474 0.1 p1 3098 20
70 47364 m1 89190 0 0.5 p1 3248 20
10 47517 m1 20474 0 0.5 p1 3256 20
29 50086 m1 40572 0 0.5 p1 3380 20
35 50322 m1 52033 0 0.5 p1 3391 20
26 50582 m1 35000 0 0.5 p1 3403 20
23 50678 m1 30849 0 0.5 p1 3409 20
84 51212 m1 104166 0 0.5 p1 3435 20
64 51649 m4 82012 0.287903 0.8 p1 3457 20
63 52702 m3 81627 -9.88387e-11 0.1 p1 3507 20
34 56409 m1 50320 0 0.5 p1 3678 20
65 61322 m4 82872 0.46188 0.8 p1 3905 20
19 63037 m1 28054 0 0.5 p1 3987 20
18 65288 m3 27083 -2.40681e-11 0.1 p1 4092 20
11 69891 m1 21115 0 0.5 p1 4309 20
40 72176 m1 57587 0 0.5 p1 4419 20
22 73938 m1 30102 0 0.5 p1 4505 20
69 74123 m4 88826 0.107432 0.8 p1 4514 20
77 74472 m1 94474 0 0.5 p1 4532 20
62 77736 m4 81418 0.088518 0.8 p1 4689 20
20 78905 m1 28747 0 0.5 p1 4745 20
33 82679 m1 48955 0 0.5 p1 4926 20
21 83531 m1 29804 0 0.5 p1 4966 20
79 84132 m4 98691 0.0794382 0.8 p1 4993 20
78 85932 m1 97806 0 0.5 p1 5078 20
55 87565 m1 75436 0 0.5 p1 5155 20
57 89115 m1 78055 0 0.5 p1 5227 20
38 90467 m3 54416 -0.000108488 0.1 p1 5288 20
24 94127 m1 30891 0 0.5 p1 5458 20
56 96683 m1 77474 0 0.5 p1 5581 20
28 99590 m1 37892 0 0.5 p1 5722 20
67 99887 m1 85620 0 0.5 p1 5736 20
44 101225 m1 62631 0 0.5 p1 5799 20
61 103024 m4 81355 0.0920619 0.8 p1 5881 20
48 104780 m1 65414 0 0.5 p1 5962 20
71 111285 m3 90077 -0.0184586 0.1 p1 6268 20
45 111318 m3 63574 -0.0063317 0.1 p1 6269 20
12 113468 m1 22300 0 0.5 p1 6373 20
42 114052 m1 62310 0 0.5 p1 6400 20
8 114956 m1 18228 0 0.5 p1 6443 20
30 115524 m4 43015 0.0687317 0.8 p1 6471 20
41 116477 m1 58920 0 0.5 p1 6515 20
43 118678 m3 62563 -0.000273608 0.1 p1 6622 20
9 121016 m4 18736 0.0572487 0.8 p1 6731 20
51 123320 m1 66941 0 0.5 p1 6839 20
13 124108 m1 24208 0 0.5 p1 6876 20
32 128100 m3 48576 -0.0451102 0.1 p1 7064 20
47 128431 m4 64391 0.2761 0.8 p1 7079 20
37 130449 m3 52358 -0.00157983 0.1 p1 7177 20
83 132346 m4 103973 0.215016 0.8 p1 7268 20
1 134563 m1 7590 0 0.5 p1 7370 20
14 134843 m4 24648 0.151212 0.8 p1 7382 20
4 136662 m4 10646 0.223331 0.8 p1 7468 20
36 139175 m1 52135 0 0.5 p1 7585 20
66 140042 m4 84420 0.256779 0.8 p1 7627 20
59 150169 m4 79865 0.274718 0.8 p1 8109 20
52 151132 m2 71399 0 0.5 p1 8155 20
27 151546 m1 35617 0 0.5 p1 8175 20
46 151787 m2 63583 0 0.5 p1 8186 20
15 153556 m4 25613 0.410924 0.8 p1 8267 20
49 154354 m1 66292 0 0.5 p1 8304 20
54 155408 m1 75194 0 0.5 p1 8351 20
75 156697 m1 93843 0 0.5 p1 8411 20
17 157032 m4 27056 0.0507506 0.8 p1 8427 20
60 160531 m4 79870 0.0426779 0.8 p1 8590 20
39 161839 m1 56692 0 0.5 p1 8652 20
76 166238 m1 94143 0 0.5 p1 8853 20
0 168491 m1 1366 0 0.5 p1 8956 20
72 168967 m1 90622 0 0.5 p1 8978 20
82 169693 m4 103946 0.101684 0.8 p1 9013 20
3 172011 m1 10213 0 0.5 p1 9123 20
7 173110 m2 17408 0 0.5 p1 9173 20
74 173662 m1 93264 0 0.5 p1 9198 20
58 173854 m1 78875 0 0.5 p1 9207 20
81 176183 m4 103918 0.184963 0.8 p1 9315 20
6 187183 m2 17277 0 0.5 p1 9850 20
80 187810 m1 102202 0 0.5 p1 9879 20
16 187876 m4 27012 0.33773 0.8 p1 9882 20
91 188153 m1 66858 0 0.5 p1 9896 6
90 188308 m1 22327 0 0.5 p1 9903 3
94 188603 m3 70433 -0.0346088 0.1 p1 9917 1
93 188822 m1 12431 0 0.5 p1 9928 1
89 189017 m3 21596 -0.0655583 0.1 p1 9937 2
96 189087 m3 74105 -2.13831e-05 0.1 p1 9940 3
86 189107 m1 26914 0 0.5 p1 9941 2
88 189121 m1 90533 0 0.5 p1 9942 3
92 189314 m1 56347 0 0.5 p1 9953 1
85 189582 m1 22315 0 0.5 p1 9966 2
87 189711 m1 13766 0 0.5 p1 9972 3
100 189800 m3 53622 -0.00829344 0.1 p1 9976 1
97 189829 m1 29496 0 0.5 p1 9977 1
98 189989 m1 1409 0 0.5 p1 9985 1
95 190057 m1 92553 0 0.5 p1 9988 1
99 190204 m1 3115 0 0.5 p1 9995 1
Genomes:
p1:0 A 0 1 2 3 4 5 6 7 8 9 10 11 12 13 14 15 16 17 18 19 20 21 22 23 24 25 26 27 28 29 30 31 32 33 34 35 36 37 38 39 40 41 42 43 44 45 46 47 48 49 50 51 52 53 54 55 56 57 58 59 60 61 62 63 64 65 66 67 68 69 70 71 72 73 74 75 76 77 78 79 80 81 82 83 84
p1:1 A 0 1 2 3 4 5 6 7 8 9 10 11 12 85 13 14 15 86 16 17 18 19 20 21 22 23 24 25 26 27 28 29 30 31 32 33 34 35 36 37 38 39 40 41 42 43 44 45 46 47 48 49 50 51 52 53 54 55 56 57 58 59 60 61 62 63 64 65 66 67 68 69 70 71 72 73 74 75 76 77 78 79 80 81 82 83 84
p1:2 A 0 1 2 3 4 5 87 6 7 8 9 10 11 12 13 14 15 16 17 18 19 20 21 22 23 24 25 26 27 28 29 30 31 32 33 34 35 36 37 38 39 40 41 42 43 44 45 46 47 48 49 50 51 52 53 54 55 56 57 58 59 60 61 62 63 64 65 66 67 68 69 70 71 88 72 73 74 75 76 77 78 79 80 81 82 83 84
p1:3 A 0 1 2 3 4 5 6 7 8 9 10 11 12 13 14 15 16 17 18 19 20 21 22 23 24 25 26 27 28 29 30 31 32 33 34 35 36 37 38 39 40 41 42 43 44 45 46 47 48 49 50 51 52 53 54 55 56 57 58 59 60 61 62 63 64 65 66 67 68 69 70 71 72 73 74 75 76 77 78 79 80 81 82 83 84
p1:4 A 0 1 2 3 4 5 6 7 8 9 10 11 89 12 90 13 14 15 16 17 18 19 20 21 22 23 24 25 26 27 28 29 30 31 32 33 34 35 36 37 38 39 40 41 42 43 44 45 46 47 48 49 50 91 51 52 53 54 55 56 57 58 59 60 61 62 63 64 65 66 67 68 69 70 71 72 73 74 75 76 77 78 79 80 81 82 83 84
p1:5 A 0 1 2 3 4 5 87 6 7 8 9 10 11 12 13 14 15 16 17 18 19 20 21 22 23 24 25 26 27 28 29 30 31 32 33 34 35 36 37 38 39 40 41 42 43 44 45 46 47 48 49 50 51 52 53 54 55 56 57 58 59 60 61 62 63 64 65 66 67 68 69 70 71 88 72 73 74 75 76 77 78 79 80 81 82 83 84
p1:6 A 0 1 2 3 4 5 6 7 8 9 10 11 12 13 14 15 16 17 18 19 20 21 22 23 24 25 26 27 28 29 30 31 32 33 34 35 36 37 38 92 39 40 41 42 43 44 45 46 47 48 49 50 91 51 52 53 54 55 56 57 58 59 60 61 62 63 64 65 66 67 68 69 70 71 72 73 74 75 76 77 78 79 80 81 82 83 84
p1:7 A 0 1 2 3 4 5 6 7 8 9 10 11 12 13 14 15 16 17 18 19 20 21 22 23 24 25 26 27 28 29 30 31 32 33 34 35 36 37 38 39 40 41 42 43 44 45 46 47 48 49 50 51 52 53 54 55 56 57 58 59 60 61 62 63 64 65 66 67 68 69 70 71 72 73 74 75 76 77 78 79 80 81 82 83 84
p1:8 A 0 1 2 3 4 93 5 6 7 8 9 10 11 12 13 14 15 16 17 18 19 20 21 22 23 24 25 26 27 28 29 30 31 32 33 34 35 36 37 38 39 40 41 42 43 44 45 46 47 48 49 50 91 51 94 52 53 54 55 56 57 58 59 60 61 62 63 64 65 66 67 68 69 70 71 72 73 74 75 76 77 78 79 80 81 82 83 84
p1:9 A 0 1 2 3 4 5 6 7 8 9 10 11 12 13 14 15 16 17 18 19 20 21 22 23 24 25 26 27 28 29 30 31 32 33 34 35 36 37 38 39 40 41 42 43 44 45 46 47 48 49 50 51 52 53 54 55 56 57 58 59 60 61 62 63 64 65 66 67 68 69 70 71 72 73 95 74 75 76 77 78 79 80 81 82 83 84
p1:10 A 0 1 2 3 4 5 87 6 7 8 9 10 11 12 13 14 15 16 17 18 19 20 21 22 23 24 25 26 27 28 29 30 31 32 33 34 35 36 37 38 39 40 41 42 43 44 45 46 47 48 49 50 51 52 53 54 55 56 57 58 59 60 61 62 63 64 65 66 67 68 69 70 71 88 72 73 74 75 76 77 78 79 80 81 82 83 84
p1:11 A 0 1 2 3 4 5 6 7 8 9 10 11 12 13 14 15 16 17 18 19 20 21 22 23 24 25 26 27 28 29 30 31 32 33 34 35 36 37 38 39 40 41 42 43 44 45 46 47 48 49 50 91 51 52 53 54 55 56 57 58 59 60 61 62 63 64 65 66 67 68 69 70 71 72 73 74 75 76 77 78 79 80 81 82 83 84
p1:12 A 0 1 2 3 4 5 6 7 8 9 10 11 12 85 13 14 15 86 16 17 18 19 20 21 22 23 24 25 26 27 28 29 30 31 32 33 34 35 36 37 38 39 40 41 42 43 44 45 46 47 48 49 50 51 52 53 54 55 56 57 58 59 60 61 62 63 64 65 66 67 68 69 70 71 72 73 74 75 76 77 78 79 80 81 82 83 84
p1:13 A 0 1 2 3 4 5 6 7 8 9 10 11 12 90 13 14 15 16 17 18 19 20 21 22 23 24 25 26 27 28 29 30 31 32 33 34 35 36 37 38 39 40 41 42 43 44 45 46 47 48 49 50 91 51 52 53 54 55 56 57 58 59 60 61 62 63 64 65 66 67 68 69 70 71 72 73 74 75 76 77 78 79 80 81 82 83 84
p1:14 A 0 1 2 3 4 5 6 7 8 9 10 11 12 13 14 15 16 17 18 19 20 21 22 23 24 25 26 27 28 29 30 31 32 33 34 35 36 37 38 39 40 41 42 43 44 45 46 47 48 49 50 51 52 53 96 54 55 56 57 58 59 60 61 62 63 64 65 66 67 68 69 70 71 72 73 74 75 76 77 78 79 80 81 82 83 84
p1:15 A 0 1 2 3 4 5 6 7 8 9 10 11 12 13 14 15 16 17 18 19 20 21 22 23 24 25 26 27 28 29 30 31 32 33 34 35 36 37 38 39 40 41 42 43 44 45 46 47 48 49 50 51 52 53 96 54 55 56 57 58 59 60 61 62 63 64 65 66 67 68 69 70 71 72 73 74 75 76 77 78 79 80 81 82 83 84
p1:16 A 0 1 2 3 4 5 6 7 8 9 10 11 89 12 90 13 14 15 16 17 18 19 20 21 22 23 24 25 26 27 28 29 30 31 32 33 34 35 36 37 38 39 40 41 42 43 44 45 46 47 48 49 50 91 51 52 53 54 55 56 57 58 59 60 61 62 63 64 65 66 67 68 69 70 71 72 73 74 75 76 77 78 79 80 81 82 83 84
p1:17 A 0 1 2 3 4 5 6 7 8 9 10 11 12 13 14 15 16 17 18 19 20 97 21 22 23 24 25 26 27 28 29 30 31 32 33 34 35 36 37 38 39 40 41 42 43 44 45 46 47 48 49 50 51 52 53 54 55 56 57 58 59 60 61 62 63 64 65 66 67 68 69 70 71 72 73 74 75 76 77 78 79 80 81 82 83 84
p1:18 A 0 1 2 3 4 5 6 7 8 9 10 11 12 13 14 15 16 17 18 19 20 21 22 23 24 25 26 27 28 29 30 31 32 33 34 35 36 37 38 39 40 41 42 43 44 45 46 47 48 49 50 51 52 53 96 54 55 56 57 58 59 60 61 62 63 64 65 66 67 68 69 70 71 72 73 74 75 76 77 78 79 80 81 82 83 84
p1:19 A 0 98 99 1 2 3 4 5 6 7 8 9 10 11 12 13 14 15 16 17 18 19 20 21 22 23 24 25 26 27 28 29 30 31 32 33 34 35 36 37 100 38 39 40 41 42 43 44 45 46 47 48 49 50 51 52 53 54 55 56 57 58 59 60 61 62 63 64 65 66 67 68 69 70 71 72 73 74 75 76 77 78 79 80 81 82 83 84
