#m1-noncoding;m2-synonymous;m3-nonsynonymous;m4-nonsynonymous
#OUT: 10000 SS p1 20 /Users/williarj/Desktop/pop1.txt
Mutations:
3 20007 m1 3512 0 0.5 p1 1912 20
9 22028 m1 10564 0 0.5 p1 2055 20
35 23005 m1 41335 0 0.5 p1 2103 20
31 24669 m1 39406 0 0.5 p1 2184 20
33 29689 m1 40064 0 0.5 p1 2426 20
0 30046 m1 1244 0 0.5 p1 2443 20
75 31998 m1 94249 0 0.5 p1 2540 20
22 32531 m1 23855 0 0.5 p1 2566 20
70 42201 m1 85638 0 0.5 p1 3033 20
68 42728 m3 84902 -0.00393003 0.1 p1 3059 20
18 47075 m2 17260 0 0.5 p1 3270 20
42 48327 m1 50014 0 0.5 p1 3331 20
67 49143 m3 84706 -4.41654e-05 0.1 p1 3373 20
76 50066 m1 94507 0 0.5 p1 3415 20
71 53459 m1 85673 0 0.5 p1 3579 20
48 54163 m1 58836 0 0.5 p1 3613 20
5 55204 m1 6766 0 0.5 p1 3661 20
34 56587 m1 40821 0 0.5 p1 3727 20
72 57009 m1 87894 0 0.5 p1 3746 20
64 57323 m1 82181 0 0.5 p1 3761 20
13 57846 m1 14230 0 0.5 p1 3788 20
79 59246 m1 95843 0 0.5 p1 3855 20
41 61471 m1 48733 0 0.5 p1 3963 20
1 61602 m1 2084 0 0.5 p1 3970 20
37 61987 m1 43716 0 0.5 p1 3989 20
25 62969 m1 26042 0 0.5 p1 4036 20
19 63313 m4 20841 0.0803045 0.8 p1 4052 20
81 63987 m1 97588 0 0.5 p1 4085 20
69 64434 m2 85113 0 0.5 p1 4108 20
82 65193 m1 99022 0 0.5 p1 4146 20
6 67715 m1 7799 0 0.5 p1 4269 20
62 71474 m1 75266 0 0.5 p1 4452 20
12 72014 m1 12584 0 0.5 p1 4477 20
24 75173 m1 25561 0 0.5 p1 4627 20
30 79246 m4 38221 0.158051 0.8 p1 4827 20
23 81500 m1 25275 0 0.5 p1 4940 20
55 81735 m1 65841 0 0.5 p1 4952 20
39 87769 m1 47814 0 0.5 p1 5248 20
44 91357 m3 54197 -0.000405635 0.1 p1 5423 20
53 91938 m1 62544 0 0.5 p1 5451 20
2 93399 m1 2438 0 0.5 p1 5522 20
60 94748 m1 74543 0 0.5 p1 5586 20
77 97007 m2 94984 0 0.5 p1 5695 20
27 97627 m1 28157 0 0.5 p1 5727 20
73 100554 m1 88420 0 0.5 p1 5872 20
84 104303 m1 100197 0 0.5 p1 6054 20
50 104591 m1 59638 0 0.5 p1 6068 20
63 106094 m1 81198 0 0.5 p1 6139 20
20 108795 m1 21328 0 0.5 p1 6273 20
45 110835 m4 54208 0.290106 0.8 p1 6371 20
7 112415 m1 7903 0 0.5 p1 6448 20
15 112656 m1 16132 0 0.5 p1 6457 20
46 115026 m4 54580 0.0686861 0.8 p1 6575 20
85 115082 m1 100944 0 0.5 p1 6578 20
52 115413 m1 61663 0 0.5 p1 6594 20
38 117583 m1 45361 0 0.5 p1 6699 20
57 118021 m1 68504 0 0.5 p1 6720 20
80 118414 m1 97291 0 0.5 p1 6739 20
17 119490 m4 17223 0.0379586 0.8 p1 6793 20
74 119671 m1 91302 0 0.5 p1 6802 20
66 120306 m1 84572 0 0.5 p1 6835 20
4 124396 m1 4398 0 0.5 p1 7029 20
11 132224 m1 12096 0 0.5 p1 7407 20
51 132627 m1 60799 0 0.5 p1 7426 20
61 132773 m1 75044 0 0.5 p1 7434 20
49 133685 m1 59309 0 0.5 p1 7476 20
47 135616 m1 55585 0 0.5 p1 7569 20
28 139923 m1 29537 0 0.5 p1 7780 20
58 141415 m1 70148 0 0.5 p1 7852 20
14 145373 m1 14818 0 0.5 p1 8051 20
26 149128 m1 26868 0 0.5 p1 8239 20
10 152234 m1 10934 0 0.5 p1 8390 20
8 152836 m1 10371 0 0.5 p1 8421 20
54 155789 m4 64452 0.400697 0.8 p1 8565 20
21 159730 m1 23743 0 0.5 p1 8754 20
32 160861 m4 39681 0.298336 0.8 p1 8809 20
16 162817 m4 17185 0.362045 0.8 p1 8901 20
29 166907 m1 32425 0 0.5 p1 9098 20
56 169155 m4 66604 0.0265632 0.8 p1 9211 20
78 174583 m1 95584 0 0.5 p1 9474 9
86 175768 m1 4801 0 0.5 p1 9532 11
40 176696 m1 48096 0 0.5 p1 9576 9
65 177072 m1 83449 0 0.5 p1 9595 9
89 177771 m1 81545 0 0.5 p1 9630 11
90 179283 m1 102463 0 0.5 p1 9706 5
94 179647 m1 92506 0 0.5 p1 9726 2
91 180027 m1 10012 0 0.5 p1 9745 7
96 180613 m1 89588 0 0.5 p1 9772 1
93 181043 m1 68464 0 0.5 p1 9792 2
100 181185 m1 40421 0 0.5 p1 9799 1
92 181211 m1 59074 0 0.5 p1 9800 2
43 181295 m1 50278 0 0.5 p1 9804 8
101 181536 m1 87645 0 0.5 p1 9816 1
107 182455 m1 48213 0 0.5 p1 9859 1
108 182816 m1 86201 0 0.5 p1 9877 1
87 183267 m1 16444 0 0.5 p1 9899 2
59 183281 m1 72652 0 0.5 p1 9900 3
103 183667 m1 69088 0 0.5 p1 9918 1
88 183850 m1 46474 0 0.5 p1 9927 2
97 184025 m1 56391 0 0.5 p1 9936 1
83 184130 m1 99123 0 0.5 p1 9941 3
36 184312 m1 42420 0 0.5 p1 9950 1
95 184541 m1 85405 0 0.5 p1 9960 1
104 184876 m1 97010 0 0.5 p1 9976 1
98 184889 m1 44666 0 0.5 p1 9977 2
99 185045 m1 22342 0 0.5 p1 9984 1
105 185304 m3 21886 -0.0128001 0.1 p1 9997 1
106 185322 m1 24250 0 0.5 p1 9998 1
102 185339 m1 66691 0 0.5 p1 9999 1
Genomes:
p1:0 A 0 1 2 3 4 5 6 7 8 9 10 11 12 13 14 15 16 17 18 19 20 21 22 23 24 25 26 27 28 29 30 31 32 33 34 35 36 37 38 39 40 41 42 43 44 45 46 47 48 49 50 51 52 53 54 55 56 57 58 59 60 61 62 63 64 65 66 67 68 69 70 71 72 73 74 75 76 77 78 79 80 81 82 83 84 85
p1:1 A 0 1 2 3 4 86 5 6 7 8 9 10 11 12 13 14 15 87 16 17 18 19 20 21 22 23 24 25 26 27 28 29 30 31 32 33 34 35 37 38 88 39 41 42 44 45 46 47 48 49 50 51 52 53 54 55 56 57 58 60 61 62 63 89 64 66 67 68 69 70 71 72 73 74 75 76 77 79 80 81 82 84 85 90
p1:2 A 0 1 2 3 4 86 5 6 7 91 8 9 10 11 12 13 14 15 16 17 18 19 20 21 22 23 24 25 26 27 28 29 30 31 32 33 34 35 37 38 39 41 42 44 45 46 47 48 92 49 50 51 52 53 54 55 56 93 57 58 60 61 62 63 89 64 66 67 68 69 70 71 72 73 74 94 75 76 77 79 80 81 82 84 85 90
p1:3 A 0 1 2 3 4 5 6 7 8 9 10 11 12 13 14 15 16 17 18 19 20 21 22 23 24 25 26 27 28 29 30 31 32 33 34 35 37 38 39 40 41 42 44 45 46 47 48 49 50 51 52 53 54 55 56 57 58 60 61 62 63 64 65 66 67 68 69 95 70 71 72 73 96 74 75 76 77 78 79 80 81 82 84 85
p1:4 A 0 1 2 3 4 86 5 6 7 91 8 9 10 11 12 13 14 15 16 17 18 19 20 21 22 23 24 25 26 27 28 29 30 31 32 33 34 35 37 38 39 41 42 44 45 46 47 97 48 49 50 51 52 53 54 55 56 57 58 60 61 62 63 89 64 66 67 68 69 70 71 72 73 74 75 76 77 79 80 81 82 84 85
p1:5 A 0 1 2 3 4 86 5 6 7 8 9 10 11 12 13 14 15 87 16 17 18 19 20 21 22 23 24 25 26 27 28 29 30 31 32 33 34 35 37 38 88 39 41 42 44 45 46 47 48 49 50 51 52 53 54 55 56 57 58 60 61 62 63 89 64 66 67 68 69 70 71 72 73 74 75 76 77 79 80 81 82 84 85 90
p1:6 A 0 1 2 3 4 86 5 6 7 91 8 9 10 11 12 13 14 15 16 17 18 19 20 21 22 23 24 25 26 27 28 29 30 31 32 33 34 35 37 98 38 39 41 42 44 45 46 47 48 49 50 51 52 53 54 55 56 57 58 60 61 62 63 89 64 66 67 68 69 70 71 72 73 74 75 76 77 79 80 81 82 84 85
p1:7 A 0 1 2 3 4 86 5 6 7 91 8 9 10 11 12 13 14 15 16 17 18 19 20 21 22 23 24 25 26 27 28 29 30 31 32 33 34 35 37 98 38 39 41 42 44 45 46 47 48 49 50 51 52 53 54 55 56 57 58 60 61 62 63 89 64 66 67 68 69 70 71 72 73 74 75 76 77 79 80 81 82 84 85
p1:8 A 0 1 2 3 4 5 6 7 8 9 10 11 12 13 14 15 16 17 18 19 20 21 22 23 24 25 26 27 28 29 30 31 32 33 34 35 37 38 39 40 41 42 43 44 45 46 47 48 49 50 51 52 53 54 55 56 57 58 60 61 62 63 64 65 66 67 68 69 70 71 72 73 74 75 76 77 78 79 80 81 82 84 85
p1:9 A 0 1 2 3 4 86 5 6 7 8 9 10 11 12 13 14 15 16 17 18 19 20 99 21 22 23 24 25 26 27 28 29 30 31 32 33 100 34 35 37 38 39 41 42 44 45 46 47 48 49 50 51 52 53 54 55 56 57 58 60 61 62 63 89 64 66 67 68 69 70 71 101 72 73 74 75 76 77 79 80 81 82 84 85
p1:10 A 0 1 2 3 4 5 6 7 8 9 10 11 12 13 14 15 16 17 18 19 20 21 22 23 24 25 26 27 28 29 30 31 32 33 34 35 37 38 39 40 41 42 43 44 45 46 47 48 49 50 51 52 53 54 55 56 57 58 60 61 62 63 64 65 66 67 68 69 70 71 72 73 74 75 76 77 78 79 80 81 82 84 85
p1:11 A 0 1 2 3 4 5 6 7 8 9 10 11 12 13 14 15 16 17 18 19 20 21 22 23 24 25 26 27 28 29 30 31 32 33 34 35 37 38 39 40 41 42 43 44 45 46 47 48 49 50 51 52 53 54 55 56 57 58 59 60 61 62 63 64 65 66 67 68 69 70 71 72 73 74 75 76 77 78 79 80 81 82 83 84 85
p1:12 A 0 1 2 3 4 5 6 7 8 9 10 11 12 13 14 15 16 17 18 19 20 21 22 23 24 25 26 27 28 29 30 31 32 33 34 35 37 38 39 40 41 42 43 44 45 46 47 48 49 50 51 52 53 54 55 56 102 57 103 58 60 61 62 63 64 65 66 67 68 69 70 71 72 73 74 75 76 77 78 79 80 81 82 84 85
p1:13 A 0 1 2 3 4 5 6 7 8 9 10 11 12 13 14 15 16 17 18 19 20 21 22 23 24 25 26 27 28 29 30 31 32 33 34 35 37 38 39 40 41 42 43 44 45 46 47 48 49 50 51 52 53 54 55 56 57 58 59 60 61 62 63 64 65 66 67 68 69 70 71 72 73 74 75 76 77 78 79 80 81 82 83 84 85
p1:14 A 0 1 2 3 4 86 5 6 7 91 8 9 10 11 12 13 14 15 16 17 18 19 20 21 22 23 24 25 26 27 28 29 30 31 32 33 34 35 37 38 39 41 42 44 45 46 47 48 49 50 51 52 53 54 55 56 57 58 60 61 62 63 89 64 66 67 68 69 70 71 72 73 74 75 76 77 79 104 80 81 82 84 85
p1:15 A 0 1 2 3 4 5 6 7 8 9 10 11 12 13 14 15 16 17 18 19 20 105 21 22 106 23 24 25 26 27 28 29 30 31 32 33 34 35 37 38 39 40 41 42 43 44 45 46 47 48 49 50 51 52 53 54 55 56 57 58 60 61 62 63 64 65 66 67 68 69 70 71 72 73 74 75 76 77 78 79 80 81 82 84 85
p1:16 A 0 1 2 3 4 5 6 7 8 9 10 11 12 13 14 15 16 17 18 19 20 21 22 23 24 25 26 27 28 29 30 31 32 33 34 35 37 38 39 40 41 42 43 44 45 46 47 48 49 50 51 52 53 54 55 56 57 58 60 61 62 63 64 65 66 67 68 69 70 71 72 73 74 75 76 77 78 79 80 81 82 84 85
p1:17 A 0 1 2 3 4 86 5 6 7 8 9 10 11 12 13 14 15 16 17 18 19 20 21 22 23 24 25 26 27 28 29 30 31 32 33 34 35 37 38 39 107 41 42 44 45 46 47 48 49 50 51 52 53 54 55 56 57 58 60 61 62 63 89 64 66 67 68 69 70 71 108 72 73 74 75 76 77 79 80 81 82 84 85 90
p1:18 A 0 1 2 3 4 86 5 6 7 91 8 9 10 11 12 13 14 15 16 17 18 19 20 21 22 23 24 25 26 27 28 29 30 31 32 33 34 35 37 38 39 41 42 44 45 46 47 48 92 49 50 51 52 53 54 55 56 93 57 58 60 61 62 63 89 64 66 67 68 69 70 71 72 73 74 94 75 76 77 79 80 81 82 84 85 90
p1:19 A 0 1 2 3 4 86 5 6 7 91 8 9 10 11 12 13 14 15 16 17 18 19 20 21 22 23 24 25 26 27 28 29 30 31 32 33 34 35 37 38 39 41 42 44 45 46 47 48 49 50 51 52 53 54 55 56 57 58 60 61 62 63 89 64 66 67 68 69 70 71 72 73 74 75 76 77 79 80 81 82 84 85
