#m1-noncoding;m2-synonymous;m3-nonsynonymous;m4-nonsynonymous
#OUT: 10000 SS p2 25 /Users/williarj/Desktop/pop2.txt
Mutations:
74 20234 m1 69526 0 0.5 p1 1936 25
75 20434 m1 69827 0 0.5 p1 1956 25
6 20629 m1 7458 0 0.5 p1 1974 25
27 24116 m3 29984 -1.29147e-07 0.1 p2 2155 25
30 24763 m1 31903 0 0.5 p2 2188 25
43 25072 m4 39656 0.0140107 0.8 p2 2203 25
37 26505 m4 36798 0.0409589 0.8 p2 2271 25
64 27621 m1 56274 0 0.5 p2 2327 25
100 28229 m1 98683 0 0.5 p2 2357 25
24 32936 m1 28299 0 0.5 p2 2585 25
36 33787 m4 36791 0.0179705 0.8 p2 2627 25
65 33888 m4 57793 0.124889 0.8 p2 2632 25
28 38058 m1 30542 0 0.5 p2 2832 25
34 38197 m1 35586 0 0.5 p2 2838 25
53 39128 m1 47075 0 0.5 p2 2884 25
26 40418 m1 29132 0 0.5 p2 2948 25
31 40820 m1 32457 0 0.5 p2 2968 25
58 43261 m4 53840 0.0212847 0.8 p2 3084 25
93 43695 m1 87818 0 0.5 p2 3105 25
45 44952 m1 41484 0 0.5 p2 3168 25
52 48123 m1 47036 0 0.5 p2 3320 25
67 49947 m4 64731 0.0563297 0.8 p2 3409 25
76 51718 m2 70335 0 0.5 p2 3496 25
22 53042 m1 26316 0 0.5 p2 3558 25
19 53866 m1 22495 0 0.5 p2 3599 25
77 55189 m1 72944 0 0.5 p2 3660 25
57 56733 m1 52642 0 0.5 p2 3734 25
11 61207 m1 13451 0 0.5 p2 3949 25
32 61356 m1 32767 0 0.5 p2 3956 25
60 65632 m4 54170 0.0166084 0.8 p2 4166 25
71 67619 m1 65546 0 0.5 p2 4265 25
14 68754 m1 20252 0 0.5 p2 4320 25
12 70532 m1 16583 0 0.5 p2 4405 25
1 71581 m1 1847 0 0.5 p2 4455 25
101 72331 m1 99013 0 0.5 p2 4491 25
35 72722 m3 36788 -0.000233826 0.1 p2 4509 25
41 73056 m2 39360 0 0.5 p2 4525 25
82 74271 m3 78337 -2.59315e-07 0.1 p2 4580 25
3 80250 m1 1983 0 0.5 p2 4879 25
7 81069 m1 10331 0 0.5 p2 4919 25
86 82255 m4 79714 0.0154717 0.8 p2 4977 25
2 82307 m1 1879 0 0.5 p2 4979 25
39 82458 m1 37842 0 0.5 p2 4986 25
66 84213 m3 58344 -4.68345e-05 0.1 p2 5073 25
78 86016 m1 73548 0 0.5 p2 5161 25
25 87168 m1 28521 0 0.5 p2 5219 25
61 89410 m4 54255 0.0767507 0.8 p2 5328 25
92 89470 m1 86924 0 0.5 p2 5331 25
9 91418 m1 11996 0 0.5 p2 5426 25
72 92028 m1 68819 0 0.5 p2 5455 25
88 92288 m1 82480 0 0.5 p2 5466 25
80 92593 m1 77155 0 0.5 p2 5482 25
33 93552 m1 35536 0 0.5 p2 5529 25
17 93730 m3 21362 -0.0415031 0.1 p2 5538 25
49 95913 m4 44333 0.085951 0.8 p2 5643 25
47 97509 m4 44181 0.0914025 0.8 p2 5721 25
73 100498 m1 68903 0 0.5 p2 5869 25
81 101602 m1 77633 0 0.5 p2 5924 25
102 104193 m3 99849 -0.00233874 0.1 p2 6048 25
96 105542 m4 94803 0.0250953 0.8 p2 6113 25
15 106476 m4 20944 0.156504 0.8 p2 6158 25
48 107444 m4 44296 0.0391316 0.8 p2 6206 25
68 107594 m4 64734 0.0167775 0.8 p2 6214 25
42 109206 m1 39425 0 0.5 p2 6293 25
79 110173 m1 74193 0 0.5 p2 6338 25
94 111630 m3 89476 -0.000297666 0.1 p2 6409 25
56 115944 m1 52447 0 0.5 p2 6619 25
54 117174 m1 47337 0 0.5 p2 6678 25
62 119174 m4 54449 0.019449 0.8 p2 6777 25
97 120917 m1 94853 0 0.5 p2 6863 25
87 121622 m1 82077 0 0.5 p2 6898 25
50 127976 m4 44423 0.0129182 0.8 p2 7202 25
44 129526 m4 39658 0.253235 0.8 p2 7276 25
46 129939 m1 43980 0 0.5 p2 7296 25
8 131250 m1 10349 0 0.5 p2 7360 25
98 133715 m1 95070 0 0.5 p2 7477 25
89 135341 m3 84729 -3.85303e-05 0.1 p2 7556 25
13 139481 m1 19526 0 0.5 p2 7757 25
63 140535 m1 55601 0 0.5 p2 7809 25
83 144550 m4 78364 0.0236587 0.8 p2 8008 25
59 145061 m4 53854 0.306451 0.8 p2 8035 25
5 146735 m1 4501 0 0.5 p2 8118 25
23 147983 m4 27048 0.381716 0.8 p2 8181 25
16 148776 m3 21108 -0.00435426 0.1 p2 8220 25
70 150933 m4 64780 0.216774 0.8 p2 8327 25
29 153575 m1 31611 0 0.5 p2 8456 25
103 156059 m4 100383 0.02901 0.8 p2 8577 25
84 156388 m1 78602 0 0.5 p2 8594 25
0 156612 m1 901 0 0.5 p2 8605 25
90 157038 m4 84736 0.208322 0.8 p2 8625 25
18 158513 m3 21919 -0.00683236 0.1 p2 8697 25
21 158843 m1 25212 0 0.5 p2 8712 25
95 161666 m1 91697 0 0.5 p2 8845 25
20 162219 m1 24907 0 0.5 p2 8872 25
40 164026 m4 39308 0.0116558 0.8 p2 8959 25
51 165293 m4 44440 0.54431 0.8 p2 9019 25
38 166227 m4 36930 0.0211429 0.8 p2 9064 25
85 166604 m1 79065 0 0.5 p2 9082 25
55 168530 m1 51025 0 0.5 p2 9179 25
4 177577 m3 3352 -6.97151e-05 0.1 p2 9620 25
69 178867 m4 64753 0.0377608 0.8 p2 9686 25
10 179079 m1 12393 0 0.5 p2 9696 1
106 179544 m1 81558 0 0.5 p2 9720 3
108 179548 m1 63866 0 0.5 p2 9720 13
105 179707 m1 60853 0 0.5 p2 9728 3
115 180852 m1 102290 0 0.5 p2 9782 5
110 180931 m1 91044 0 0.5 p2 9786 12
127 181386 m1 8554 0 0.5 p2 9808 3
111 181543 m1 101083 0 0.5 p2 9816 12
121 181843 m1 21800 0 0.5 p2 9831 2
104 181906 m1 37685 0 0.5 p2 9834 3
114 182927 m1 65778 0 0.5 p2 9882 3
112 183115 m3 29836 -0.00331998 0.1 p2 9891 3
125 183182 m3 90539 -0.0578072 0.1 p2 9894 2
113 183274 m1 61118 0 0.5 p2 9899 3
126 183596 m1 101879 0 0.5 p2 9913 1
91 183616 m3 84806 -6.35782e-06 0.1 p2 9915 1
99 183783 m1 97496 0 0.5 p2 9923 1
118 183846 m1 80194 0 0.5 p2 9926 2
122 184082 m1 48527 0 0.5 p2 9938 2
116 184439 m1 15481 0 0.5 p2 9955 2
119 184565 m1 80735 0 0.5 p2 9961 1
129 184584 m1 87030 0 0.5 p2 9962 1
123 184637 m3 71360 -0.187693 0.1 p2 9964 1
132 184683 m1 94337 0 0.5 p2 9966 1
109 184700 m1 68493 0 0.5 p2 9967 9
117 184719 m3 54199 -0.00601656 0.1 p2 9968 2
107 184735 m4 44056 0.124693 0.8 p2 9969 10
124 184934 m3 76071 -1.01422e-05 0.1 p2 9978 1
134 184951 m3 94959 -0.00259029 0.1 p2 9979 1
128 185098 m1 58888 0 0.5 p2 9986 1
133 185152 m1 62841 0 0.5 p2 9989 1
131 185226 m1 95604 0 0.5 p2 9992 1
120 185247 m1 96990 0 0.5 p2 9993 1
130 185291 m1 28889 0 0.5 p2 9996 1
Genomes:
p2:0 A 0 1 2 3 4 5 6 7 8 9 10 11 12 13 14 15 16 17 18 19 20 21 22 23 24 25 26 27 28 29 30 31 32 33 34 35 36 37 38 39 40 41 42 43 44 45 46 47 48 49 50 51 52 53 54 55 56 57 58 59 60 61 62 63 64 65 66 67 68 69 70 71 72 73 74 75 76 77 78 79 80 81 82 83 84 85 86 87 88 89 90 91 92 93 94 95 96 97 98 99 100 101 102 103
p2:1 A 0 1 2 3 4 5 6 7 8 9 11 12 13 14 15 16 17 18 19 20 21 22 23 24 25 26 27 28 29 30 31 32 33 34 35 36 37 38 104 39 40 41 42 43 44 45 46 47 48 49 50 51 52 53 54 55 56 57 58 59 60 61 62 63 64 65 66 105 67 68 69 70 71 72 73 74 75 76 77 78 79 80 81 82 83 84 85 86 106 87 88 89 90 92 93 94 95 96 97 98 100 101 102 103
p2:2 A 0 1 2 3 4 5 6 7 8 9 11 12 13 14 15 16 17 18 19 20 21 22 23 24 25 26 27 28 29 30 31 32 33 34 35 36 37 38 39 40 41 42 43 44 45 46 107 47 48 49 50 51 52 53 54 55 56 57 58 59 60 61 62 63 64 65 66 108 67 68 69 70 71 109 72 73 74 75 76 77 78 79 80 81 82 83 84 85 86 87 88 89 90 92 93 94 110 95 96 97 98 100 101 102 103 111
p2:3 A 0 1 2 3 4 5 6 7 8 9 11 12 13 14 15 16 17 18 19 20 21 22 23 24 25 26 112 27 28 29 30 31 32 33 34 35 36 37 38 39 40 41 42 43 44 45 46 47 48 49 50 51 52 53 54 55 56 57 58 59 60 61 62 63 64 65 66 113 67 68 69 70 71 114 72 73 74 75 76 77 78 79 80 81 82 83 84 85 86 87 88 89 90 92 93 94 95 96 97 98 100 101 102 103 115
p2:4 A 0 1 2 3 4 5 6 7 8 9 11 116 12 13 14 15 16 17 18 19 20 21 22 23 24 25 26 27 28 29 30 31 32 33 34 35 36 37 38 39 40 41 42 43 44 45 46 47 48 49 50 51 52 53 54 55 56 57 58 59 60 117 61 62 63 64 65 66 108 67 68 69 70 71 72 73 74 75 76 77 78 79 80 81 82 83 84 85 86 87 88 89 90 92 93 94 110 95 96 97 98 100 101 102 103 111
p2:5 A 0 1 2 3 4 5 6 7 8 9 11 12 13 14 15 16 17 18 19 20 21 22 23 24 25 26 27 28 29 30 31 32 33 34 35 36 37 38 39 40 41 42 43 44 45 46 107 47 48 49 50 51 52 53 54 55 56 57 58 59 60 61 62 63 64 65 66 108 67 68 69 70 71 109 72 73 74 75 76 77 78 79 80 81 82 83 84 85 86 87 88 89 90 92 93 94 110 95 96 97 98 100 101 102 103 111
p2:6 A 0 1 2 3 4 5 6 7 8 9 11 12 13 14 15 16 17 18 19 20 21 22 23 24 25 26 27 28 29 30 31 32 33 34 35 36 37 38 39 40 41 42 43 44 45 46 107 47 48 49 50 51 52 53 54 55 56 57 58 59 60 61 62 63 64 65 66 108 67 68 69 70 71 109 72 73 74 75 76 77 78 79 80 81 82 83 84 85 86 87 88 89 90 92 93 94 110 95 96 97 98 100 101 102 103 111
p2:7 A 0 1 2 3 4 5 6 7 8 9 11 12 13 14 15 16 17 18 19 20 21 22 23 24 25 26 27 28 29 30 31 32 33 34 35 36 37 38 104 39 40 41 42 43 44 45 46 47 48 49 50 51 52 53 54 55 56 57 58 59 60 61 62 63 64 65 66 105 67 68 69 70 71 72 73 74 75 76 77 78 79 80 81 82 83 84 85 86 118 106 87 88 89 90 92 93 94 95 96 97 98 100 101 102 103
p2:8 A 0 1 2 3 4 5 6 7 8 9 11 12 13 14 15 16 17 18 19 20 21 22 23 24 25 26 27 28 29 30 31 32 33 34 35 36 37 38 39 40 41 42 43 44 45 46 107 47 48 49 50 51 52 53 54 55 56 57 58 59 60 61 62 63 64 65 66 108 67 68 69 70 71 72 73 74 75 76 77 78 79 80 81 82 83 84 85 86 119 87 88 89 90 92 93 94 110 95 96 97 98 120 100 101 102 103 111
p2:9 A 0 1 2 3 4 5 6 7 8 9 11 116 12 13 14 15 16 17 18 19 20 21 22 23 24 25 26 27 28 29 30 31 32 33 34 35 36 37 38 39 40 41 42 43 44 45 46 47 48 49 50 51 52 53 54 55 56 57 58 59 60 117 61 62 63 64 65 66 108 67 68 69 70 71 72 73 74 75 76 77 78 79 80 81 82 83 84 85 86 87 88 89 90 92 93 94 110 95 96 97 98 100 101 102 103 111
p2:10 A 0 1 2 3 4 5 6 7 8 9 11 12 13 14 15 16 17 18 19 20 21 22 23 24 25 26 27 28 29 30 31 32 33 34 35 36 37 38 39 40 41 42 43 44 45 46 107 47 48 49 50 51 52 53 54 55 56 57 58 59 60 61 62 63 64 65 66 108 67 68 69 70 71 109 72 73 74 75 76 77 78 79 80 81 82 83 84 85 86 87 88 89 90 92 93 94 110 95 96 97 98 100 101 102 103 111
p2:11 A 0 1 2 3 4 5 6 7 8 9 11 12 13 14 15 16 17 18 19 20 21 22 23 24 25 26 27 28 29 30 31 32 33 34 35 36 37 38 39 40 41 42 43 44 45 46 107 47 48 49 50 51 52 53 54 55 56 57 58 59 60 61 62 63 64 65 66 108 67 68 69 70 71 109 72 73 74 75 76 77 78 79 80 81 82 83 84 85 86 87 88 89 90 92 93 94 110 95 96 97 98 100 101 102 103 111
p2:12 A 0 1 2 3 4 5 6 7 8 9 11 12 13 14 15 16 17 121 18 19 20 21 22 23 24 25 26 27 28 29 30 31 32 33 34 35 36 37 38 39 40 41 42 43 44 45 46 47 48 49 50 51 52 53 54 122 55 56 57 58 59 60 61 62 63 64 65 66 67 68 69 70 71 72 73 74 75 76 123 77 78 79 124 80 81 82 83 84 85 86 87 88 89 90 92 93 94 125 95 96 97 98 100 101 102 103 115
p2:13 A 0 1 2 3 4 5 6 7 8 9 11 12 13 14 15 16 17 18 19 20 21 22 23 24 25 26 27 28 29 30 31 32 33 34 35 36 37 38 39 40 41 42 43 44 45 46 107 47 48 49 50 51 52 53 54 55 56 57 58 59 60 61 62 63 64 65 66 108 67 68 69 70 71 109 72 73 74 75 76 77 78 79 80 81 82 83 84 85 86 87 88 89 90 92 93 94 110 95 96 97 98 100 101 102 103 111
p2:14 A 0 1 2 3 4 5 6 7 8 9 11 12 13 14 15 16 17 18 19 20 21 22 23 24 25 26 27 28 29 30 31 32 33 34 35 36 37 38 39 40 41 42 43 44 45 46 47 48 49 50 51 52 53 54 55 56 57 58 59 60 61 62 63 64 65 66 108 67 68 69 70 71 72 73 74 75 76 77 78 79 80 81 82 83 84 85 86 87 88 89 90 92 93 94 95 96 97 98 100 101 102 103 126
p2:15 A 0 1 2 3 4 5 6 127 7 8 9 11 12 13 14 15 16 17 18 19 20 21 22 23 24 25 26 27 28 29 30 31 32 33 34 35 36 37 38 39 40 41 42 43 44 45 46 47 48 49 50 51 52 53 54 55 56 57 58 59 60 61 62 63 64 65 66 128 67 68 69 70 71 72 73 74 75 76 77 78 79 80 81 82 83 84 85 86 87 88 89 90 92 129 93 94 95 96 97 98 100 101 102 103
p2:16 A 0 1 2 3 4 5 6 7 8 9 11 12 13 14 15 16 17 18 19 20 21 22 23 24 25 26 112 27 28 29 30 31 32 33 34 35 36 37 38 39 40 41 42 43 44 45 46 47 48 49 50 51 52 53 54 55 56 57 58 59 60 61 62 63 64 65 66 113 67 68 69 70 71 114 72 73 74 75 76 77 78 79 80 81 82 83 84 85 86 87 88 89 90 92 93 94 95 96 97 98 100 101 102 103 115
p2:17 A 0 1 2 3 4 5 6 7 8 9 11 12 13 14 15 16 17 18 19 20 21 22 23 24 25 26 27 28 29 30 31 32 33 34 35 36 37 38 39 40 41 42 43 44 45 46 107 47 48 49 50 51 52 53 54 55 56 57 58 59 60 61 62 63 64 65 66 108 67 68 69 70 71 109 72 73 74 75 76 77 78 79 80 81 82 83 84 85 86 87 88 89 90 92 93 94 110 95 96 97 98 100 101 102 103 111
p2:18 A 0 1 2 3 4 5 6 7 8 9 11 12 13 14 15 16 17 18 19 20 21 22 23 24 25 26 27 28 29 30 31 32 33 34 35 36 37 38 104 39 40 41 42 43 44 45 46 47 48 49 50 51 52 53 54 55 56 57 58 59 60 61 62 63 64 65 66 105 67 68 69 70 71 72 73 74 75 76 77 78 79 80 81 82 83 84 85 86 118 106 87 88 89 90 92 93 94 95 96 97 98 100 101 102 103
p2:19 A 0 1 2 3 4 5 6 7 8 9 11 12 13 14 15 16 17 18 19 20 21 22 23 24 25 26 27 28 29 30 31 32 33 34 35 36 37 38 39 40 41 42 43 44 45 46 107 47 48 49 50 51 52 53 54 55 56 57 58 59 60 61 62 63 64 65 66 108 67 68 69 70 71 109 72 73 74 75 76 77 78 79 80 81 82 83 84 85 86 87 88 89 90 92 93 94 110 95 96 97 98 100 101 102 103 111
p2:20 A 0 1 2 3 4 5 6 7 8 9 11 12 13 14 15 16 17 18 19 20 21 22 23 24 25 130 26 27 28 29 30 31 32 33 34 35 36 37 38 39 40 41 42 43 44 45 46 107 47 48 49 50 51 52 53 54 55 56 57 58 59 60 61 62 63 64 65 66 108 67 68 69 70 71 109 72 73 74 75 76 77 78 79 80 81 82 83 84 85 86 87 88 89 90 92 93 94 110 95 96 97 98 131 100 101 102 103 111
p2:21 A 0 1 2 3 4 5 6 7 8 9 11 12 13 14 15 16 17 18 19 20 21 22 23 24 25 26 112 27 28 29 30 31 32 33 34 35 36 37 38 39 40 41 42 43 44 45 46 47 48 49 50 51 52 53 54 55 56 57 58 59 60 61 62 63 64 65 66 113 67 68 69 70 71 114 72 73 74 75 76 77 78 79 80 81 82 83 84 85 86 87 88 89 90 92 93 94 95 96 97 98 100 101 102 103 115
p2:22 A 0 1 2 3 4 5 6 127 7 8 9 11 12 13 14 15 16 17 18 19 20 21 22 23 24 25 26 27 28 29 30 31 32 33 34 35 36 37 38 39 40 41 42 43 44 45 46 47 48 49 50 51 52 53 54 55 56 57 58 59 60 61 62 63 64 65 66 67 68 69 70 71 72 73 74 75 76 77 78 79 80 81 82 83 84 85 86 87 88 89 90 92 93 94 95 132 96 97 98 100 101 102 103
p2:23 A 0 1 2 3 4 5 6 7 8 9 11 12 13 14 15 16 17 121 18 19 20 21 22 23 24 25 26 27 28 29 30 31 32 33 34 35 36 37 38 39 40 41 42 43 44 45 46 47 48 49 50 51 52 53 54 122 55 56 57 58 59 60 61 62 63 64 65 66 67 68 69 70 71 72 73 74 75 76 77 78 79 80 81 82 83 84 85 86 87 88 89 90 92 93 94 125 95 96 97 98 100 101 102 103 115
p2:24 A 0 1 2 3 4 5 6 127 7 8 9 11 12 13 14 15 16 17 18 19 20 21 22 23 24 25 26 27 28 29 30 31 32 33 34 35 36 37 38 39 40 41 42 43 44 45 46 47 48 49 50 51 52 53 54 55 56 57 58 59 60 61 62 63 64 65 66 133 67 68 69 70 71 72 73 74 75 76 77 78 79 80 81 82 83 84 85 86 87 88 89 90 92 93 94 95 96 97 134 98 100 101 102 103
