#OUT: 10000 SS p2 25 /Users/williarj/Desktop/pop2.txt
Mutations:
157 20826 m1 104970 0 0.5 p1 1993 25
34 21076 m4 24747 0.334875 0.8 p2 2008 25
88 23530 m4 65046 0.055192 0.8 p2 2124 25
53 24928 m1 33255 0 0.5 p2 2188 25
69 24960 m3 50109 -1.32758e-07 0.1 p2 2190 25
43 25059 m4 27053 0.0428284 0.8 p2 2195 25
128 25083 m4 84502 0.0756051 0.8 p2 2196 25
155 25410 m4 103856 0.113152 0.8 p2 2211 25
146 25644 m4 99449 0.109977 0.8 p2 2222 25
79 25776 m1 60464 0 0.5 p2 2228 25
65 26034 m1 48247 0 0.5 p2 2240 25
134 26431 m1 88648 0 0.5 p2 2259 25
94 26580 m3 69809 -5.70168e-12 0.1 p2 2266 25
46 27808 m3 27710 -0.000684478 0.1 p2 2322 25
57 27981 m4 40905 0.0385171 0.8 p2 2331 25
111 28184 m4 81978 0.186479 0.8 p2 2343 25
30 31165 m1 23650 0 0.5 p2 2484 25
98 31975 m1 72554 0 0.5 p2 2520 25
31 32859 m4 24678 0.217595 0.8 p2 2560 25
75 33368 m4 55066 0.103582 0.8 p2 2585 25
81 34089 m4 63028 0.0660953 0.8 p2 2620 25
140 34409 m1 96800 0 0.5 p2 2634 25
85 35235 m3 64955 -0.00564329 0.1 p2 2673 25
39 35592 m4 25573 0.363812 0.8 p2 2691 25
50 37183 m1 28255 0 0.5 p2 2768 25
104 37643 m1 77603 0 0.5 p2 2791 25
135 38189 m1 89765 0 0.5 p2 2816 25
25 39690 m1 17860 0 0.5 p2 2885 25
141 42716 m4 97910 0.0788177 0.8 p2 3024 25
125 43908 m4 84407 0.0433466 0.8 p2 3081 25
32 45128 m4 24736 0.0520877 0.8 p2 3138 25
62 45469 m1 45608 0 0.5 p2 3155 25
148 45627 m1 100882 0 0.5 p2 3162 25
26 48968 m1 18478 0 0.5 p2 3328 25
44 49058 m4 27066 0.00102593 0.8 p2 3333 25
122 49361 m4 83585 0.154189 0.8 p2 3347 25
112 50992 m4 82018 0.0492938 0.8 p2 3424 25
0 51846 m1 1386 0 0.5 p2 3466 25
82 52521 m1 64321 0 0.5 p2 3498 25
68 53514 m3 49987 -8.47234e-05 0.1 p2 3542 25
115 53662 m2 82063 0 0.5 p2 3549 25
58 55914 m1 41475 0 0.5 p2 3655 25
145 57908 m4 99423 0.000957739 0.8 p2 3745 25
97 58369 m3 71568 -0.000237564 0.1 p2 3767 25
137 61798 m4 92365 0.194055 0.8 p2 3926 25
96 63429 m1 71335 0 0.5 p2 4006 25
130 63466 m1 86102 0 0.5 p2 4008 25
27 63530 m3 19515 -0.00882567 0.1 p2 4011 25
129 64019 m1 84673 0 0.5 p2 4032 25
107 64219 m4 80575 0.102848 0.8 p2 4041 25
72 64599 m4 51603 0.0534308 0.8 p2 4059 25
8 66406 m3 7611 -0.00048732 0.1 p2 4144 25
142 66472 m4 98573 0.126999 0.8 p2 4148 25
5 67025 m1 4925 0 0.5 p2 4174 25
103 67121 m1 77145 0 0.5 p2 4179 25
144 68214 m4 99407 0.0561844 0.8 p2 4230 25
136 70542 m3 90068 -0.000194454 0.1 p2 4341 25
21 70566 m1 14686 0 0.5 p2 4342 25
190 71405 m4 64409 0.20037 0.8 p2 4382 10
48 71450 m4 27796 0.0384964 0.8 p2 4384 25
6 71487 m1 4931 0 0.5 p2 4386 25
54 72327 m3 34810 -0.000553653 0.1 p2 4426 15
92 72670 m1 68770 0 0.5 p2 4442 25
87 73052 m4 64981 0.0612379 0.8 p2 4461 25
99 73404 m3 73065 -0.00373521 0.1 p2 4479 25
153 73595 m4 103785 0.0477742 0.8 p2 4487 25
110 74810 m4 81399 0.545586 0.8 p2 4548 25
20 76374 m1 14607 0 0.5 p2 4622 25
77 76433 m1 55632 0 0.5 p2 4624 25
102 76539 m1 76576 0 0.5 p2 4629 25
116 76540 m4 82073 0.337903 0.8 p2 4629 25
138 78322 m1 92943 0 0.5 p2 4717 25
23 81463 m4 16779 0.0599492 0.8 p2 4867 25
14 81838 m4 11387 0.246435 0.8 p2 4884 25
162 81854 m1 23684 0 0.5 p2 4885 10
143 83264 m4 99335 0.0708051 0.8 p2 4952 25
121 83501 m4 83554 0.402776 0.8 p2 4964 25
33 83567 m4 24744 0.110295 0.8 p2 4967 15
40 83814 m4 26309 0.051167 0.8 p2 4978 25
66 84650 m1 49143 0 0.5 p2 5017 25
83 85525 m1 64791 0 0.5 p2 5058 25
36 85600 m4 25510 0.010329 0.8 p2 5061 15
12 86605 m4 10659 0.0710515 0.8 p2 5109 25
64 86896 m1 48155 0 0.5 p2 5123 25
49 89836 m4 27930 0.205953 0.8 p2 5259 25
74 90277 m2 53752 0 0.5 p2 5278 25
123 91140 m1 84149 0 0.5 p2 5318 25
156 92178 m4 103972 0.0173028 0.8 p2 5364 25
17 92897 m4 13636 0.117774 0.8 p2 5398 25
106 94319 m4 79833 0.308883 0.8 p2 5467 25
4 94323 m1 4483 0 0.5 p2 5467 25
59 94641 m3 41670 -0.050693 0.1 p2 5483 15
149 94670 m1 101462 0 0.5 p2 5485 25
16 94898 m1 12268 0 0.5 p2 5496 25
86 96048 m4 64962 0.114155 0.8 p2 5550 25
165 96112 m4 25511 0.124499 0.8 p2 5554 10
60 96181 m4 43670 0.051852 0.8 p2 5557 15
61 96416 m3 43726 -0.00211155 0.1 p2 5569 15
52 96450 m1 31589 0 0.5 p2 5571 25
118 97896 m4 82109 0.51881 0.8 p2 5641 25
80 98263 m1 61185 0 0.5 p2 5659 25
100 99458 m4 74106 0.00998283 0.8 p2 5714 25
70 99629 m1 51240 0 0.5 p2 5723 25
117 101269 m3 82094 -0.000733225 0.1 p2 5801 25
120 102239 m4 82764 0.105889 0.8 p2 5845 25
91 102525 m1 68317 0 0.5 p2 5858 25
163 110679 m4 24819 0.127568 0.8 p2 6238 10
71 111090 m1 51371 0 0.5 p2 6258 25
78 111141 m1 55994 0 0.5 p2 6261 25
108 112826 m4 80722 0.0259597 0.8 p2 6342 25
168 112864 m4 26360 0.141363 0.8 p2 6344 10
11 115257 m3 9956 -0.00298997 0.1 p2 6457 25
19 116137 m1 13824 0 0.5 p2 6499 25
67 116407 m1 49844 0 0.5 p2 6512 15
126 116784 m4 84428 0.179219 0.8 p2 6529 25
47 117495 m4 27788 0.0874006 0.8 p2 6563 15
55 118794 m1 36561 0 0.5 p2 6627 15
158 122165 m1 105651 0 0.5 p2 6782 25
84 123274 m4 64941 0.155426 0.8 p2 6836 15
18 124541 m1 13739 0 0.5 p2 6895 25
152 126003 m4 103168 0.329605 0.8 p2 6963 25
150 126387 m1 102711 0 0.5 p2 6981 25
28 127133 m4 19548 0.0784442 0.8 p2 7017 25
184 127183 m1 53972 0 0.5 p2 7020 10
131 127443 m1 86773 0 0.5 p2 7032 25
186 127845 m1 58408 0 0.5 p2 7051 10
187 128199 m1 60543 0 0.5 p2 7068 10
132 128878 m1 88357 0 0.5 p2 7100 25
169 129028 m4 26974 0.0213944 0.8 p2 7107 10
174 129974 m4 35948 0.0103871 0.8 p2 7152 10
179 130752 m3 40049 -0.109656 0.1 p2 7192 10
29 131029 m4 20181 0.0277001 0.8 p2 7205 25
119 131133 m1 82244 0 0.5 p2 7210 25
182 131487 m3 52248 -0.00170408 0.1 p2 7226 10
113 132232 m4 82056 0.243961 0.8 p2 7262 25
175 132523 m1 36971 0 0.5 p2 7275 10
177 132694 m1 38968 0 0.5 p2 7282 10
101 133163 m1 76483 0 0.5 p2 7304 15
176 135672 m4 37355 0.222544 0.8 p2 7422 10
90 135828 m1 67880 0 0.5 p2 7430 15
161 135950 m1 22854 0 0.5 p2 7435 10
9 137976 m1 7903 0 0.5 p2 7528 25
189 138837 m1 61704 0 0.5 p2 7567 10
173 140220 m1 32806 0 0.5 p2 7635 10
170 141744 m4 27026 0.0152426 0.8 p2 7708 10
139 142880 m1 95276 0 0.5 p2 7760 25
51 143684 m3 29283 -0.00081815 0.1 p2 7799 15
89 143982 m1 66200 0 0.5 p2 7812 15
63 144142 m1 47142 0 0.5 p2 7819 15
183 145255 m1 53885 0 0.5 p2 7871 10
42 146477 m4 27029 0.282664 0.8 p2 7930 15
166 148650 m3 26232 -0.00530428 0.1 p2 8033 10
151 150539 m1 103045 0 0.5 p2 8126 25
188 151772 m1 61092 0 0.5 p2 8185 10
133 152269 m1 88453 0 0.5 p2 8209 25
171 152274 m4 27153 0.0164088 0.8 p2 8209 10
114 155100 m4 82059 0.0651799 0.8 p2 8337 25
185 156683 m1 55620 0 0.5 p2 8410 10
73 157164 m4 52225 0.344626 0.8 p2 8432 15
181 157278 m3 46189 -0.000235746 0.1 p2 8437 10
1 157869 m1 2241 0 0.5 p2 8464 15
3 159612 m1 3843 0 0.5 p2 8547 15
76 160236 m4 55129 0.15919 0.8 p2 8577 15
15 161156 m2 12050 0 0.5 p2 8619 15
195 162126 m4 79897 0.0839512 0.8 p2 8665 10
56 163350 m1 40600 0 0.5 p2 8720 15
41 163928 m4 26342 0.121663 0.8 p2 8747 15
93 166506 m1 69093 0 0.5 p2 8864 15
95 167720 m1 71267 0 0.5 p2 8921 15
200 168475 m1 98891 0 0.5 p2 8955 10
191 168501 m1 66422 0 0.5 p2 8956 10
127 169531 m4 84430 0.139482 0.8 p2 9004 15
201 169883 m1 101848 0 0.5 p2 9021 10
7 169884 m1 5698 0 0.5 p2 9021 15
180 170149 m4 46020 0.187642 0.8 p2 9034 10
194 170886 m1 79712 0 0.5 p2 9069 10
164 171958 m1 25165 0 0.5 p2 9120 10
178 172970 m1 40005 0 0.5 p2 9166 10
105 173761 m1 78079 0 0.5 p2 9202 15
154 174107 m4 103809 0.0716059 0.8 p2 9217 15
159 174810 m1 13146 0 0.5 p2 9250 10
197 175546 m1 91194 0 0.5 p2 9285 10
38 176022 m4 25539 0.106249 0.8 p2 9307 15
193 176494 m4 74105 0.213698 0.8 p2 9328 10
22 177892 m4 15847 0.0411918 0.8 p2 9397 15
167 178124 m2 26244 0 0.5 p2 9408 10
45 178238 m1 27290 0 0.5 p2 9414 15
10 178579 m1 8766 0 0.5 p2 9430 15
147 178821 m1 100011 0 0.5 p2 9440 15
196 180068 m4 81247 0.194845 0.8 p2 9501 10
198 180336 m1 94675 0 0.5 p2 9514 10
160 180470 m3 15101 -0.0024078 0.1 p2 9522 10
124 183290 m4 84344 0.000117744 0.8 p2 9661 15
37 185170 m4 25537 0.0850568 0.8 p2 9750 15
2 185627 m1 3241 0 0.5 p2 9773 15
109 185717 m4 81218 0.0582024 0.8 p2 9778 15
172 185967 m1 31149 0 0.5 p2 9790 10
35 186187 m4 24819 0.170529 0.8 p2 9801 15
204 186419 m1 52453 0 0.5 p2 9812 3
199 187123 m1 97139 0 0.5 p2 9846 10
206 187376 m3 73380 -0.00143885 0.1 p2 9857 3
202 187867 m1 104164 0 0.5 p2 9881 7
205 188084 m1 65604 0 0.5 p2 9891 3
13 188922 m1 11029 0 0.5 p2 9932 3
192 189195 m1 69775 0 0.5 p2 9946 5
207 189890 m1 57270 0 0.5 p2 9980 1
203 189945 m1 2066 0 0.5 p2 9983 1
208 189981 m1 55307 0 0.5 p2 9984 1
209 190077 m1 59714 0 0.5 p2 9988 1
24 190169 m3 17746 -0.116621 0.1 p2 9993 1
210 190176 m1 71624 0 0.5 p2 9993 1
Genomes:
p2:0 A 0 1 2 3 4 5 6 7 8 9 10 11 12 13 14 15 16 17 18 19 20 21 22 23 24 25 26 27 28 29 30 31 32 33 34 35 36 37 38 39 40 41 42 43 44 45 46 47 48 49 50 51 52 53 54 55 56 57 58 59 60 61 62 63 64 65 66 67 68 69 70 71 72 73 74 75 76 77 78 79 80 81 82 83 84 85 86 87 88 89 90 91 92 93 94 95 96 97 98 99 100 101 102 103 104 105 106 107 108 109 110 111 112 113 114 115 116 117 118 119 120 121 122 123 124 125 126 127 128 129 130 131 132 133 134 135 136 137 138 139 140 141 142 143 144 145 146 147 148 149 150 151 152 153 154 155 156 157 158
p2:1 A 0 4 5 6 8 9 11 12 14 16 159 17 18 19 20 21 160 23 25 26 27 28 29 161 30 162 31 32 34 163 164 165 39 166 167 40 168 169 170 43 44 171 46 48 49 50 172 52 173 53 174 175 176 177 178 179 57 58 62 180 181 64 65 66 68 69 70 71 72 182 74 183 184 75 185 77 78 186 79 187 188 80 189 81 82 190 83 85 86 87 88 191 91 92 192 94 96 97 98 99 193 100 102 103 104 194 106 195 107 108 196 110 111 112 113 114 115 116 117 118 119 120 121 122 123 125 126 128 129 130 131 132 133 134 135 136 197 137 138 198 139 140 199 141 142 200 143 144 145 146 148 149 201 150 151 152 153 155 156 157 158
p2:2 A 0 4 5 6 8 9 11 12 14 16 159 17 18 19 20 21 160 23 25 26 27 28 29 161 30 162 31 32 34 163 164 165 39 166 167 40 168 169 170 43 44 171 46 48 49 50 172 52 173 53 174 175 176 177 178 179 57 58 62 180 181 64 65 66 68 69 70 71 72 182 74 183 184 75 185 77 78 186 79 187 188 80 189 81 82 190 83 85 86 87 88 191 91 92 192 94 96 97 98 99 193 100 102 103 104 194 106 195 107 108 196 110 111 112 113 114 115 116 117 118 119 120 121 122 123 125 126 128 129 130 131 132 133 134 135 136 197 137 138 198 139 140 199 141 142 200 143 144 145 146 148 149 201 150 151 152 153 155 156 157 158
p2:3 A 0 1 2 3 4 5 6 7 8 9 10 11 12 14 15 16 17 18 19 20 21 22 23 25 26 27 28 29 30 31 32 33 34 35 36 37 38 39 40 41 42 43 44 45 46 47 48 49 50 51 52 53 54 55 56 57 58 59 60 61 62 63 64 65 66 67 68 69 70 71 72 73 74 75 76 77 78 79 80 81 82 83 84 85 86 87 88 89 90 91 92 93 94 95 96 97 98 99 100 101 102 103 104 105 106 107 108 109 110 111 112 113 114 115 116 117 118 119 120 121 122 123 124 125 126 127 128 129 130 131 132 133 134 135 136 137 138 139 140 141 142 143 144 145 146 147 148 149 150 151 152 153 154 155 156 202 157 158
p2:4 A 0 203 4 5 6 8 9 11 12 14 16 159 17 18 19 20 21 160 23 25 26 27 28 29 161 30 162 31 32 34 163 164 165 39 166 167 40 168 169 170 43 44 171 46 48 49 50 172 52 173 53 174 175 176 177 178 179 57 58 62 180 181 64 65 66 68 69 70 71 72 182 74 183 184 75 185 77 78 186 79 187 188 80 189 81 82 190 83 85 86 87 88 191 91 92 94 96 97 98 99 193 100 102 103 104 194 106 195 107 108 196 110 111 112 113 114 115 116 117 118 119 120 121 122 123 125 126 128 129 130 131 132 133 134 135 136 197 137 138 198 139 140 199 141 142 200 143 144 145 146 148 149 201 150 151 152 153 155 156 157 158
p2:5 A 0 1 2 3 4 5 6 7 8 9 10 11 12 14 15 16 17 18 19 20 21 22 23 25 26 27 28 29 30 31 32 33 34 35 36 37 38 39 40 41 42 43 44 45 46 47 48 49 50 51 52 53 54 55 56 57 58 59 60 61 62 63 64 65 66 67 68 69 70 71 72 73 74 75 76 77 78 79 80 81 82 83 84 85 86 87 88 89 90 91 92 93 94 95 96 97 98 99 100 101 102 103 104 105 106 107 108 109 110 111 112 113 114 115 116 117 118 119 120 121 122 123 124 125 126 127 128 129 130 131 132 133 134 135 136 137 138 139 140 141 142 143 144 145 146 147 148 149 150 151 152 153 154 155 156 202 157 158
p2:6 A 0 1 2 3 4 5 6 7 8 9 10 11 12 14 15 16 17 18 19 20 21 22 23 25 26 27 28 29 30 31 32 33 34 35 36 37 38 39 40 41 42 43 44 45 46 47 48 49 50 51 52 53 54 55 56 57 58 59 60 61 62 63 64 65 66 67 68 69 70 71 72 73 204 74 75 76 77 78 79 80 81 82 83 84 85 86 87 88 205 89 90 91 92 93 94 95 96 97 98 99 206 100 101 102 103 104 105 106 107 108 109 110 111 112 113 114 115 116 117 118 119 120 121 122 123 124 125 126 127 128 129 130 131 132 133 134 135 136 137 138 139 140 141 142 143 144 145 146 147 148 149 150 151 152 153 154 155 156 157 158
p2:7 A 0 4 5 6 8 9 11 12 14 16 159 17 18 19 20 21 160 23 25 26 27 28 29 161 30 162 31 32 34 163 164 165 39 166 167 40 168 169 170 43 44 171 46 48 49 50 172 52 173 53 174 175 176 177 178 179 57 58 62 180 181 64 65 66 68 69 70 71 72 182 74 183 184 75 185 77 78 186 79 187 188 80 189 81 82 190 83 85 86 87 88 191 91 92 94 96 97 98 99 193 100 102 103 104 194 106 195 107 108 196 110 111 112 113 114 115 116 117 118 119 120 121 122 123 125 126 128 129 130 131 132 133 134 135 136 197 137 138 198 139 140 199 141 142 200 143 144 145 146 148 149 201 150 151 152 153 155 156 157 158
p2:8 A 0 1 2 3 4 5 6 7 8 9 10 11 12 14 15 16 17 18 19 20 21 22 23 25 26 27 28 29 30 31 32 33 34 35 36 37 38 39 40 41 42 43 44 45 46 47 48 49 50 51 52 53 54 55 56 57 58 59 60 61 62 63 64 65 66 67 68 69 70 71 72 73 204 74 75 76 77 78 79 80 81 82 83 84 85 86 87 88 205 89 90 91 92 93 94 95 96 97 98 99 206 100 101 102 103 104 105 106 107 108 109 110 111 112 113 114 115 116 117 118 119 120 121 122 123 124 125 126 127 128 129 130 131 132 133 134 135 136 137 138 139 140 141 142 143 144 145 146 147 148 149 150 151 152 153 154 155 156 157 158
p2:9 A 0 1 2 3 4 5 6 7 8 9 10 11 12 14 15 16 17 18 19 20 21 22 23 25 26 27 28 29 30 31 32 33 34 35 36 37 38 39 40 41 42 43 44 45 46 47 48 49 50 51 52 53 54 55 56 57 58 59 60 61 62 63 64 65 66 67 68 69 70 71 72 73 74 75 76 77 78 79 80 81 82 83 84 85 86 87 88 89 90 91 92 93 94 95 96 97 98 99 100 101 102 103 104 105 106 107 108 109 110 111 112 113 114 115 116 117 118 119 120 121 122 123 124 125 126 127 128 129 130 131 132 133 134 135 136 137 138 139 140 141 142 143 144 145 146 147 148 149 150 151 152 153 154 155 156 157 158
p2:10 A 0 1 2 3 4 5 6 7 8 9 10 11 12 14 15 16 17 18 19 20 21 22 23 25 26 27 28 29 30 31 32 33 34 35 36 37 38 39 40 41 42 43 44 45 46 47 48 49 50 51 52 53 54 55 56 57 58 59 60 61 62 63 64 65 66 67 68 69 70 71 72 73 74 75 76 77 78 79 80 81 82 83 84 85 86 87 88 89 90 91 92 93 94 95 96 97 98 99 100 101 102 103 104 105 106 107 108 109 110 111 112 113 114 115 116 117 118 119 120 121 122 123 124 125 126 127 128 129 130 131 132 133 134 135 136 137 138 139 140 141 142 143 144 145 146 147 148 149 150 151 152 153 154 155 156 157 158
p2:11 A 0 1 2 3 4 5 6 7 8 9 10 11 12 13 14 15 16 17 18 19 20 21 22 23 25 26 27 28 29 30 31 32 33 34 35 36 37 38 39 40 41 42 43 44 45 46 47 48 49 50 51 52 53 54 55 56 57 58 59 60 61 62 63 64 65 66 67 68 69 70 71 72 73 74 75 76 77 78 79 80 81 82 83 84 85 86 87 88 89 90 91 92 93 94 95 96 97 98 99 100 101 102 103 104 105 106 107 108 109 110 111 112 113 114 115 116 117 118 119 120 121 122 123 124 125 126 127 128 129 130 131 132 133 134 135 136 137 138 139 140 141 142 143 144 145 146 147 148 149 150 151 152 153 154 155 156 157 158
p2:12 A 0 1 2 3 4 5 6 7 8 9 10 11 12 14 15 16 17 18 19 20 21 22 23 25 26 27 28 29 30 31 32 33 34 35 36 37 38 39 40 41 42 43 44 45 46 47 48 49 50 51 52 53 54 55 56 57 58 59 60 61 62 63 64 65 66 67 68 69 70 71 72 73 74 75 76 77 78 79 80 81 82 83 84 85 86 87 88 89 90 91 92 93 94 95 96 97 98 99 100 101 102 103 104 105 106 107 108 109 110 111 112 113 114 115 116 117 118 119 120 121 122 123 124 125 126 127 128 129 130 131 132 133 134 135 136 137 138 139 140 141 142 143 144 145 146 147 148 149 150 151 152 153 154 155 156 202 157 158
p2:13 A 0 4 5 6 8 9 11 12 14 16 159 17 18 19 20 21 160 23 25 26 27 28 29 161 30 162 31 32 34 163 164 165 39 166 167 40 168 169 170 43 44 171 46 48 49 50 172 52 173 53 174 175 176 177 178 179 57 58 62 180 181 64 65 66 68 69 70 71 72 182 74 183 184 75 185 77 78 186 79 187 188 80 189 81 82 190 83 85 86 87 88 191 91 92 192 94 96 97 98 99 193 100 102 103 104 194 106 195 107 108 196 110 111 112 113 114 115 116 117 118 119 120 121 122 123 125 126 128 129 130 131 132 133 134 135 136 197 137 138 198 139 140 199 141 142 200 143 144 145 146 148 149 201 150 151 152 153 155 156 157 158
p2:14 A 0 4 5 6 8 9 11 12 14 16 159 17 18 19 20 21 160 23 25 26 27 28 29 161 30 162 31 32 34 163 164 165 39 166 167 40 168 169 170 43 44 171 46 48 49 50 172 52 173 53 174 175 176 177 178 179 57 58 62 180 181 64 65 66 68 69 70 71 72 182 74 183 184 75 185 77 78 186 79 187 188 80 189 81 82 190 83 85 86 87 88 191 91 92 94 96 97 98 99 193 100 102 103 104 194 106 195 107 108 196 110 111 112 113 114 115 116 117 118 119 120 121 122 123 125 126 128 129 130 131 132 133 134 135 136 197 137 138 198 139 140 199 141 142 200 143 144 145 146 148 149 201 150 151 152 153 155 156 157 158
p2:15 A 0 1 2 3 4 5 6 7 8 9 10 11 12 14 15 16 17 18 19 20 21 22 23 25 26 27 28 29 30 31 32 33 34 35 36 37 38 39 40 41 42 43 44 45 46 47 48 49 50 51 52 53 54 55 56 57 58 59 60 61 62 63 64 65 66 67 68 69 70 71 72 73 74 75 76 77 78 79 80 81 82 83 84 85 86 87 88 89 90 91 92 93 94 95 96 97 98 99 100 101 102 103 104 105 106 107 108 109 110 111 112 113 114 115 116 117 118 119 120 121 122 123 124 125 126 127 128 129 130 131 132 133 134 135 136 137 138 139 140 141 142 143 144 145 146 147 148 149 150 151 152 153 154 155 156 202 157 158
p2:16 A 0 4 5 6 8 9 11 12 14 16 159 17 18 19 20 21 160 23 25 26 27 28 29 161 30 162 31 32 34 163 164 165 39 166 167 40 168 169 170 43 44 171 46 48 49 50 172 52 173 53 174 175 176 177 178 179 57 58 62 180 181 64 65 66 68 69 70 71 72 182 74 183 184 75 185 77 78 207 186 79 187 188 80 189 81 82 190 83 85 86 87 88 191 91 92 94 96 97 98 99 193 100 102 103 104 194 106 195 107 108 196 110 111 112 113 114 115 116 117 118 119 120 121 122 123 125 126 128 129 130 131 132 133 134 135 136 197 137 138 198 139 140 199 141 142 200 143 144 145 146 148 149 201 150 151 152 153 155 156 157 158
p2:17 A 0 1 2 3 4 5 6 7 8 9 10 11 12 14 15 16 17 18 19 20 21 22 23 25 26 27 28 29 30 31 32 33 34 35 36 37 38 39 40 41 42 43 44 45 46 47 48 49 50 51 52 53 54 55 56 57 58 59 60 61 62 63 64 65 66 67 68 69 70 71 72 73 74 75 76 77 78 79 80 81 82 83 84 85 86 87 88 89 90 91 92 93 94 95 96 97 98 99 100 101 102 103 104 105 106 107 108 109 110 111 112 113 114 115 116 117 118 119 120 121 122 123 124 125 126 127 128 129 130 131 132 133 134 135 136 137 138 139 140 141 142 143 144 145 146 147 148 149 150 151 152 153 154 155 156 202 157 158
p2:18 A 0 4 5 6 8 9 11 12 14 16 159 17 18 19 20 21 160 23 25 26 27 28 29 161 30 162 31 32 34 163 164 165 39 166 167 40 168 169 170 43 44 171 46 48 49 50 172 52 173 53 174 175 176 177 178 179 57 58 62 180 181 64 65 66 68 69 70 71 72 182 74 183 184 75 185 77 78 186 79 187 188 80 189 81 82 190 83 85 86 87 88 191 91 92 192 94 96 97 98 99 193 100 102 103 104 194 106 195 107 108 196 110 111 112 113 114 115 116 117 118 119 120 121 122 123 125 126 128 129 130 131 132 133 134 135 136 197 137 138 198 139 140 199 141 142 200 143 144 145 146 148 149 201 150 151 152 153 155 156 157 158
p2:19 A 0 1 2 3 4 5 6 7 8 9 10 11 12 14 15 16 17 18 19 20 21 22 23 25 26 27 28 29 30 31 32 33 34 35 36 37 38 39 40 41 42 43 44 45 46 47 48 49 50 51 52 53 54 55 56 57 58 59 60 61 62 63 64 65 66 67 68 69 70 71 72 73 204 74 75 76 208 77 78 209 79 80 81 82 83 84 85 86 87 88 205 89 90 91 92 93 94 95 96 97 98 99 206 100 101 102 103 104 105 106 107 108 109 110 111 112 113 114 115 116 117 118 119 120 121 122 123 124 125 126 127 128 129 130 131 132 133 134 135 136 137 138 139 140 141 142 143 144 145 146 147 148 149 150 151 152 153 154 155 156 157 158
p2:20 A 0 4 5 6 8 9 11 12 14 16 159 17 18 19 20 21 160 23 25 26 27 28 29 161 30 162 31 32 34 163 164 165 39 166 167 40 168 169 170 43 44 171 46 48 49 50 172 52 173 53 174 175 176 177 178 179 57 58 62 180 181 64 65 66 68 69 70 71 72 182 74 183 184 75 185 77 78 186 79 187 188 80 189 81 82 190 83 85 86 87 88 191 91 92 94 96 97 98 99 193 100 102 103 104 194 106 195 107 108 196 110 111 112 113 114 115 116 117 118 119 120 121 122 123 125 126 128 129 130 131 132 133 134 135 136 197 137 138 198 139 140 199 141 142 200 143 144 145 146 148 149 201 150 151 152 153 155 156 157 158
p2:21 A 0 1 2 3 4 5 6 7 8 9 10 11 12 13 14 15 16 17 18 19 20 21 22 23 25 26 27 28 29 30 31 32 33 34 35 36 37 38 39 40 41 42 43 44 45 46 47 48 49 50 51 52 53 54 55 56 57 58 59 60 61 62 63 64 65 66 67 68 69 70 71 72 73 74 75 76 77 78 79 80 81 82 83 84 85 86 87 88 89 90 91 92 93 94 95 96 97 98 99 100 101 102 103 104 105 106 107 108 109 110 111 112 113 114 115 116 117 118 119 120 121 122 123 124 125 126 127 128 129 130 131 132 133 134 135 136 137 138 139 140 141 142 143 144 145 146 147 148 149 150 151 152 153 154 155 156 157 158
p2:22 A 0 4 5 6 8 9 11 12 14 16 159 17 18 19 20 21 160 23 25 26 27 28 29 161 30 162 31 32 34 163 164 165 39 166 167 40 168 169 170 43 44 171 46 48 49 50 172 52 173 53 174 175 176 177 178 179 57 58 62 180 181 64 65 66 68 69 70 71 72 182 74 183 184 75 185 77 78 186 79 187 188 80 189 81 82 190 83 85 86 87 88 191 91 92 192 94 96 97 98 99 193 100 102 103 104 194 106 195 107 108 196 110 111 112 113 114 115 116 117 118 119 120 121 122 123 125 126 128 129 130 131 132 133 134 135 136 197 137 138 198 139 140 199 141 142 200 143 144 145 146 148 149 201 150 151 152 153 155 156 157 158
p2:23 A 0 1 2 3 4 5 6 7 8 9 10 11 12 14 15 16 17 18 19 20 21 22 23 25 26 27 28 29 30 31 32 33 34 35 36 37 38 39 40 41 42 43 44 45 46 47 48 49 50 51 52 53 54 55 56 57 58 59 60 61 62 63 64 65 66 67 68 69 70 71 72 73 74 75 76 77 78 79 80 81 82 83 84 85 86 87 88 89 90 91 92 93 94 95 96 97 210 98 99 100 101 102 103 104 105 106 107 108 109 110 111 112 113 114 115 116 117 118 119 120 121 122 123 124 125 126 127 128 129 130 131 132 133 134 135 136 137 138 139 140 141 142 143 144 145 146 147 148 149 150 151 152 153 154 155 156 202 157 158
p2:24 A 0 1 2 3 4 5 6 7 8 9 10 11 12 14 15 16 17 18 19 20 21 22 23 25 26 27 28 29 30 31 32 33 34 35 36 37 38 39 40 41 42 43 44 45 46 47 48 49 50 51 52 53 54 55 56 57 58 59 60 61 62 63 64 65 66 67 68 69 70 71 72 73 74 75 76 77 78 79 80 81 82 83 84 85 86 87 88 89 90 91 92 93 94 95 96 97 98 99 100 101 102 103 104 105 106 107 108 109 110 111 112 113 114 115 116 117 118 119 120 121 122 123 124 125 126 127 128 129 130 131 132 133 134 135 136 137 138 139 140 141 142 143 144 145 146 147 148 149 150 151 152 153 154 155 156 202 157 158
