//
segsites: 157
positions: 0.0030500305 0.0195401954 0.0199201992 0.0270002700 0.0289402894 0.0307203072 0.0439504395 0.0442204422 0.0509305093 0.0533805338 0.0632706327 0.0714607146 0.0729207292 0.0795507955 0.0992009920 0.1086010860 0.1095410954 0.1115711157 0.1152111521 0.1173011730 0.1175211752 0.1294412944 0.1301813018 0.1306713067 0.1371613716 0.1462914629 0.1464714647 0.1466214662 0.1499214992 0.1541915419 0.1584915849 0.1607316073 0.1644416444 0.1790617906 0.1831118311 0.1841318413 0.1912719127 0.1937519375 0.2003820038 0.2040620406 0.2114921149 0.2177721777 0.2336123361 0.2362123621 0.2397123971 0.2397623976 0.2544825448 0.2555225552 0.2674126741 0.2718727187 0.2816728167 0.2889028890 0.2895328953 0.2974929749 0.3056930569 0.3141731417 0.3246132461 0.3253632536 0.3282532825 0.3352733527 0.3430134301 0.3491034910 0.3535935359 0.3588235882 0.3646136461 0.3652836528 0.3659436594 0.3740137401 0.3921339213 0.3954139541 0.3982739827 0.3988539885 0.4103141031 0.4144141441 0.4192241922 0.4216642166 0.4279542795 0.4434444344 0.4446444464 0.4502645026 0.4580545805 0.4591945919 0.4656946569 0.4892548925 0.4981349813 0.5103251033 0.5103651037 0.5175751758 0.5231252313 0.5264152642 0.5342253423 0.5377353774 0.5659156592 0.5677956780 0.5730657307 0.5962259623 0.6015860159 0.6110961110 0.6124561246 0.6142161422 0.6168061681 0.6182061821 0.6191161912 0.6249562496 0.6274162742 0.6308063081 0.6310563106 0.6370663707 0.6376163762 0.6392863929 0.6552965530 0.6558365584 0.6564765648 0.6666466665 0.6844768448 0.6860168602 0.6873668737 0.6925569256 0.7075070751 0.7279272793 0.7311173112 0.7446374464 0.7850978510 0.7852478525 0.7859178592 0.8001580016 0.8006480065 0.8031680317 0.8073580736 0.8107681077 0.8162081621 0.8168981690 0.8310583106 0.8383683837 0.8408084081 0.8442384424 0.8455984560 0.8491484915 0.8623186232 0.8722787228 0.8854388544 0.8883688837 0.8955489555 0.9067290673 0.9081190812 0.9286592866 0.9309293093 0.9326293263 0.9352693527 0.9550995510 0.9724497245 0.9754097541 0.9758897589 0.9780997810 0.9877198772 0.9949799498 0.9974799748
0000010100100010110010000001010101001010000101000100100001011000010000010011000100101000001101100000000000101010001000010000001101000000100011001000000000001
0001000110000100100010000001100010001000000101100100110000010000010001100001100101100000010001000000000100000010000000000100010100001001100010001010000000000
1000000110000100100110000001000010001001000101000101110000010000010000000001100100100000000001000100000000000011000000000000000100001000110010001010000000000
0000000110000100100010010001000010001000000101000101110000010001010000000001100100101001100101000000001000000110000000000001001101000000100010101001001101000
0000000110000100100010010001000010001000000101000101110000010001010000000001100100101001100101000000001000000110000000000001001101000000100010101001001101000
1000000110000100100110000001000010001001000101000101110000010000010000000001100100100000000001000100000000000011000000000000000100001000110010001010000000000
0000000110000100100010010001000010001000000101000101110000010001010000000001100100101001100101000000001000000110000000000001001101000000100010101001001101000
0000000110000100100010000011100010001000000101010100110000010010110000000001100101100000010001010000000101000010000000000000000100001010100010001010000010000
0000010100100010110010000001010101001010000101000100100001011000010000010011000100101000001101100000000000101010001000010000001101000000100010001000000000001
1000000110000100100110000001000010001001000101000101110000010000010000000001100100100000000001000100000000000011000000000000000100001000110010001010000000000
0000010100100010110010000001010101001010000101000100100001011000010000010011000100101000001101100000000000101010001000010000001101000000100010001000000000001
1000000110000100100110000001000010001001000101000101110000010000010000000001100100100000000001000100000000000011000000000000000100001000110010001010000000000
0000010100100010110010000001010101001010000101000100100001011000010000010011000100101000001101100000000000101010001000010010001101000000100010001000000000001
0000000100100010110010000001000000001010001101000100100001011000010000010011000100101000000101000000100000001010001000000000001101010000100010001000000000001
0000010100100010110010001001010101001010000101000100100001011000010000010011000100101000001101100000000000101010001000010000001101000000100010001000000000001
0000010100100010110010000001010101001010000101000100100011011000010000010011000100101000001101100000000000101010001000010010001101000000100110001000000000001
0000100110000100100010000001000010011000000101000101110000010000010000000001100100100000000001000100000000000011000000000000000100001000100010001010000000000
0000000100100010110010000001000000001010001101000100100001011100010000010011000100101000000101000000100000001010001000000000001101010000100010001000000000001
0000100110000100100010000001000010011000000101000101110000010000010000000001100100100000000001000100000000000011000000000000000100001000100010001010000000000
0000000111000100100010010001000010001000000101000101110000010001010000000001100100101001100101000000011000000110000000000001001101000000100010101001001101000
0010000000000001001000100100000000100000010000000010000100000000000000001100010010010100000010000001000010010000100101001000100010000100000000010000000000010
0010000000000001001000100100000000100000000000000010000100000000000000001100010010010100000010000001000000010000100101001000100010000000000000010000000000010
0010000000000001001000100100000000100000010010000010000100000000000000001100010010010100000010000001000000010000100101001000100010000100000000010000000000010
0010000000000001001000100100000000100000010000000010000100000000000000001100010010010100000010000001000010010000100101001000100010000100000000010000000000010
0010000000000001001000100100000000100000000000000010000100000000000000001100010010010100000010000001000000010000100101001000100010000000000000010000000000010
0010000000000001001000100100000000100000000000000010000100000000000000001100010010010100000010000001000000010000100101001000100010000000000000010000000000010
0010000000000001001000100100000000100000000000000010000100000000000000001100010010010100000010000001000000010000100101001000100010000000000000010000000000010
0010000000000001001000100100000000100000000000000010000100000000000000001100010010010100000010000001000000010000100101001000100010000000000000010000000000010
0010000000000001001000100100000000100000000000000010000100000000000000001100010010010100000010000001000000010000100101001000100010000000000000010000000000010
0010000000000001001000100100000000100000010000000010000100000000000000001100010010010100000010000001000010010000100101001000100010000100000000010000000000010
0010000000000001001000100100000000100000000000000010000100000000000000001100010010010100000010000001000000010000100101001000100010000000000000010000000000010
0010000000000001001000100100000000100000010000000010000100000000000000001100010010010100000010000001000010010000100101001000100010000100000000010000000000010
0010000000000001001000100100000000100000000000000010000100000000000000001100010010010100000010000001000000010000100101001000100010000000000000010000000000010
0010000000000001001000100100000000100000000000000010000100000000000000001100010010010100000010000001000000010000100101001000100010000000000000010000000000010
0010000000000001001000100100000000100000000000000010000100000000000000001100010010010100000010000001000000010000100101001000100010000000000000010000000000010
0010000000000001001000100100000000100000010000000010000100000000000000001100010010010100000010000001000010010000100101001000100010000100000000010000000000010
0010000000000001001000100100000000100000010000000010000100000000000000001100010010010100000010000001000010010000100101001000100010000100000000010000000000010
0010000000000001001000100100000000100000000000000010000100000000000000001100010010010100000010000001000000010000100101001000100010000000000000010000000000010
0010000000000001001000100100000000100000010000000010000100000000000000001100010010010100000010000001000010010000100101001000100010000100000000010000000000010
0010000000000001001000100100000000100000010000000010000100000000000000001100010010010100000010000001000010010000100101001000100010000100000000010000000000010
0000011100100010110011000001000001001010000101000100100001011000010100010011001100101000000101000000000000001010001000000000001101000000100010001000000000001
0000000100100010110010000001000000001110000101000100100001010000010000010011000100101000000101000010000000001010011010100000001101100000100010001000000000101
0000000100100010110010000001000000001010000101000100100001011000010000010011000100101000000101000000000000001010001000000000001101010000100010001000100000001
0000000110001100100010000001001010001000000101000100110000110000010000000001100100100000000001000000000000000010000000000000000100001000100010001110010000000
0000000110001100100010000001001010001000000101000100110000110000010000000001100100100000000001000000000000000010000000000000000100001000100010001110010000000
0000010100100010110010000001010101001010000101000100101001011000010000010011000100101000001101100000000000101010001000010000001101000000100010001000000000001
0000010100100010110010000001010101001010000101000100101001011000010000010011000100101000001101100000000000101010001000010000001101000000100010001000000000001
0000000110000100100010000001001010001000000101000100110000110000010010000001100100100000000001001000000000000010000000000000000100001000100010001110010000000
0000010100100010110010000001010101001010000101001100101001011000010000010011000100101000001101100000000000101010001000010000001101000000100010001000000000001
0000011100100010110011000001000001001010000101000100100001011000010100010011001100101000000101000000000000001010001000000000001101000000100010001000000000001
0000000100110010110010000001000000001010000101000100100001010000011000010011000100101000000101000010000000001010001000000000001101100000100010001000000000101
0100000100100010110010000001000000001010000101000100100001010000010000010011000100101000000101000010000000001010011010000000001101100000101010001000000000101
0000000100100010110010000001000000001010100101000100100001011000010000010011000100101000000101000000000000001010001000000000001101010000100010001000000000001
0000000100110010110010000001000000001010000101000100100001010000011000010011000100101000000101000010000000001010001000000000001101100000100010001000000000101
0000000110000100100010000001001010001000000101000100110000110000010010000001100100100000000001001000000000000010000000000000000100001000100010001110010000000
0000011100100010110011000001000001001010000101000100100001011000010100010011001100101000000101000000000000001010001000000000001101000000100010001000000000001
0000000100100010110010000001000000001010100101000100100001011000010000010011000100101000000101000000000000001010001000000000001101010000100010001000000000001
0000000100110010110010000001000000001010000101000100100001010000011000010011000100101000000101000010000000001010001000000000001101100000100010001000000000101
0000000100110010110010000001000000001010000101000100100001010000011000010011000100101000000101000010000000001010001000000000001101100000100010001000000000101
0000000110000100100010000001001010001000000101000100110000110000010000000001100100100010000001001000000000000010000000000000000100001000100010001110010000000
