#OUT: 1500 SS p69 20 ./Data/gruntsSample.txt
Mutations:
4 59551 m60 41246 0.00395264942 0.5 p65 702 20
15 63492 m2 188011 0 0.5 p65 721 20
21 65878 m1 289987 0 0.5 p69 732 20
31 68008 m2 446474 0 0.5 p69 742 20
38 78921 m1 609247 0 0.5 p69 789 20
42 84948 m1 700539 0 0.5 p69 813 20
35 85222 m1 492046 0 0.5 p69 814 20
30 89289 m1 442782 0 0.5 p69 830 20
18 91666 m1 242276 0 0.5 p69 839 20
19 94501 m1 286348 0 0.5 p69 850 20
27 102844 m1 413034 0 0.5 p69 882 20
1 110077 m1 22174 0 0.5 p69 910 20
39 112599 m1 617460 0 0.5 p69 920 20
36 115117 m1 493528 0 0.5 p69 930 20
44 116623 m1 775071 0 0.5 p69 936 20
33 121462 m2 468380 0 0.5 p69 955 20
6 121699 m60 71791 0.0156122753 0.5 p69 956 20
51 123711 m1 116630 0 0.5 p69 964 12
14 127058 m1 178275 0 0.5 p69 977 20
13 128115 m1 169191 0 0.5 p69 981 20
23 128845 m2 317806 0 0.5 p69 984 20
20 133457 m1 286509 0 0.5 p69 1002 20
7 136039 m60 81605 0.00116792973 0.5 p69 1012 20
45 144628 m1 804780 0 0.5 p69 1045 20
34 150810 m1 486966 0 0.5 p69 1069 20
25 157923 m1 375795 0 0.5 p69 1097 20
9 159898 m1 100701 0 0.5 p69 1105 20
26 165884 m2 382319 0 0.5 p69 1128 20
5 170502 m2 69064 0 0.5 p69 1146 8
48 175096 m1 840201 0 0.5 p69 1164 20
2 180121 m1 23198 0 0.5 p69 1183 8
50 190983 m1 94292 0 0.5 p69 1225 12
16 191228 m2 193909 0 0.5 p69 1226 8
55 193854 m2 525131 0 0.5 p69 1236 11
8 194384 m61 88994 -0.00228870218 0.5 p69 1238 8
59 194913 m2 734587 0 0.5 p69 1240 15
62 196953 m1 803946 0 0.5 p69 1248 15
41 198769 m1 698634 0 0.5 p69 1255 5
53 203162 m1 349757 0 0.5 p69 1272 11
11 203166 m1 157174 0 0.5 p69 1272 8
29 203646 m1 428856 0 0.5 p69 1274 9
43 206393 m1 745829 0 0.5 p69 1285 5
12 207212 m1 157342 0 0.5 p69 1288 8
61 209332 m1 791655 0 0.5 p69 1296 15
69 215277 m1 282838 0 0.5 p69 1319 1
24 216023 m1 355596 0 0.5 p69 1322 8
47 217075 m1 824680 0 0.5 p69 1326 4
58 217839 m1 639893 0 0.5 p69 1329 11
49 218591 m1 4651 0 0.5 p69 1332 12
71 219379 m1 362700 0 0.5 p69 1335 1
78 220975 m1 486979 0 0.5 p69 1341 1
81 222558 m1 763257 0 0.5 p69 1347 1
74 222559 m1 442109 0 0.5 p69 1347 1
76 224397 m2 456426 0 0.5 p69 1354 1
75 224658 m2 449355 0 0.5 p69 1355 1
46 225679 m1 814977 0 0.5 p69 1359 4
52 225680 m2 204728 0 0.5 p69 1359 11
80 228012 m2 722971 0 0.5 p69 1368 1
82 229849 m1 795153 0 0.5 p69 1375 1
88 232202 m1 354651 0 0.5 p69 1384 4
95 233012 m2 661557 0 0.5 p69 1387 4
72 233504 m3 369005 -0.00293485797 0.100000001 p69 1389 1
92 234267 m2 580154 0 0.5 p69 1392 4
108 234494 m1 764960 0 0.5 p69 1393 4
56 235250 m1 609872 0 0.5 p69 1396 7
63 237578 m1 847627 0 0.5 p69 1405 9
91 237838 m1 559356 0 0.5 p69 1406 4
37 238141 m1 567564 0 0.5 p69 1407 8
83 240988 m1 814572 0 0.5 p69 1418 1
106 241506 m1 680614 0 0.5 p69 1420 4
94 241510 m1 617659 0 0.5 p69 1420 4
10 243544 m1 113156 0 0.5 p69 1428 3
73 243773 m80 390842 0.0124257049 0.5 p69 1429 1
17 244617 m1 218379 0 0.5 p69 1432 4
65 245677 m1 158980 0 0.5 p69 1436 2
89 245692 m2 452092 0 0.5 p69 1436 4
86 245695 m1 173312 0 0.5 p69 1436 4
68 246202 m1 279160 0 0.5 p69 1438 1
66 246713 m1 167544 0 0.5 p69 1440 2
104 247770 m1 278729 0 0.5 p69 1444 4
40 247780 m1 625941 0 0.5 p69 1444 4
32 248034 m2 467983 0 0.5 p69 1445 4
67 248285 m1 168133 0 0.5 p69 1446 1
57 248559 m1 613742 0 0.5 p69 1447 7
77 248560 m2 456646 0 0.5 p69 1447 1
93 249073 m1 609036 0 0.5 p69 1449 4
87 250347 m2 202736 0 0.5 p69 1454 4
64 250350 m1 119446 0 0.5 p69 1454 4
0 251375 m1 9761 0 0.5 p69 1458 2
70 251861 m2 343376 0 0.5 p69 1460 1
90 252142 m2 517237 0 0.5 p69 1461 4
107 252642 m1 742960 0 0.5 p69 1463 4
22 253868 m1 304931 0 0.5 p69 1468 3
54 254671 m2 469491 0 0.5 p69 1471 4
120 255185 m1 626070 0 0.5 p69 1473 1
96 255192 m2 667231 0 0.5 p69 1473 2
115 255443 m1 697045 0 0.5 p69 1474 2
122 255452 m2 729356 0 0.5 p69 1474 1
117 255707 m1 758607 0 0.5 p69 1475 1
3 255985 m1 27922 0 0.5 p69 1476 2
79 256227 m2 538541 0 0.5 p69 1477 1
100 257007 m3 552864 -0.00217478955 0.100000001 p69 1480 1
98 257477 m1 281215 0 0.5 p69 1482 1
113 257960 m1 14047 0 0.5 p69 1484 2
85 258957 m1 370975 0 0.5 p69 1488 1
105 259458 m2 527911 0 0.5 p69 1490 1
116 259482 m2 733476 0 0.5 p69 1490 1
121 259710 m1 686299 0 0.5 p69 1491 1
112 259728 m1 756483 0 0.5 p69 1491 1
60 260258 m1 786833 0 0.5 p69 1493 1
119 260259 m3 225558 -0.0124569228 0.100000001 p69 1493 1
123 260260 m1 688175 0 0.5 p69 1493 1
84 260518 m2 274425 0 0.5 p69 1494 1
118 260527 m2 45356 0 0.5 p69 1494 1
111 260762 m81 672941 -0.0189176369 0.5 p69 1495 1
102 261029 m1 844658 0 0.5 p69 1496 1
97 261034 m1 824139 0 0.5 p69 1496 1
109 261283 m1 809508 0 0.5 p69 1497 1
101 261522 m1 773523 0 0.5 p69 1498 1
103 261528 m81 590798 -0.0176319946 0.5 p69 1498 1
110 261540 m1 122961 0 0.5 p69 1498 1
99 261544 m2 394432 0 0.5 p69 1498 1
28 262075 m1 415126 0 0.5 p69 1500 1
114 262083 m81 454054 -0.0124258948 0.5 p69 1500 1
Genomes:
p69:0 A 0 1 2 3 4 5 6 7 8 9 10 11 12 13 14 15 16 17 18 19 20 21 22 23 24 25 26 27 28 29 30 31 32 33 34 35 36 37 38 39 40 41 42 43 44 45 46 47 48
p69:1 A 49 1 4 6 7 50 9 51 13 14 15 52 18 19 20 21 23 53 25 26 27 30 31 33 54 34 35 36 55 38 56 57 39 58 42 59 44 60 61 62 45 48 63
p69:2 A 49 1 4 6 7 50 9 51 64 65 66 67 13 14 15 18 68 69 19 20 21 23 70 71 72 25 26 73 27 29 74 30 31 75 76 77 33 34 78 35 36 79 38 39 41 42 80 43 81 44 82 45 83 48
p69:3 A 1 2 4 5 6 7 8 9 11 12 13 14 15 16 17 18 84 19 20 21 22 23 24 25 26 27 29 30 31 32 33 34 35 36 37 38 39 40 41 42 43 44 45 46 47 48
p69:4 A 49 1 4 6 7 50 9 51 13 14 15 52 18 19 20 21 23 53 85 25 26 27 30 31 33 34 35 36 55 38 56 57 39 58 42 59 44 61 62 45 48 63
p69:5 A 49 1 4 6 7 50 9 51 64 13 86 14 15 87 52 18 19 20 21 23 53 88 25 26 27 30 31 89 33 34 35 36 90 55 91 92 93 38 39 94 58 95 96 42 59 44 61 62 45 97 48
p69:6 A 49 1 4 6 7 50 9 51 13 14 15 52 18 98 19 20 21 23 53 25 26 99 27 30 31 33 34 35 36 55 100 38 56 57 39 58 42 59 44 61 62 45 48 63
p69:7 A 49 1 4 6 7 50 9 51 64 65 66 13 14 15 52 18 19 20 21 23 53 25 26 27 30 31 33 34 35 36 55 38 56 57 39 58 42 59 101 44 61 62 45 48 102 63
p69:8 A 1 2 4 5 6 7 8 9 10 11 12 13 14 15 16 17 18 19 20 21 23 24 25 26 27 29 30 31 32 33 34 35 36 37 103 38 39 40 41 42 43 44 45 46 47 48
p69:9 A 49 1 4 6 7 50 9 51 13 14 15 52 18 19 20 21 23 53 25 26 27 30 31 33 54 34 35 36 55 38 56 57 39 58 42 59 44 61 62 45 48 63
p69:10 A 1 2 4 5 6 7 8 9 11 12 13 14 15 16 18 104 19 20 21 23 24 25 26 27 29 30 31 33 34 35 36 105 37 38 39 106 42 59 107 108 44 61 62 45 109 48
p69:11 A 49 1 4 6 7 50 9 51 110 13 14 15 52 18 19 20 21 23 53 25 26 27 30 31 33 54 34 35 36 55 38 56 57 39 58 111 42 59 112 44 61 62 45 48 63
p69:12 A 49 1 4 6 7 50 9 51 64 13 86 14 15 87 52 18 19 20 21 23 53 88 25 26 27 30 31 89 33 34 35 36 90 55 91 92 93 38 39 94 58 95 96 42 59 44 61 62 45 48
p69:13 A 113 1 2 4 5 6 7 8 9 11 12 13 14 15 16 18 104 19 20 21 23 24 25 26 27 29 30 31 114 33 34 35 36 37 38 39 106 115 42 59 107 108 44 61 62 45 48
p69:14 A 0 1 2 3 4 5 6 7 8 9 10 11 12 13 14 15 16 17 18 19 20 21 22 23 24 25 26 27 29 30 31 32 33 34 35 36 37 38 39 40 41 42 43 44 45 46 47 48
p69:15 A 1 2 4 5 6 7 8 9 11 12 13 14 15 16 18 104 19 20 21 23 24 25 26 27 29 30 31 33 34 35 36 37 38 39 106 42 116 59 107 117 108 44 61 62 45 48
p69:16 A 49 1 4 118 6 7 50 9 51 13 86 14 15 87 52 119 18 19 20 21 23 53 88 25 26 27 30 31 89 33 34 35 36 90 55 91 92 93 38 39 94 120 58 95 121 42 122 59 44 61 62 45 48 63
p69:17 A 49 1 4 6 7 50 9 51 13 86 14 15 87 52 18 19 20 21 23 53 88 25 26 27 30 31 89 33 34 35 36 90 55 91 92 93 38 39 94 58 95 123 42 59 44 61 62 45 48 63
p69:18 A 49 1 4 6 7 50 9 51 13 14 15 52 18 19 20 21 23 53 25 26 27 30 31 33 54 34 35 36 55 38 56 57 39 58 42 59 44 61 62 45 48 63
p69:19 A 113 1 2 4 5 6 7 8 9 11 12 13 14 15 16 18 104 19 20 21 23 24 25 26 27 29 30 31 33 34 35 36 37 38 39 106 115 42 59 107 108 44 61 62 45 48
