#OUT: 1500 SS p68 20 ./Data/jackalsSample.txt
Mutations:
144 59551 m60 41246 0.00395264942 0.5 p65 702 1
51 63096 m2 592870 0 0.5 p65 719 19
152 63492 m2 188011 0 0.5 p65 721 1
72 63617 m100 790253 0.00406699907 0.5 p68 721 19
30 65852 m2 334261 0 0.5 p68 732 19
157 65878 m1 289987 0 0.5 p69 732 1
28 66279 m3 309841 -2.69806688e-09 0.100000001 p68 734 19
46 66504 m80 537857 0.0139333177 0.5 p68 735 19
165 68008 m2 446474 0 0.5 p69 742 1
69 69287 m100 788270 0.00137157412 0.5 p68 748 19
5 70543 m1 35441 0 0.5 p68 754 5
42 72441 m1 487302 0 0.5 p68 763 19
172 78921 m1 609247 0 0.5 p69 789 1
84 79137 m1 3966 0 0.5 p68 790 14
70 80642 m100 788551 0.00183470652 0.5 p68 796 19
76 82139 m1 805904 0 0.5 p68 802 19
48 82946 m1 556988 0 0.5 p68 805 19
177 84948 m1 700539 0 0.5 p69 813 1
169 85222 m1 492046 0 0.5 p69 814 1
57 85453 m2 662900 0 0.5 p68 815 19
20 86703 m80 204992 0.00907708984 0.5 p68 820 19
87 86943 m1 84685 0 0.5 p68 821 14
164 89289 m1 442782 0 0.5 p69 830 1
4 90060 m1 27271 0 0.5 p68 833 5
154 91666 m1 242276 0 0.5 p69 839 1
155 94501 m1 286348 0 0.5 p69 850 1
67 95539 m101 782541 -0.0117726112 0.5 p68 854 19
60 97393 m1 699139 0 0.5 p68 861 19
115 97881 m80 534071 0.0221948307 0.5 p68 863 11
41 97883 m2 476092 0 0.5 p68 863 8
102 99952 m81 396589 -0.00323861442 0.5 p68 871 11
38 100761 m81 460192 -0.00213472522 0.5 p68 874 8
24 102040 m2 258392 0 0.5 p68 879 19
163 102844 m1 413034 0 0.5 p69 882 1
35 103053 m1 424927 0 0.5 p68 883 8
110 106430 m2 470486 0 0.5 p68 896 11
81 107236 m1 831310 0 0.5 p68 899 19
128 108002 m100 785771 0.00308235898 0.5 p68 902 8
64 109028 m1 746057 0 0.5 p68 906 19
143 110077 m1 22174 0 0.5 p69 910 1
257 110548 m1 818550 0 0.5 p68 912 1
175 112599 m1 617460 0 0.5 p69 920 1
85 112805 m1 22553 0 0.5 p68 921 14
170 115117 m1 493528 0 0.5 p69 930 1
63 116579 m2 725908 0 0.5 p68 936 19
179 116623 m1 775071 0 0.5 p69 936 1
6 117598 m61 40824 -0.00471497141 0.5 p68 940 5
61 117616 m1 705555 0 0.5 p68 940 19
52 119373 m2 599668 0 0.5 p68 947 8
73 121193 m100 791353 0.0154615035 0.5 p68 954 11
166 121462 m2 468380 0 0.5 p69 955 1
145 121699 m60 71791 0.0156122753 0.5 p69 956 1
141 122945 m1 820920 0 0.5 p68 961 5
149 123711 m1 116630 0 0.5 p69 964 1
2 123930 m2 17724 0 0.5 p68 965 5
44 124210 m1 508640 0 0.5 p68 966 8
151 127058 m1 178275 0 0.5 p69 977 1
150 128115 m1 169191 0 0.5 p69 981 1
158 128845 m2 317806 0 0.5 p69 984 1
71 129069 m101 788723 -0.0105287349 0.5 p68 985 11
65 129814 m90 771059 0.00989397615 0.5 p68 988 11
10 130351 m1 73180 0 0.5 p68 990 5
119 130369 m2 582212 0 0.5 p68 990 11
75 130888 m1 805743 0 0.5 p68 992 19
156 133457 m1 286509 0 0.5 p69 1002 1
74 134440 m1 794540 0 0.5 p68 1006 11
49 135513 m1 568050 0 0.5 p68 1010 8
146 136039 m60 81605 0.00116792973 0.5 p69 1012 1
86 137248 m1 49602 0 0.5 p68 1017 14
78 139358 m1 818164 0 0.5 p68 1025 13
25 141730 m80 268076 0.00619910378 0.5 p68 1034 19
182 144628 m1 804780 0 0.5 p69 1045 1
18 146909 m80 193330 0.0259769298 0.5 p68 1054 19
168 150810 m1 486966 0 0.5 p69 1069 1
92 151792 m1 124641 0 0.5 p68 1073 14
19 153148 m2 194724 0 0.5 p68 1078 19
83 155863 m1 845921 0 0.5 p68 1089 3
161 157923 m1 375795 0 0.5 p69 1097 1
125 158910 m90 771364 0.00923863053 0.5 p68 1101 8
8 159154 m1 56839 0 0.5 p68 1102 5
148 159898 m1 100701 0 0.5 p69 1105 1
26 160630 m1 284703 0 0.5 p68 1108 19
29 161425 m1 311313 0 0.5 p68 1111 19
103 163748 m1 411695 0 0.5 p68 1120 11
34 163769 m2 397769 0 0.5 p68 1120 8
13 165077 m1 144040 0 0.5 p68 1125 5
162 165884 m2 382319 0 0.5 p69 1128 1
114 166135 m2 516248 0 0.5 p68 1129 11
77 170227 m1 806880 0 0.5 p68 1145 19
3 171508 m1 20865 0 0.5 p68 1150 5
16 172045 m80 189964 0.0183974318 0.5 p68 1152 19
130 172536 m1 818162 0 0.5 p68 1154 6
11 172540 m1 99776 0 0.5 p68 1154 5
126 173287 m1 777571 0 0.5 p68 1157 8
183 175096 m1 840201 0 0.5 p69 1164 1
62 176692 m80 722418 0.0457239822 0.5 p68 1170 19
258 177975 m1 836480 0 0.5 p68 1175 1
89 178755 m1 90447 0 0.5 p68 1178 14
224 179011 m2 82156 0 0.5 p68 1179 1
109 180375 m2 465171 0 0.5 p68 1184 11
53 181913 m2 603900 0 0.5 p68 1190 8
47 181914 m1 552903 0 0.5 p68 1190 8
82 182152 m1 845654 0 0.5 p68 1191 3
88 183969 m61 88290 -0.00703233387 0.5 p68 1198 14
56 184704 m1 640758 0 0.5 p68 1201 19
31 187853 m1 354633 0 0.5 p68 1213 8
97 190460 m1 284792 0 0.5 p68 1223 11
107 190461 m2 452595 0 0.5 p68 1223 11
111 190715 m1 477326 0 0.5 p68 1224 11
147 190983 m1 94292 0 0.5 p69 1225 1
171 193854 m2 525131 0 0.5 p69 1236 1
234 194886 m2 449612 0 0.5 p68 1240 1
178 194913 m2 734587 0 0.5 p69 1240 1
235 196653 m1 491451 0 0.5 p68 1247 1
181 196953 m1 803946 0 0.5 p69 1248 1
22 197180 m1 224814 0 0.5 p68 1249 7
58 199016 m81 668342 -0.00171476859 0.5 p68 1256 7
0 199035 m1 10025 0 0.5 p68 1256 4
99 200267 m81 317197 -0.00773067819 0.5 p68 1261 11
227 200794 m1 142553 0 0.5 p68 1263 1
228 201046 m1 178248 0 0.5 p68 1264 1
230 201556 m1 307453 0 0.5 p68 1266 1
159 203162 m1 349757 0 0.5 p69 1272 1
222 203392 m1 37759 0 0.5 p68 1273 1
54 204412 m1 624224 0 0.5 p68 1277 7
79 206372 m1 823330 0 0.5 p68 1285 9
180 209332 m1 791655 0 0.5 p69 1296 1
37 209598 m1 429609 0 0.5 p68 1297 7
223 210363 m2 79266 0 0.5 p68 1300 1
124 210366 m1 751577 0 0.5 p68 1300 12
105 212134 m1 433432 0 0.5 p68 1307 11
14 215992 m1 155357 0 0.5 p68 1322 4
66 216279 m1 772741 0 0.5 p68 1323 7
104 217811 m1 427503 0 0.5 p68 1329 11
176 217839 m1 639893 0 0.5 p69 1329 1
142 218591 m1 4651 0 0.5 p69 1332 1
23 221184 m1 244712 0 0.5 p68 1342 7
108 222541 m2 461641 0 0.5 p68 1347 8
17 222806 m81 190711 -0.0024328928 0.5 p68 1348 7
27 224634 m1 300670 0 0.5 p68 1355 7
98 224915 m1 297948 0 0.5 p68 1356 8
129 225419 m1 807717 0 0.5 p68 1358 8
113 225645 m1 501121 0 0.5 p68 1359 8
120 225646 m1 626630 0 0.5 p68 1359 8
153 225680 m2 204728 0 0.5 p69 1359 1
112 225923 m1 477635 0 0.5 p68 1360 8
204 226187 m1 568264 0 0.5 p68 1361 3
55 227484 m1 625913 0 0.5 p68 1366 7
117 227733 m1 552085 0 0.5 p68 1367 8
122 228259 m2 669038 0 0.5 p68 1369 8
232 228535 m2 403206 0 0.5 p68 1370 1
91 228761 m1 123167 0 0.5 p68 1371 7
121 229039 m2 660493 0 0.5 p68 1372 8
131 229294 m1 821261 0 0.5 p68 1373 1
50 229303 m80 576352 0.00958635844 0.5 p68 1373 7
33 229304 m81 378192 -0.00648510968 0.5 p68 1373 7
245 229547 m1 160412 0 0.5 p68 1374 1
7 229551 m2 45498 0 0.5 p68 1374 4
95 229835 m1 237504 0 0.5 p68 1375 8
127 230610 m101 783677 -0.00105981459 0.5 p68 1378 8
221 232171 m1 26345 0 0.5 p68 1384 1
239 232172 m1 800180 0 0.5 p68 1384 1
244 232182 m60 66930 0.00318394159 0.5 p68 1384 1
94 232996 m1 175358 0 0.5 p68 1387 3
226 233481 m1 119744 0 0.5 p68 1389 1
212 233482 m1 166990 0 0.5 p68 1389 2
191 233765 m1 238671 0 0.5 p68 1390 3
36 233988 m1 429529 0 0.5 p68 1391 7
40 233989 m81 474810 -0.000842258509 0.5 p68 1391 7
199 234710 m1 773681 0 0.5 p68 1394 3
194 234974 m1 477218 0 0.5 p68 1395 3
173 235250 m1 609872 0 0.5 p69 1396 1
241 235484 m1 821684 0 0.5 p68 1397 1
68 235990 m101 782762 -0.00975815021 0.5 p68 1399 7
12 236246 m1 105051 0 0.5 p68 1400 4
39 236518 m80 461418 0.000976763899 0.5 p68 1401 7
118 237009 m2 578019 0 0.5 p68 1403 5
59 237272 m1 678975 0 0.5 p68 1404 7
196 237282 m1 497446 0 0.5 p68 1404 3
184 237578 m1 847627 0 0.5 p69 1405 1
21 238343 m1 218791 0 0.5 p68 1408 7
242 240459 m1 8648 0 0.5 p68 1416 1
90 240957 m1 114639 0 0.5 p68 1418 3
43 240972 m1 490922 0 0.5 p68 1418 7
225 242229 m1 103492 0 0.5 p68 1423 1
136 243277 m1 486668 0 0.5 p68 1427 2
139 244871 m2 708598 0 0.5 p68 1433 2
246 244881 m1 162378 0 0.5 p68 1433 1
198 245124 m2 708729 0 0.5 p68 1434 1
255 245390 m1 775890 0 0.5 p68 1435 1
32 245670 m1 377444 0 0.5 p68 1436 7
236 245676 m1 574186 0 0.5 p68 1436 1
219 245914 m1 619170 0 0.5 p68 1437 2
80 246187 m1 826835 0 0.5 p68 1438 9
220 246194 m1 630730 0 0.5 p68 1438 2
137 246441 m81 534341 -0.00183543237 0.5 p68 1439 2
9 246446 m1 68607 0 0.5 p68 1439 2
135 247222 m1 345751 0 0.5 p68 1442 2
215 248009 m1 373411 0 0.5 p68 1445 2
231 248236 m1 347101 0 0.5 p68 1446 1
248 248241 m1 237151 0 0.5 p68 1446 1
216 248264 m3 375823 -0.00817533024 0.100000001 p68 1446 2
1 248272 m1 13579 0 0.5 p68 1446 2
116 248533 m80 537494 0.0263988264 0.5 p68 1447 3
174 248559 m1 613742 0 0.5 p69 1447 1
134 248769 m2 318606 0 0.5 p68 1448 2
238 248781 m1 640697 0 0.5 p68 1448 1
93 249045 m1 168812 0 0.5 p68 1449 3
123 249046 m1 697965 0 0.5 p68 1449 3
201 249305 m1 848786 0 0.5 p68 1450 2
218 249582 m1 489899 0 0.5 p68 1451 2
197 249833 m81 582608 -0.000366945402 0.5 p68 1452 1
247 250325 m1 177180 0 0.5 p68 1454 1
229 250591 m80 252413 0.00926283747 0.5 p68 1455 1
256 251358 m3 794703 -0.000676744559 0.100000001 p68 1458 1
140 252094 m2 710843 0 0.5 p68 1461 2
207 252104 m1 624865 0 0.5 p68 1461 2
132 252620 m1 825779 0 0.5 p68 1463 1
96 252621 m2 269626 0 0.5 p68 1463 3
237 253371 m80 595996 0.00814390089 0.5 p68 1466 1
186 253600 m81 648627 -0.0105971256 0.5 p68 1467 5
209 253853 m1 803274 0 0.5 p68 1468 1
217 254103 m2 386243 0 0.5 p68 1469 2
45 254641 m80 510915 0.00651122909 0.5 p68 1471 2
167 254671 m2 469491 0 0.5 p69 1471 1
200 255406 m1 777005 0 0.5 p68 1474 1
193 255965 m1 414709 0 0.5 p68 1476 1
211 255969 m1 158650 0 0.5 p68 1476 2
214 256209 m1 345943 0 0.5 p68 1477 2
240 256210 m1 814374 0 0.5 p68 1477 1
133 256211 m1 238461 0 0.5 p68 1477 2
206 256215 m2 596620 0 0.5 p68 1477 2
252 256457 m1 825020 0 0.5 p68 1478 1
213 256711 m3 215373 -0.00152729568 0.100000001 p68 1479 2
195 256992 m1 497379 0 0.5 p68 1480 1
188 257220 m1 552381 0 0.5 p68 1481 3
15 257684 m2 187967 0 0.5 p68 1483 2
249 257941 m2 277070 0 0.5 p68 1484 1
250 258176 m2 444437 0 0.5 p68 1485 1
208 258177 m2 667737 0 0.5 p68 1485 2
101 258428 m80 343500 0.000298604544 0.5 p68 1486 3
187 258936 m1 279872 0 0.5 p68 1488 2
251 259194 m1 552373 0 0.5 p68 1489 1
185 259195 m1 344827 0 0.5 p68 1489 1
205 259197 m2 579077 0 0.5 p68 1489 2
106 259441 m2 448298 0 0.5 p68 1490 3
100 259689 m2 318767 0 0.5 p68 1491 1
233 260234 m2 405276 0 0.5 p68 1493 1
203 260249 m1 293210 0 0.5 p68 1493 1
210 260492 m2 15941 0 0.5 p68 1494 2
253 260497 m1 152402 0 0.5 p68 1494 1
202 260498 m2 533909 0 0.5 p68 1494 1
259 260499 m1 428441 0 0.5 p68 1494 1
190 260734 m2 189111 0 0.5 p68 1495 1
254 261254 m2 337874 0 0.5 p68 1497 1
160 261490 m3 363705 -0.00343278493 0.100000001 p68 1498 1
261 261503 m1 826870 0 0.5 p68 1498 1
260 261504 m2 596683 0 0.5 p68 1498 1
192 261509 m2 317039 0 0.5 p68 1498 1
243 261763 m2 59981 0 0.5 p68 1499 1
189 261769 m1 100194 0 0.5 p68 1499 1
138 262060 m3 546782 -0.108582504 0.100000001 p68 1500 2
Genomes:
p68:0 A 0 1 2 3 4 5 6 7 8 9 10 11 12 13 14 15 16 17 18 19 20 21 22 23 24 25 26 27 28 29 30 31 32 33 34 35 36 37 38 39 40 41 42 43 44 45 46 47 48 49 50 51 52 53 54 55 56 57 58 59 60 61 62 63 64 65 66 67 68 69 70 71 72 73 74 75 76 77 78 79 80 81 82 83
p68:1 A 84 85 86 87 88 89 90 91 92 93 94 16 18 19 20 95 24 25 96 26 97 98 28 29 99 100 30 101 102 103 104 105 106 107 108 109 110 111 112 42 113 114 115 116 46 117 48 118 119 51 120 56 121 57 122 123 60 61 62 63 64 124 125 126 67 127 128 69 70 72 75 76 77 129 130 131 132 81
p68:2 A 0 2 3 4 5 6 7 8 10 11 12 13 14 16 18 19 20 95 133 24 25 26 97 98 28 29 99 134 30 135 102 103 104 105 107 108 109 110 111 112 136 42 113 114 115 137 46 138 117 48 118 119 51 120 56 121 57 122 60 61 139 140 62 63 64 124 125 126 67 127 128 69 70 72 75 76 77 129 130 141 81
p68:3 A 142 143 144 145 146 147 148 149 150 151 152 153 154 155 156 157 158 159 160 161 162 163 164 165 166 167 168 169 170 171 172 173 174 175 176 177 178 179 180 181 182 183 184
p68:4 A 84 85 86 87 88 89 92 16 17 18 19 20 21 22 23 24 25 26 27 28 29 30 185 31 32 33 34 35 36 37 38 39 40 41 42 43 44 46 47 48 49 50 51 52 53 54 55 56 186 57 58 59 60 61 62 63 64 65 66 67 68 69 70 71 72 73 74 75 76 77 78 79 80 81
p68:5 A 84 85 86 87 88 89 92 16 17 18 19 20 21 22 23 24 25 187 26 27 28 29 30 31 32 33 34 35 36 37 38 39 40 41 42 43 44 46 188 47 48 49 50 51 52 53 54 55 56 186 57 58 59 60 61 62 63 64 65 66 67 68 69 70 71 72 73 74 75 76 77 78 79 80 81
p68:6 A 84 85 86 87 88 89 189 92 190 16 18 19 20 95 191 24 25 26 97 98 28 29 192 99 30 102 103 193 104 105 107 108 109 110 194 111 112 42 195 196 113 114 115 46 117 48 119 197 51 120 56 121 57 122 60 61 198 62 63 64 124 125 199 200 126 67 127 128 69 70 72 75 76 77 78 79 80 81 201
p68:7 A 84 85 86 87 88 89 92 16 17 18 19 20 21 22 23 24 25 187 26 27 28 29 30 31 32 33 34 35 36 37 38 39 40 41 42 43 44 46 188 47 48 49 50 51 52 53 54 55 56 186 57 58 59 60 61 62 63 64 65 66 67 68 69 70 71 72 73 74 75 76 77 78 79 80 81
p68:8 A 84 85 86 87 88 89 92 16 17 18 19 20 21 22 23 24 25 26 27 28 29 30 31 32 33 34 35 36 37 38 39 40 41 42 43 44 202 46 47 48 49 50 51 52 53 54 55 56 186 57 58 59 60 61 62 63 64 65 66 67 68 69 70 71 72 73 74 75 76 77 78 79 80 81
p68:9 A 84 85 86 87 88 89 91 92 16 18 19 20 24 25 26 97 203 28 29 99 30 102 103 104 105 107 109 110 111 42 114 115 46 48 204 205 119 51 206 207 56 57 208 60 61 62 63 64 124 65 67 69 70 71 72 73 74 209 75 76 77 78 81 82 83
p68:10 A 0 2 3 4 5 6 7 8 10 11 12 13 14 16 18 19 20 95 133 24 25 26 97 98 28 29 99 134 30 135 102 103 104 105 107 108 109 110 111 112 136 42 113 114 115 137 46 138 117 48 118 119 51 120 56 121 57 122 60 61 139 140 62 63 64 124 125 126 67 127 128 69 70 72 75 76 77 129 130 141 81
p68:11 A 84 210 85 86 87 88 89 91 92 211 212 16 18 19 20 213 95 191 24 25 26 97 98 28 29 99 30 214 215 216 217 102 103 104 105 107 108 109 110 194 111 112 42 218 196 113 114 115 46 117 48 119 51 219 120 220 56 121 57 122 60 61 62 63 64 124 125 199 126 67 127 128 69 70 72 75 76 77 129 78 81
p68:12 A 2 3 221 4 5 222 6 8 10 223 224 11 225 226 227 13 228 16 18 19 20 229 24 25 26 230 28 29 30 231 31 34 232 233 35 234 38 41 42 235 44 46 47 48 49 236 51 237 52 53 238 56 57 60 61 62 63 64 124 65 67 69 70 71 72 73 74 239 75 76 77 240 78 241 81
p68:13 A 84 242 85 86 243 244 87 88 89 92 245 246 247 16 18 19 20 248 24 25 249 26 97 28 29 99 30 102 103 104 105 250 107 109 110 111 42 114 115 46 251 48 204 119 51 56 57 60 61 62 63 64 124 65 67 69 70 71 72 73 74 75 76 77 78 79 252 80 81 201
p68:14 A 84 85 86 87 88 89 90 91 92 93 94 16 18 19 20 95 24 25 96 26 97 98 28 29 99 30 101 102 103 104 105 106 107 108 109 110 111 112 42 113 114 115 116 46 117 48 118 119 51 120 56 121 57 122 123 60 61 62 63 64 124 125 126 67 127 128 69 70 72 75 76 77 129 130 141 81
p68:15 A 84 85 86 87 88 89 91 92 253 16 18 19 20 24 25 26 97 28 29 99 30 254 102 103 104 105 107 109 110 111 42 114 115 46 48 204 205 119 51 206 207 56 57 208 60 61 62 63 64 124 65 255 67 69 70 71 72 73 74 256 75 76 77 129 130 257 141 81 258
p68:16 A 84 210 85 86 87 88 89 91 92 211 212 16 18 19 20 213 95 191 24 25 26 97 98 28 29 99 30 214 215 216 217 102 103 104 105 107 108 109 110 194 111 112 42 218 196 113 114 115 46 117 48 119 51 219 120 220 56 121 57 122 60 61 62 63 64 124 125 199 126 67 127 128 69 70 72 75 76 77 129 78 81
p68:17 A 84 85 86 87 88 89 92 16 17 18 19 20 21 22 23 24 25 26 27 28 29 30 31 32 33 34 35 259 36 37 38 39 40 41 42 43 44 46 188 47 48 49 50 51 260 52 53 54 55 56 186 57 58 59 60 61 62 63 64 65 66 67 68 69 70 71 72 73 74 75 76 77 78 79 80 261 81
p68:18 A 0 1 2 3 4 5 6 7 8 9 10 11 12 13 14 15 16 17 18 19 20 21 22 23 24 25 26 27 28 29 30 31 32 33 34 35 36 37 38 39 40 41 42 43 44 45 46 47 48 49 50 51 52 53 54 55 56 57 58 59 60 61 62 63 64 65 66 67 68 69 70 71 72 73 74 75 76 77 78 79 80 81 82 83
p68:19 A 84 85 86 87 88 89 90 91 92 93 94 16 18 19 20 95 24 25 96 26 97 98 28 29 99 30 101 102 103 104 105 106 107 108 109 110 111 112 42 113 114 115 116 46 117 48 118 119 51 120 56 121 57 122 123 60 61 62 63 64 124 125 126 67 127 128 69 70 72 75 76 77 129 130 141 81
