#OUT: 25000 SS p2 10 /Users/josephzou/Desktop/Sample_data/Crol-p2-Sample.txt
Mutations:
223 23993 m2 76164 0 0.5 p1 1205 10
194 24220 m1 64041 0 0.5 p1 1216 10
163 31251 m1 54837 0 0.5 p1 1571 10
226 32720 m1 77471 0 0.5 p1 1644 10
212 38802 m1 72437 0 0.5 p1 1949 10
200 43352 m1 65602 0 0.5 p1 2174 10
259 47157 m1 87980 0 0.5 p1 2362 10
209 48928 m1 71302 0 0.5 p1 2449 10
85 57256 m1 39610 0 0.5 p1 2870 10
74 58589 m1 35506 0 0.5 p1 2938 10
44 60970 m1 21684 0 0.5 p1 3062 10
248 61485 m2 85257 0 0.5 p1 3088 10
173 62022 m1 59488 0 0.5 p1 3116 10
108 62811 m6 49587 0.00999999978 0.5 p1 3155 10
17 64310 m2 11079 0 0.5 p1 3231 10
0 64356 m1 289 0 0.5 p1 3234 10
167 66949 m1 57358 0 0.5 p2 3333 10
46 66989 m1 23702 0 0.5 p2 3334 10
182 68363 m1 61237 0 0.5 p2 3371 10
180 69456 m1 61109 0 0.5 p2 3401 10
269 70940 m1 92900 0 0.5 p2 3440 10
244 71379 m1 84027 0 0.5 p2 3453 10
255 74416 m2 86994 0 0.5 p2 3535 10
188 75052 m1 62377 0 0.5 p2 3552 10
202 76244 m1 66966 0 0.5 p2 3585 10
280 77865 m1 98234 0 0.5 p2 3629 10
159 84198 m6 53627 0.00999999978 0.5 p2 3805 10
7 92006 m1 4230 0 0.5 p2 4018 10
257 103443 m1 87457 0 0.5 p2 4332 10
82 104718 m1 38627 0 0.5 p2 4368 10
228 104985 m1 78475 0 0.5 p2 4375 10
134 106475 m6 51527 0.00999999978 0.5 p2 4416 10
62 109451 m1 32276 0 0.5 p2 4499 10
282 110686 m1 99117 0 0.5 p2 4534 10
22 111935 m1 12575 0 0.5 p2 4569 10
272 114660 m1 95494 0 0.5 p2 4642 10
261 115799 m1 88840 0 0.5 p2 4673 10
262 123527 m1 89149 0 0.5 p2 4882 10
20 126042 m1 12429 0 0.5 p2 4950 10
3 140762 m1 1019 0 0.5 p2 5211 10
191 142420 m1 63850 0 0.5 p2 5237 10
118 142658 m6 50587 0.00999999978 0.5 p2 5241 10
274 147138 m1 95760 0 0.5 p2 5314 10
152 147448 m6 53267 0.00999999978 0.5 p2 5319 10
251 155518 m8 85928 0 0.5 p2 5450 10
249 158402 m8 85379 0 0.5 p2 5497 10
174 161593 m1 59574 0 0.5 p2 5550 10
41 166845 m1 20786 0 0.5 p2 5636 10
91 167930 m1 42761 0 0.5 p2 5654 10
150 174345 m6 53127 0.00999999978 0.5 p2 5758 10
106 179013 m1 49047 0 0.5 p2 5833 10
179 180893 m1 60865 0 0.5 p2 5864 10
216 182595 m7 73230 0 0.5 p2 5892 10
277 184308 m1 97257 0 0.5 p2 5920 10
64 189465 m1 32843 0 0.5 p2 6005 10
197 191436 m1 65094 0 0.5 p2 6038 10
149 191625 m6 53040 0.00999999978 0.5 p2 6041 10
237 194407 m1 81178 0 0.5 p2 6087 10
18 199676 m3 11383 0.00999999978 0.5 p2 6174 10
264 203726 m1 91217 0 0.5 p2 6241 10
138 211878 m6 51756 0.00999999978 0.5 p2 6372 10
267 213547 m1 92606 0 0.5 p2 6398 10
10 214899 m1 4816 0 0.5 p2 6420 10
16 220553 m2 9117 0 0.5 p2 6510 10
56 222249 m1 30530 0 0.5 p2 6538 10
97 233043 m1 45202 0 0.5 p2 6689 10
35 238303 m1 17165 0 0.5 p2 6758 10
193 243725 m1 63899 0 0.5 p2 6828 10
78 249701 m1 37359 0 0.5 p2 6906 10
148 252289 m6 52817 0.00999999978 0.5 p2 6939 10
36 252453 m1 17295 0 0.5 p2 6941 10
99 254673 m1 45382 0 0.5 p2 6970 10
105 261918 m1 48402 0 0.5 p2 7062 10
120 277518 m6 50888 0.00999999978 0.5 p2 7261 10
140 282058 m6 51843 0.00999999978 0.5 p2 7320 10
189 282904 m1 62655 0 0.5 p2 7331 10
32 285837 m1 14368 0 0.5 p2 7368 10
166 288315 m1 57226 0 0.5 p2 7400 10
156 295746 m6 53427 0.00999999978 0.5 p2 7496 10
57 296618 m1 30637 0 0.5 p2 7507 10
2 296857 m1 625 0 0.5 p2 7510 10
224 298519 m7 77225 0 0.5 p2 7531 10
178 298654 m1 60841 0 0.5 p2 7533 10
246 299346 m2 84647 0 0.5 p2 7542 10
238 303729 m1 81569 0 0.5 p2 7598 10
12 305555 m1 5675 0 0.5 p2 7621 10
243 307373 m1 83864 0 0.5 p2 7645 10
141 316478 m6 51897 0.00999999978 0.5 p2 7760 10
206 340542 m1 70509 0 0.5 p2 8067 10
227 347261 m1 77855 0 0.5 p2 8155 10
24 348861 m1 13840 0 0.5 p2 8175 10
276 350762 m1 96505 0 0.5 p2 8200 10
278 352955 m1 97269 0 0.5 p2 8227 10
142 354334 m6 52006 0.00999999978 0.5 p2 8245 10
190 364876 m1 63118 0 0.5 p2 8353 10
172 381070 m1 59300 0 0.5 p2 8489 10
67 390004 m1 33596 0 0.5 p2 8565 10
129 406729 m6 51328 0.00999999978 0.5 p2 8707 10
265 433507 m1 91759 0 0.5 p2 8936 10
37 449456 m1 17317 0 0.5 p2 9071 10
239 482763 m1 83188 0 0.5 p2 9354 10
225 486733 m7 77246 0 0.5 p2 9387 10
55 494847 m1 30250 0 0.5 p2 9457 10
104 498657 m1 48393 0 0.5 p2 9489 10
144 499901 m6 52408 0.00999999978 0.5 p2 9500 10
19 521217 m1 11880 0 0.5 p2 9679 10
130 525508 m6 51373 0.00999999978 0.5 p2 9715 10
96 543684 m1 43628 0 0.5 p2 9870 10
116 572663 m6 50409 0.00999999978 0.5 p2 10100 10
217 576781 m7 73921 0 0.5 p2 10130 10
109 579080 m6 49805 0.00999999978 0.5 p2 10146 10
29 586938 m1 14154 0 0.5 p2 10204 10
9 589877 m1 4542 0 0.5 p2 10225 10
232 595487 m1 79501 0 0.5 p2 10266 10
58 597371 m1 30806 0 0.5 p2 10279 10
168 620963 m1 58184 0 0.5 p2 10450 10
83 630456 m1 38688 0 0.5 p2 10520 10
51 632325 m1 27075 0 0.5 p2 10534 10
119 640737 m6 50849 0.00999999978 0.5 p2 10595 10
112 643732 m6 50157 0.00999999978 0.5 p2 10617 10
101 646360 m1 47634 0 0.5 p2 10636 10
201 655642 m1 66384 0 0.5 p2 10703 10
215 664041 m2 73004 0 0.5 p2 10764 10
184 664450 m1 61324 0 0.5 p2 10767 10
90 673985 m1 40732 0 0.5 p2 10835 10
1 681559 m1 591 0 0.5 p2 10891 10
123 696469 m6 51043 0.00999999978 0.5 p2 10999 10
199 704358 m1 65545 0 0.5 p2 11056 10
126 725429 m6 51144 0.00999999978 0.5 p2 11206 10
241 732389 m1 83491 0 0.5 p2 11257 10
234 772771 m1 80705 0 0.5 p2 11551 10
151 825662 m6 53240 0.00999999978 0.5 p2 11935 10
21 843304 m1 12519 0 0.5 p2 12061 10
77 849111 m5 36777 0 0.5 p2 12102 10
15 851755 m2 8544 0 0.5 p2 12121 10
79 852272 m1 37387 0 0.5 p2 12125 10
88 853068 m1 40332 0 0.5 p2 12131 10
73 875108 m1 34948 0 0.5 p2 12292 10
250 879749 m2 85465 0 0.5 p2 12326 10
60 910423 m1 31775 0 0.5 p2 12549 10
103 916528 m1 48362 0 0.5 p2 12594 10
158 925138 m6 53613 0.00999999978 0.5 p2 12656 10
230 954421 m1 79262 0 0.5 p2 12870 10
147 961329 m6 52691 0.00999999978 0.5 p2 12920 10
92 970989 m1 42963 0 0.5 p2 12990 10
192 975633 m1 63884 0 0.5 p2 13024 10
162 982927 m1 54400 0 0.5 p2 13077 10
76 984419 m5 35967 0 0.5 p2 13088 10
45 986615 m1 22351 0 0.5 p2 13104 10
157 1006397 m6 53433 0.00999999978 0.5 p2 13248 10
198 1017966 m1 65243 0 0.5 p2 13332 10
40 1034775 m1 20683 0 0.5 p2 13453 10
161 1065501 m1 53902 0 0.5 p2 13678 10
122 1078287 m6 51009 0.00999999978 0.5 p2 13771 10
203 1091742 m1 69468 0 0.5 p2 13870 10
218 1093069 m7 74143 0 0.5 p2 13880 10
125 1101775 m6 51071 0.00999999978 0.5 p2 13941 10
195 1133167 m1 64103 0 0.5 p2 14169 10
181 1142311 m1 61119 0 0.5 p2 14236 10
52 1149085 m1 27344 0 0.5 p2 14286 10
220 1163224 m7 74226 0 0.5 p2 14388 10
114 1168567 m6 50283 0.00999999978 0.5 p2 14427 10
273 1182593 m1 95589 0 0.5 p2 14529 10
242 1191354 m1 83587 0 0.5 p2 14593 10
263 1198354 m1 90064 0 0.5 p2 14644 10
98 1207883 m1 45332 0 0.5 p2 14713 10
28 1220260 m1 14041 0 0.5 p2 14803 10
31 1235485 m1 14193 0 0.5 p2 14913 10
33 1244128 m1 14624 0 0.5 p2 14977 10
8 1248150 m1 4460 0 0.5 p2 15003 10
146 1275722 m6 52548 0.00999999978 0.5 p2 15114 10
164 1292911 m1 56363 0 0.5 p2 15184 10
231 1308403 m1 79399 0 0.5 p2 15247 10
160 1317587 m6 53650 0.00999999978 0.5 p2 15285 10
63 1321974 m1 32675 0 0.5 p2 15303 10
208 1359498 m1 71294 0 0.5 p2 15456 10
50 1375265 m1 26661 0 0.5 p2 15520 10
145 1375487 m6 52470 0.00999999978 0.5 p2 15521 10
132 1417566 m6 51419 0.00999999978 0.5 p2 15686 10
71 1419284 m1 34653 0 0.5 p2 15693 10
84 1479677 m1 39149 0 0.5 p2 15927 10
254 1515331 m8 86869 0 0.5 p2 16065 10
165 1519773 m1 56433 0 0.5 p2 16082 10
6 1535844 m1 3110 0 0.5 p2 16144 10
39 1552669 m1 17731 0 0.5 p2 16209 10
233 1564622 m1 80304 0 0.5 p2 16255 10
42 1569092 m1 20877 0 0.5 p2 16272 10
94 1569093 m1 43570 0 0.5 p2 16272 10
171 1579184 m1 59106 0 0.5 p2 16311 10
268 1630536 m1 92838 0 0.5 p2 16508 10
235 1633562 m1 80995 0 0.5 p2 16520 10
72 1634077 m1 34658 0 0.5 p2 16522 10
107 1637445 m6 49498 0.00999999978 0.5 p2 16535 10
253 1643170 m2 86860 0 0.5 p2 16557 10
5 1647019 m1 2206 0 0.5 p2 16572 10
11 1664730 m1 4820 0 0.5 p2 16640 10
210 1686590 m1 71682 0 0.5 p2 16725 10
131 1690962 m6 51418 0.00999999978 0.5 p2 16742 10
26 1736574 m1 13903 0 0.5 p2 16917 10
87 1749217 m1 40067 0 0.5 p2 16966 10
229 1756172 m1 79134 0 0.5 p2 16993 10
68 1766677 m1 34031 0 0.5 p2 17033 10
80 1775318 m1 38161 0 0.5 p2 17067 10
279 1841846 m1 97834 0 0.5 p2 17323 10
13 1889823 m1 6103 0 0.5 p2 17508 10
256 1899620 m8 87255 0 0.5 p2 17546 10
186 1914649 m1 62078 0 0.5 p2 17604 10
240 1931872 m1 83438 0 0.5 p2 17671 10
117 1952879 m6 50462 0.00999999978 0.5 p2 17752 10
111 1972812 m6 50097 0.00999999978 0.5 p2 17829 10
196 1988837 m1 64368 0 0.5 p2 17891 10
113 2014501 m6 50183 0.00999999978 0.5 p2 17990 10
183 2022891 m1 61247 0 0.5 p2 18022 10
170 2025219 m1 59023 0 0.5 p2 18031 10
281 2071096 m1 98853 0 0.5 p2 18208 10
207 2092290 m1 70972 0 0.5 p2 18290 10
260 2099000 m1 88520 0 0.5 p2 18315 10
4 2114020 m1 1810 0 0.5 p2 18373 10
34 2117843 m2 14880 0 0.5 p2 18388 10
69 2186785 m1 34091 0 0.5 p2 18653 10
204 2226760 m1 69978 0 0.5 p2 18809 10
252 2239850 m2 86142 0 0.5 p2 18860 10
102 2249085 m1 47965 0 0.5 p2 18895 10
93 2265422 m1 43349 0 0.5 p2 18959 10
136 2294589 m6 51687 0.00999999978 0.5 p2 19072 10
54 2298681 m1 29824 0 0.5 p2 19088 10
66 2335698 m1 33554 0 0.5 p2 19230 10
121 2338836 m6 50929 0.00999999978 0.5 p2 19242 10
245 2366226 m8 84611 0 0.5 p2 19347 10
187 2377068 m1 62315 0 0.5 p2 19388 10
86 2404567 m1 39853 0 0.5 p2 19494 10
75 2413019 m5 35694 0 0.5 p2 19527 10
175 2427501 m1 59730 0 0.5 p2 19583 10
70 2433883 m1 34401 0 0.5 p2 19608 10
247 2447280 m8 85190 0 0.5 p2 19659 10
110 2478780 m6 50050 0.00999999978 0.5 p2 19782 10
154 2493344 m6 53385 0.00999999978 0.5 p2 19839 10
127 2533754 m6 51199 0.00999999978 0.5 p2 19995 10
95 2556400 m1 43580 0 0.5 p2 20047 10
48 2611593 m1 24144 0 0.5 p2 20168 10
222 2670600 m7 75204 0 0.5 p2 20297 10
211 2762294 m1 72246 0 0.5 p2 20498 10
59 2777598 m1 30871 0 0.5 p2 20531 10
115 2794377 m6 50384 0.00999999978 0.5 p2 20568 10
205 2875400 m1 70289 0 0.5 p2 20744 10
137 2985825 m6 51726 0.00999999978 0.5 p2 20986 10
275 3042517 m1 96392 0 0.5 p2 21110 10
53 3054311 m1 28503 0 0.5 p2 21136 10
176 3090510 m1 60447 0 0.5 p2 21215 10
221 3125430 m7 74281 0 0.5 p2 21292 10
153 3140208 m6 53382 0.00999999978 0.5 p2 21324 10
135 3201484 m6 51537 0.00999999978 0.5 p2 21459 10
27 3215304 m1 14022 0 0.5 p2 21489 10
23 3237066 m1 13511 0 0.5 p2 21537 10
61 3246615 m1 32006 0 0.5 p2 21558 10
100 3285071 m1 47132 0 0.5 p2 21642 10
169 3286016 m1 58229 0 0.5 p2 21644 10
270 3532303 m1 93092 0 0.5 p2 22183 10
139 3564515 m6 51781 0.00999999978 0.5 p2 22253 10
30 3604355 m1 14169 0 0.5 p2 22341 10
128 3622401 m6 51235 0.00999999978 0.5 p2 22381 10
143 3719197 m6 52117 0.00999999978 0.5 p2 22594 10
89 3768421 m1 40437 0 0.5 p2 22702 6
25 3782987 m1 13891 0 0.5 p2 22734 6
14 3796976 m1 6880 0 0.5 p2 22765 6
185 3885985 m1 61368 0 0.5 p2 22960 10
258 3887773 m1 87835 0 0.5 p2 22964 10
213 3910905 m1 72578 0 0.5 p2 23015 10
219 3971320 m2 74172 0 0.5 p2 23148 10
295 3980794 m1 3640 0 0.5 p2 23169 4
81 3987665 m1 38557 0 0.5 p2 23184 6
47 4041706 m1 23898 0 0.5 p2 23303 6
266 4099642 m1 92514 0 0.5 p2 23430 10
133 4102392 m6 51453 0.00999999978 0.5 p2 23436 10
124 4161293 m6 51061 0.00999999978 0.5 p2 23565 10
298 4163101 m1 19306 0 0.5 p2 23569 4
271 4181879 m1 94754 0 0.5 p2 23610 10
38 4183242 m1 17691 0 0.5 p2 23613 6
294 4268770 m1 635 0 0.5 p2 23800 4
236 4344565 m1 81161 0 0.5 p2 23966 6
155 4370571 m6 53399 0.00999999978 0.5 p2 24023 6
290 4459843 m1 88730 0 0.5 p2 24219 3
292 4467900 m1 99386 0 0.5 p2 24237 3
301 4474401 m1 72035 0 0.5 p2 24251 4
43 4490481 m1 21205 0 0.5 p2 24286 6
177 4508688 m1 60521 0 0.5 p2 24326 6
65 4511446 m1 33167 0 0.5 p2 24332 6
49 4530543 m1 24679 0 0.5 p2 24374 3
299 4537315 m1 27499 0 0.5 p2 24389 4
287 4561419 m6 51376 0.00999999978 0.5 p2 24442 3
289 4568632 m1 66554 0 0.5 p2 24458 3
300 4568638 m6 50489 0.00999999978 0.5 p2 24458 4
214 4581350 m2 72900 0 0.5 p2 24486 3
283 4584023 m1 5710 0 0.5 p2 24492 3
297 4625612 m1 17283 0 0.5 p2 24583 4
296 4641727 m1 13849 0 0.5 p2 24618 4
288 4652207 m1 61171 0 0.5 p2 24641 2
302 4662681 m7 74170 0 0.5 p2 24664 3
314 4665398 m1 87538 0 0.5 p2 24670 1
310 4681830 m1 84286 0 0.5 p2 24706 1
305 4695381 m1 55097 0 0.5 p2 24736 1
307 4698648 m1 13144 0 0.5 p2 24743 1
285 4701848 m1 37648 0 0.5 p2 24750 2
306 4702781 m1 6113 0 0.5 p2 24752 1
303 4704635 m1 77943 0 0.5 p2 24756 3
291 4727317 m1 98224 0 0.5 p2 24806 2
308 4732201 m7 75475 0 0.5 p2 24817 1
284 4734472 m1 19504 0 0.5 p2 24822 2
311 4757158 m1 93675 0 0.5 p2 24874 1
312 4773039 m1 96943 0 0.5 p2 24910 1
313 4780071 m1 82324 0 0.5 p2 24926 1
304 4783595 m6 51009 0.00999999978 0.5 p2 24934 1
286 4793945 m1 43201 0 0.5 p2 24958 1
309 4794851 m1 78116 0 0.5 p2 24960 1
315 4805823 m1 18628 0 0.5 p2 24985 1
293 4811126 m1 96361 0 0.5 p2 24997 1
Genomes:
p2:0 A 0 1 2 3 4 5 6 7 8 9 10 11 12 13 14 15 16 17 18 19 20 21 22 23 24 25 26 27 28 29 30 31 32 33 34 35 36 37 38 39 40 41 42 43 44 45 46 47 48 49 50 51 52 53 54 55 56 57 58 59 60 61 62 63 64 65 66 67 68 69 70 71 72 73 74 75 76 77 78 79 80 81 82 83 84 85 86 87 88 89 90 91 92 93 94 95 96 97 98 99 100 101 102 103 104 105 106 107 108 109 110 111 112 113 114 115 116 117 118 119 120 121 122 123 124 125 126 127 128 129 130 131 132 133 134 135 136 137 138 139 140 141 142 143 144 145 146 147 148 149 150 151 152 153 154 155 156 157 158 159 160 161 162 163 164 165 166 167 168 169 170 171 172 173 174 175 176 177 178 179 180 181 182 183 184 185 186 187 188 189 190 191 192 193 194 195 196 197 198 199 200 201 202 203 204 205 206 207 208 209 210 211 212 213 214 215 216 217 218 219 220 221 222 223 224 225 226 227 228 229 230 231 232 233 234 235 236 237 238 239 240 241 242 243 244 245 246 247 248 249 250 251 252 253 254 255 256 257 258 259 260 261 262 263 264 265 266 267 268 269 270 271 272 273 274 275 276 277 278 279 280 281 282
p2:1 A 0 1 2 3 4 5 6 7 8 9 10 11 12 283 13 14 15 16 17 18 19 20 21 22 23 24 25 26 27 28 29 30 31 32 33 34 35 36 37 38 39 284 40 41 42 43 44 45 46 47 48 50 51 52 53 54 55 56 57 58 59 60 61 62 63 64 65 66 67 68 69 70 71 72 73 74 75 76 77 78 79 285 80 81 82 83 84 85 86 87 88 89 90 91 92 286 93 94 95 96 97 98 99 100 101 102 103 104 105 106 107 108 109 110 111 112 113 114 115 116 117 118 119 120 121 122 123 124 125 126 127 128 129 130 287 131 132 133 134 135 136 137 138 139 140 141 142 143 144 145 146 147 148 149 150 151 152 153 154 155 156 157 158 159 160 161 162 163 164 165 166 167 168 169 170 171 172 173 174 175 176 177 178 179 180 181 288 182 183 184 185 186 187 188 189 190 191 192 193 194 195 196 197 198 199 200 201 289 202 203 204 205 206 207 208 209 210 211 212 213 215 216 217 218 219 220 221 222 223 224 225 226 227 228 229 230 231 232 233 234 235 236 237 238 239 240 241 242 243 244 245 246 247 248 249 250 251 252 253 254 255 256 257 258 259 260 290 261 262 263 264 265 266 267 268 269 270 271 272 273 274 275 276 277 278 279 291 280 281 282 292
p2:2 A 0 1 2 3 4 5 6 7 8 9 10 11 12 13 14 15 16 17 18 19 20 21 22 23 24 25 26 27 28 29 30 31 32 33 34 35 36 37 38 39 40 41 42 43 44 45 46 47 48 49 50 51 52 53 54 55 56 57 58 59 60 61 62 63 64 65 66 67 68 69 70 71 72 73 74 75 76 77 78 79 80 81 82 83 84 85 86 87 88 89 90 91 92 93 94 95 96 97 98 99 100 101 102 103 104 105 106 107 108 109 110 111 112 113 114 115 116 117 118 119 120 121 122 123 124 125 126 127 128 129 130 131 132 133 134 135 136 137 138 139 140 141 142 143 144 145 146 147 148 149 150 151 152 153 154 155 156 157 158 159 160 161 162 163 164 165 166 167 168 169 170 171 172 173 174 175 176 177 178 179 180 181 182 183 184 185 186 187 188 189 190 191 192 193 194 195 196 197 198 199 200 201 202 203 204 205 206 207 208 209 210 211 212 213 214 215 216 217 218 219 220 221 222 223 224 225 226 227 228 229 230 231 232 233 234 235 236 237 238 239 240 241 242 243 244 245 246 247 248 249 250 251 252 253 254 255 256 257 258 259 260 261 262 263 264 265 266 267 268 269 270 271 272 273 274 293 275 276 277 278 279 280 281 282
p2:3 A 0 1 2 294 3 4 5 6 295 7 8 9 10 11 12 13 15 16 17 18 19 20 21 22 23 24 296 26 27 28 29 30 31 32 33 34 35 297 36 37 39 298 40 41 42 44 45 46 48 50 51 52 299 53 54 55 56 57 58 59 60 61 62 63 64 66 67 68 69 70 71 72 73 74 75 76 77 78 79 80 82 83 84 85 86 87 88 90 91 92 93 94 95 96 97 98 99 100 101 102 103 104 105 106 107 108 109 110 111 112 113 114 115 116 117 300 118 119 120 121 122 123 124 125 126 127 128 129 130 131 132 133 134 135 136 137 138 139 140 141 142 143 144 145 146 147 148 149 150 151 152 153 154 156 157 158 159 160 161 162 163 164 165 166 167 168 169 170 171 172 173 174 175 176 178 179 180 181 182 183 184 185 186 187 188 189 190 191 192 193 194 195 196 197 198 199 200 201 202 203 204 205 206 207 208 209 210 301 211 212 213 215 216 217 218 302 219 220 221 222 223 224 225 226 227 303 228 229 230 231 232 233 234 235 237 238 239 240 241 242 243 244 245 246 247 248 249 250 251 252 253 254 255 256 257 258 259 260 261 262 263 264 265 266 267 268 269 270 271 272 273 274 275 276 277 278 279 280 281 282
p2:4 A 0 1 2 294 3 4 5 6 295 7 8 9 10 11 12 13 15 16 17 18 19 20 21 22 23 24 296 26 27 28 29 30 31 32 33 34 35 297 36 37 39 298 40 41 42 44 45 46 48 50 51 52 299 53 54 55 56 57 58 59 60 61 62 63 64 66 67 68 69 70 71 72 73 74 75 76 77 78 79 80 82 83 84 85 86 87 88 90 91 92 93 94 95 96 97 98 99 100 101 102 103 104 105 106 107 108 109 110 111 112 113 114 115 116 117 300 118 119 120 121 122 123 124 125 126 127 128 129 130 131 132 133 134 135 136 137 138 139 140 141 142 143 144 145 146 147 148 149 150 151 152 153 154 156 157 158 159 160 161 162 163 164 165 166 167 168 169 170 171 172 173 174 175 176 178 179 180 181 182 183 184 185 186 187 188 189 190 191 192 193 194 195 196 197 198 199 200 201 202 203 204 205 206 207 208 209 210 301 211 212 213 215 216 217 218 302 219 220 221 222 223 224 225 226 227 303 228 229 230 231 232 233 234 235 237 238 239 240 241 242 243 244 245 246 247 248 249 250 251 252 253 254 255 256 257 258 259 260 261 262 263 264 265 266 267 268 269 270 271 272 273 274 275 276 277 278 279 280 281 282
p2:5 A 0 1 2 3 4 5 6 7 8 9 10 11 12 13 14 15 16 17 18 19 20 21 22 23 24 25 26 27 28 29 30 31 32 33 34 35 36 37 38 39 40 41 42 43 44 45 46 47 48 49 50 51 52 53 54 55 56 57 58 59 60 61 62 63 64 65 66 67 68 69 70 71 72 73 74 75 76 77 78 79 80 81 82 83 84 85 86 87 88 89 90 91 92 93 94 95 96 97 98 99 100 101 102 103 104 105 106 107 108 109 110 111 112 113 114 115 116 117 118 119 120 121 122 304 123 124 125 126 127 128 129 130 131 132 133 134 135 136 137 138 139 140 141 142 143 144 145 146 147 148 149 150 151 152 153 154 155 156 157 158 159 160 161 162 163 305 164 165 166 167 168 169 170 171 172 173 174 175 176 177 178 179 180 181 182 183 184 185 186 187 188 189 190 191 192 193 194 195 196 197 198 199 200 201 202 203 204 205 206 207 208 209 210 211 212 213 214 215 216 217 218 219 220 221 222 223 224 225 226 227 228 229 230 231 232 233 234 235 236 237 238 239 240 241 242 243 244 245 246 247 248 249 250 251 252 253 254 255 256 257 258 259 260 261 262 263 264 265 266 267 268 269 270 271 272 273 274 275 276 277 278 279 280 281 282
p2:6 A 0 1 2 3 4 5 6 7 8 9 10 11 12 283 13 306 14 15 16 17 18 19 20 21 22 307 23 24 25 26 27 28 29 30 31 32 33 34 35 36 37 38 39 40 41 42 43 44 45 46 47 48 50 51 52 53 54 55 56 57 58 59 60 61 62 63 64 65 66 67 68 69 70 71 72 73 74 75 76 77 78 79 80 81 82 83 84 85 86 87 88 89 90 91 92 93 94 95 96 97 98 99 100 101 102 103 104 105 106 107 108 109 110 111 112 113 114 115 116 117 118 119 120 121 122 123 124 125 126 127 128 129 130 287 131 132 133 134 135 136 137 138 139 140 141 142 143 144 145 146 147 148 149 150 151 152 153 154 155 156 157 158 159 160 161 162 163 164 165 166 167 168 169 170 171 172 173 174 175 176 177 178 179 180 181 182 183 184 185 186 187 188 189 190 191 192 193 194 195 196 197 198 199 200 201 289 202 203 204 205 206 207 208 209 210 211 212 213 215 216 217 218 219 220 221 222 308 223 224 225 226 227 309 228 229 230 231 232 233 234 235 236 237 238 239 240 241 242 243 244 310 245 246 247 248 249 250 251 252 253 254 255 256 257 258 259 260 290 261 262 263 264 265 266 267 268 269 270 311 271 272 273 274 275 276 312 277 278 279 280 281 282 292
p2:7 A 0 1 2 294 3 4 5 6 295 7 8 9 10 11 12 13 15 16 17 18 19 20 21 22 23 24 296 26 27 28 29 30 31 32 33 34 35 297 36 37 39 298 40 41 42 44 45 46 48 50 51 52 299 53 54 55 56 57 58 59 60 61 62 63 64 66 67 68 69 70 71 72 73 74 75 76 77 78 79 80 82 83 84 85 86 87 88 90 91 92 93 94 95 96 97 98 99 100 101 102 103 104 105 106 107 108 109 110 111 112 113 114 115 116 117 300 118 119 120 121 122 123 124 125 126 127 128 129 130 131 132 133 134 135 136 137 138 139 140 141 142 143 144 145 146 147 148 149 150 151 152 153 154 156 157 158 159 160 161 162 163 164 165 166 167 168 169 170 171 172 173 174 175 176 178 179 180 181 182 183 184 185 186 187 188 189 190 191 192 193 194 195 196 197 198 199 200 201 202 203 204 205 206 207 208 209 210 301 211 212 213 215 216 217 218 219 220 221 222 223 224 225 226 227 228 229 230 231 232 233 234 235 237 238 313 239 240 241 242 243 244 245 246 247 248 249 250 251 252 253 254 255 256 257 314 258 259 260 261 262 263 264 265 266 267 268 269 270 271 272 273 274 275 276 277 278 279 280 281 282
p2:8 A 0 1 2 294 3 4 5 6 295 7 8 9 10 11 12 13 15 16 17 18 19 20 21 22 23 24 296 26 27 28 29 30 31 32 33 34 35 297 36 37 39 315 298 40 41 42 44 45 46 48 50 51 52 299 53 54 55 56 57 58 59 60 61 62 63 64 66 67 68 69 70 71 72 73 74 75 76 77 78 79 80 82 83 84 85 86 87 88 90 91 92 93 94 95 96 97 98 99 100 101 102 103 104 105 106 107 108 109 110 111 112 113 114 115 116 117 300 118 119 120 121 122 123 124 125 126 127 128 129 130 131 132 133 134 135 136 137 138 139 140 141 142 143 144 145 146 147 148 149 150 151 152 153 154 156 157 158 159 160 161 162 163 164 165 166 167 168 169 170 171 172 173 174 175 176 178 179 180 181 182 183 184 185 186 187 188 189 190 191 192 193 194 195 196 197 198 199 200 201 202 203 204 205 206 207 208 209 210 301 211 212 213 215 216 217 218 302 219 220 221 222 223 224 225 226 227 303 228 229 230 231 232 233 234 235 237 238 239 240 241 242 243 244 245 246 247 248 249 250 251 252 253 254 255 256 257 258 259 260 261 262 263 264 265 266 267 268 269 270 271 272 273 274 275 276 277 278 279 280 281 282
p2:9 A 0 1 2 3 4 5 6 7 8 9 10 11 12 283 13 14 15 16 17 18 19 20 21 22 23 24 25 26 27 28 29 30 31 32 33 34 35 36 37 38 39 284 40 41 42 43 44 45 46 47 48 50 51 52 53 54 55 56 57 58 59 60 61 62 63 64 65 66 67 68 69 70 71 72 73 74 75 76 77 78 79 285 80 81 82 83 84 85 86 87 88 89 90 91 92 93 94 95 96 97 98 99 100 101 102 103 104 105 106 107 108 109 110 111 112 113 114 115 116 117 118 119 120 121 122 123 124 125 126 127 128 129 130 287 131 132 133 134 135 136 137 138 139 140 141 142 143 144 145 146 147 148 149 150 151 152 153 154 155 156 157 158 159 160 161 162 163 164 165 166 167 168 169 170 171 172 173 174 175 176 177 178 179 180 181 288 182 183 184 185 186 187 188 189 190 191 192 193 194 195 196 197 198 199 200 201 289 202 203 204 205 206 207 208 209 210 211 212 213 215 216 217 218 219 220 221 222 223 224 225 226 227 228 229 230 231 232 233 234 235 236 237 238 239 240 241 242 243 244 245 246 247 248 249 250 251 252 253 254 255 256 257 258 259 260 290 261 262 263 264 265 266 267 268 269 270 271 272 273 274 275 276 277 278 279 291 280 281 282 292
