#m1-noncoding;m2-synonymous;m3-nonsynonymous;m4-nonsynonymous
#OUT: 10000 SS p1 20 /Users/williarj/Desktop/pop1.txt
Mutations:
47 25524 m1 55379 0 0.5 p1 2214 20
24 25728 m1 20868 0 0.5 p1 2223 20
11 29093 m1 9438 0 0.5 p1 2386 20
50 29267 m1 58526 0 0.5 p1 2393 20
27 29567 m1 23832 0 0.5 p1 2408 20
10 29963 m1 8427 0 0.5 p1 2426 20
19 30448 m1 18572 0 0.5 p1 2449 20
87 31024 m1 97289 0 0.5 p1 2476 20
21 37866 m4 18914 0.23264 0.8 p1 2806 20
95 44108 m4 100957 0.0484737 0.8 p1 3104 20
58 47837 m1 64824 0 0.5 p1 3282 20
36 47897 m4 34761 0.276641 0.8 p1 3285 20
96 50119 m4 100961 0.227013 0.8 p1 3391 20
78 50462 m1 88894 0 0.5 p1 3407 20
43 53168 m1 49131 0 0.5 p1 3533 20
31 53829 m4 28480 0.145433 0.8 p1 3565 20
23 54242 m1 19397 0 0.5 p1 3584 20
18 54671 m1 17065 0 0.5 p1 3604 20
88 54842 m4 97722 0.256572 0.8 p1 3612 20
84 55292 m1 95870 0 0.5 p1 3635 20
17 55811 m4 16594 0.151536 0.8 p1 3660 20
93 57319 m4 100805 0.126135 0.8 p1 3732 20
76 57591 m1 86818 0 0.5 p1 3745 20
30 59044 m1 25960 0 0.5 p1 3817 20
32 63289 m1 30625 0 0.5 p1 4023 20
34 64108 m1 32825 0 0.5 p1 4061 20
29 64742 m1 25372 0 0.5 p1 4090 20
73 64854 m3 83216 -0.0123617 0.1 p1 4096 20
3 64897 m4 2952 0.0893271 0.8 p1 4098 20
25 64898 m1 21718 0 0.5 p1 4098 20
92 69269 m1 98991 0 0.5 p1 4304 20
77 71384 m4 87908 0.124136 0.8 p1 4403 20
68 72905 m4 76284 0.115593 0.8 p1 4476 20
9 74040 m1 7715 0 0.5 p1 4530 20
26 74765 m1 21874 0 0.5 p1 4566 20
14 76823 m2 11777 0 0.5 p1 4662 20
55 77667 m1 59782 0 0.5 p1 4704 20
33 78024 m1 31877 0 0.5 p1 4720 20
52 84708 m4 58758 0.104881 0.8 p1 5037 20
101 87319 m1 104373 0 0.5 p1 5162 20
75 87426 m1 86417 0 0.5 p1 5167 20
86 90425 m1 96572 0 0.5 p1 5310 20
28 97088 m1 24897 0 0.5 p1 5626 20
45 97633 m1 52153 0 0.5 p1 5650 20
71 103557 m1 78278 0 0.5 p1 5933 20
12 103852 m1 9849 0 0.5 p1 5948 20
64 104395 m1 73546 0 0.5 p1 5975 20
0 106341 m1 1303 0 0.5 p1 6071 20
60 107934 m2 71679 0 0.5 p1 6151 20
56 108481 m1 60672 0 0.5 p1 6176 20
66 108731 m4 75783 0.0411032 0.8 p1 6187 20
98 113822 m4 101061 0.207008 0.8 p1 6431 20
83 114012 m1 94464 0 0.5 p1 6440 20
7 114203 m1 5664 0 0.5 p1 6449 20
69 116080 m1 77372 0 0.5 p1 6538 20
1 116187 m1 1640 0 0.5 p1 6543 20
97 116836 m4 101002 0.437929 0.8 p1 6577 20
2 121612 m1 2817 0 0.5 p1 6803 20
35 123675 m1 34409 0 0.5 p1 6901 20
15 123676 m1 14222 0 0.5 p1 6901 20
67 125605 m4 75986 0.107839 0.8 p1 6993 20
6 126995 m1 4926 0 0.5 p1 7060 20
44 129198 m1 51395 0 0.5 p1 7160 20
63 129656 m1 72428 0 0.5 p1 7183 20
48 129873 m1 56621 0 0.5 p1 7194 20
51 131258 m1 58546 0 0.5 p1 7262 20
40 131282 m1 39240 0 0.5 p1 7263 20
61 134523 m4 71916 0.137292 0.8 p1 7421 20
65 136763 m1 75240 0 0.5 p1 7527 20
41 139136 m1 44786 0 0.5 p1 7638 20
80 139387 m1 92180 0 0.5 p1 7650 20
46 139590 m1 55349 0 0.5 p1 7659 20
99 139979 m4 101258 0.165158 0.8 p1 7676 20
62 141887 m4 72365 0.246078 0.8 p1 7767 20
49 142197 m1 57507 0 0.5 p1 7783 20
59 143620 m4 66723 0.173134 0.8 p1 7850 20
8 146552 m3 5842 -2.49658e-05 0.1 p1 7991 20
38 146629 m4 35237 0.263301 0.8 p1 7994 20
100 146868 m1 102283 0 0.5 p1 8006 20
85 146869 m1 96171 0 0.5 p1 8006 20
4 149366 m1 4086 0 0.5 p1 8125 20
39 154529 m3 37170 -0.0123791 0.1 p1 8371 20
54 154611 m1 59235 0 0.5 p1 8374 20
13 154646 m1 10469 0 0.5 p1 8375 20
20 156465 m4 18746 0.14201 0.8 p1 8461 20
91 156941 m1 98815 0 0.5 p1 8484 20
42 157860 m1 46627 0 0.5 p1 8530 20
5 161078 m1 4664 0 0.5 p1 8681 20
22 161622 m4 18954 0.0512812 0.8 p1 8707 20
53 163526 m1 59147 0 0.5 p1 8800 20
81 167813 m1 93496 0 0.5 p1 9008 20
79 168445 m1 90899 0 0.5 p1 9037 20
94 168883 m4 100854 0.206 0.8 p1 9057 20
57 173624 m1 64652 0 0.5 p1 9281 20
70 173676 m1 77744 0 0.5 p1 9284 20
89 175417 m4 97989 0.105256 0.8 p1 9366 20
110 178021 m1 74442 0 0.5 p1 9492 11
109 178371 m4 71903 0.119485 0.8 p1 9509 11
37 179123 m4 35234 0.179498 0.8 p1 9543 18
72 179206 m1 78967 0 0.5 p1 9547 9
90 179605 m4 98295 0.0953897 0.8 p1 9567 11
107 179955 m3 68184 -0.002093 0.1 p1 9583 11
103 180173 m1 14587 0 0.5 p1 9595 10
16 182247 m1 15289 0 0.5 p1 9694 8
102 182395 m1 9134 0 0.5 p1 9702 10
111 182939 m1 97335 0 0.5 p1 9728 9
108 183576 m1 68869 0 0.5 p1 9759 9
113 183733 m1 58446 0 0.5 p1 9768 6
119 184789 m1 76050 0 0.5 p1 9817 2
105 185085 m1 41034 0 0.5 p1 9832 10
118 185195 m1 49954 0 0.5 p1 9837 2
74 185254 m1 84518 0 0.5 p1 9840 2
120 185350 m1 88739 0 0.5 p1 9845 2
115 185400 m1 80244 0 0.5 p1 9847 2
106 185500 m1 66283 0 0.5 p1 9851 9
112 185688 m1 46521 0 0.5 p1 9860 4
104 185763 m1 37801 0 0.5 p1 9864 10
116 185967 m1 7358 0 0.5 p1 9873 2
82 187152 m1 93976 0 0.5 p1 9932 2
125 187266 m1 77551 0 0.5 p1 9937 1
117 187829 m1 34446 0 0.5 p1 9965 1
127 187941 m1 18855 0 0.5 p1 9970 1
128 187965 m3 93347 -3.40884e-07 0.1 p1 9971 1
126 188026 m1 40833 0 0.5 p1 9974 2
124 188063 m1 30160 0 0.5 p1 9976 2
123 188127 m1 99299 0 0.5 p1 9979 1
122 188303 m3 41426 -0.000347179 0.1 p1 9987 1
114 188358 m1 92361 0 0.5 p1 9989 1
121 188562 m1 13735 0 0.5 p1 9999 1
Genomes:
p1:0 A 0 1 2 3 4 5 6 7 8 9 10 11 12 13 14 15 16 17 18 19 20 21 22 23 24 25 26 27 28 29 30 31 32 33 34 35 36 37 38 39 40 41 42 43 44 45 46 47 48 49 50 51 52 53 54 55 56 57 58 59 60 61 62 63 64 65 66 67 68 69 70 71 72 73 74 75 76 77 78 79 80 81 82 83 84 85 86 87 88 89 90 91 92 93 94 95 96 97 98 99 100 101
p1:1 A 0 1 2 3 4 5 6 7 8 9 10 102 11 12 13 14 15 103 17 18 19 20 21 22 23 24 25 26 27 28 29 30 31 32 33 34 35 36 37 38 39 104 40 105 41 42 43 44 45 46 47 48 49 50 51 52 53 54 55 56 57 58 106 59 107 108 60 109 61 62 63 64 110 65 66 67 68 69 70 71 73 75 76 77 78 79 80 81 83 84 85 86 87 111 88 89 91 92 93 94 95 96 97 98 99 100 101
p1:2 A 0 1 2 3 4 5 6 7 8 9 10 11 12 13 14 15 16 17 18 19 20 21 22 23 24 25 26 27 28 29 30 31 32 33 34 35 36 37 38 39 40 41 112 42 43 44 45 46 47 48 49 113 50 51 52 53 54 55 56 57 58 59 60 61 62 63 64 65 66 67 68 69 70 71 72 73 75 76 77 78 79 80 114 81 83 84 85 86 87 88 89 90 91 92 93 94 95 96 97 98 99 100 101
p1:3 A 0 1 2 3 4 5 6 7 8 9 10 11 12 13 14 15 16 17 18 19 20 21 22 23 24 25 26 27 28 29 30 31 32 33 34 35 36 37 38 39 40 41 42 43 44 45 46 47 48 49 113 50 51 52 53 54 55 56 57 58 59 60 61 62 63 64 65 66 67 68 69 70 71 72 115 73 75 76 77 78 79 80 81 83 84 85 86 87 88 89 90 91 92 93 94 95 96 97 98 99 100 101
p1:4 A 0 1 2 3 4 5 6 7 8 116 9 10 11 12 13 14 15 17 18 19 20 21 22 23 24 25 26 27 28 29 30 31 32 33 34 35 117 36 38 39 40 41 42 43 118 44 45 46 47 48 49 50 51 52 53 54 55 56 57 58 59 107 60 109 61 62 63 64 110 65 66 67 119 68 69 70 71 73 75 76 77 120 78 79 80 81 83 84 85 86 87 88 89 90 91 92 93 94 95 96 97 98 99 100 101
p1:5 A 0 1 2 3 4 5 6 7 8 9 10 11 12 13 14 15 16 17 18 19 20 21 22 23 24 25 26 27 28 29 30 31 32 33 34 35 36 37 38 39 40 41 112 42 43 44 45 46 47 48 49 113 50 51 52 53 54 55 56 57 58 59 60 61 62 63 64 65 66 67 68 69 70 71 72 73 75 76 77 78 79 80 81 83 84 85 86 87 88 89 90 91 92 93 94 95 96 97 98 99 100 101
p1:6 A 0 1 2 3 4 5 6 7 8 9 10 11 12 13 14 121 15 16 17 18 19 20 21 22 23 24 25 26 27 28 29 30 31 32 33 34 35 36 37 38 39 40 41 42 43 44 45 46 47 48 49 113 50 51 52 53 54 55 56 57 58 59 60 61 62 63 64 65 66 67 68 69 70 71 72 115 73 75 76 77 78 79 80 81 83 84 85 86 87 88 89 90 91 92 93 94 95 96 97 98 99 100 101
p1:7 A 0 1 2 3 4 5 6 7 8 9 10 11 12 13 14 15 16 17 18 19 20 21 22 23 24 25 26 27 28 29 30 31 32 33 34 35 36 37 38 39 40 122 41 112 42 43 44 45 46 47 48 49 113 50 51 52 53 54 55 56 57 58 59 60 61 62 63 64 65 66 67 68 69 70 71 72 73 75 76 77 78 79 80 81 83 84 85 86 87 88 89 90 91 92 123 93 94 95 96 97 98 99 100 101
p1:8 A 0 1 2 3 4 5 6 7 8 9 10 102 11 12 13 14 15 103 17 18 19 20 21 22 23 24 25 26 27 28 29 30 31 32 33 34 35 36 37 38 39 104 40 105 41 42 43 44 45 46 47 48 49 50 51 52 53 54 55 56 57 58 106 59 107 108 60 109 61 62 63 64 110 65 66 67 68 69 70 71 73 75 76 77 78 79 80 81 83 84 85 86 87 111 88 89 91 92 93 94 95 96 97 98 99 100 101
p1:9 A 0 1 2 3 4 5 6 7 8 9 10 102 11 12 13 14 15 103 17 18 19 20 21 22 23 24 25 26 27 28 29 30 31 124 32 33 34 35 36 37 38 39 104 40 105 41 42 43 44 45 46 47 48 49 50 51 52 53 54 55 56 57 58 106 59 107 108 60 109 61 62 63 64 110 65 66 67 68 69 70 71 73 75 76 77 78 79 80 81 83 84 85 86 87 111 88 89 91 92 93 94 95 96 97 98 99 100 101
p1:10 A 0 1 2 3 4 5 6 7 8 9 10 102 11 12 13 14 15 103 17 18 19 20 21 22 23 24 25 26 27 28 29 30 31 32 33 34 35 36 37 38 39 104 40 105 41 42 43 44 45 46 47 48 49 50 51 52 53 54 55 56 57 58 106 59 107 108 60 109 61 62 63 64 110 65 66 67 68 69 70 71 73 75 76 77 78 79 80 81 83 84 85 86 87 111 88 89 91 92 93 94 95 96 97 98 99 100 101
p1:11 A 0 1 2 3 4 5 6 7 8 9 10 11 12 13 14 15 16 17 18 19 20 21 22 23 24 25 26 27 28 29 30 31 32 33 34 35 36 37 38 39 40 41 42 43 44 45 46 47 48 49 50 51 52 53 54 55 56 57 58 59 60 61 62 63 64 65 66 67 68 69 70 71 72 73 74 75 76 77 78 79 80 81 82 83 84 85 86 87 88 89 90 91 92 93 94 95 96 97 98 99 100 101
p1:12 A 0 1 2 3 4 5 6 7 8 9 10 102 11 12 13 14 15 103 17 18 19 20 21 22 23 24 25 26 27 28 29 30 31 32 33 34 35 36 37 38 39 104 40 105 41 42 43 44 45 46 47 48 49 50 51 52 53 54 55 56 57 58 106 59 107 108 60 109 61 62 63 64 110 65 66 67 68 69 125 70 71 73 75 76 77 78 79 80 81 83 84 85 86 87 111 88 89 91 92 93 94 95 96 97 98 99 100 101
p1:13 A 0 1 2 3 4 5 6 7 8 9 10 102 11 12 13 14 15 103 17 18 19 20 21 22 23 24 25 26 27 28 29 30 31 32 33 34 35 36 37 38 39 104 40 126 105 41 42 43 44 45 46 47 48 49 50 51 52 53 54 55 56 57 58 106 59 107 108 60 109 61 62 63 64 110 65 66 67 68 69 70 71 73 75 76 77 78 79 80 81 83 84 85 86 87 111 88 89 91 92 93 94 95 96 97 98 99 100 101
p1:14 A 0 1 2 3 4 5 6 7 8 9 10 102 11 12 13 14 15 103 17 18 19 20 21 22 23 24 25 26 27 28 29 30 31 124 32 33 34 35 36 37 38 39 104 40 105 41 42 43 44 45 46 47 48 49 50 51 52 53 54 55 56 57 58 106 59 107 108 60 109 61 62 63 64 110 65 66 67 68 69 70 71 73 75 76 77 78 79 80 81 83 84 85 86 87 111 88 89 91 92 93 94 95 96 97 98 99 100 101
p1:15 A 0 1 2 3 4 5 6 7 8 9 10 102 11 12 13 14 15 103 17 18 19 20 21 22 23 24 25 26 27 28 29 30 31 32 33 34 35 36 37 38 39 104 40 105 41 42 43 44 45 46 47 48 49 50 51 52 53 54 55 56 57 58 59 60 61 62 63 64 65 66 67 68 69 70 71 72 73 75 76 77 78 79 80 81 83 84 85 86 87 88 89 90 91 92 93 94 95 96 97 98 99 100 101
p1:16 A 0 1 2 3 4 5 6 7 8 9 10 11 12 13 14 15 16 17 18 19 20 127 21 22 23 24 25 26 27 28 29 30 31 32 33 34 35 36 37 38 39 40 41 112 42 43 44 45 46 47 48 49 113 50 51 52 53 54 55 56 57 58 59 60 61 62 63 64 65 66 67 68 69 70 71 72 73 75 76 77 78 79 80 128 81 83 84 85 86 87 88 89 90 91 92 93 94 95 96 97 98 99 100 101
p1:17 A 0 1 2 3 4 5 6 7 8 9 10 102 11 12 13 14 15 103 17 18 19 20 21 22 23 24 25 26 27 28 29 30 31 32 33 34 35 36 37 38 39 104 40 126 105 41 42 43 44 45 46 47 48 49 50 51 52 53 54 55 56 57 58 106 59 107 108 60 109 61 62 63 64 110 65 66 67 68 69 70 71 73 75 76 77 78 79 80 81 83 84 85 86 87 111 88 89 91 92 93 94 95 96 97 98 99 100 101
p1:18 A 0 1 2 3 4 5 6 7 8 116 9 10 11 12 13 14 15 17 18 19 20 21 22 23 24 25 26 27 28 29 30 31 32 33 34 35 36 38 39 40 41 42 43 118 44 45 46 47 48 49 50 51 52 53 54 55 56 57 58 59 107 60 109 61 62 63 64 110 65 66 67 119 68 69 70 71 73 75 76 77 120 78 79 80 81 83 84 85 86 87 88 89 90 91 92 93 94 95 96 97 98 99 100 101
p1:19 A 0 1 2 3 4 5 6 7 8 9 10 102 11 12 13 14 15 103 17 18 19 20 21 22 23 24 25 26 27 28 29 30 31 32 33 34 35 36 37 38 39 104 40 105 41 42 43 44 45 46 47 48 49 50 51 52 53 54 55 56 57 58 106 59 107 108 60 109 61 62 63 64 110 65 66 67 68 69 70 71 73 75 76 77 78 79 80 81 83 84 85 86 87 111 88 89 91 92 93 94 95 96 97 98 99 100 101
