#m1-noncoding;m2-synonymous;m3-nonsynonymous;m4-nonsynonymous
#OUT: 10000 SS p2 25 /Users/williarj/Desktop/pop2.txt
Mutations:
159 21914 m4 100832 0.108337 0.8 p2 2043 25
96 24123 m1 55855 0 0.5 p2 2148 25
100 26839 m4 58740 0.104178 0.8 p2 2276 25
3 27198 m1 5701 0 0.5 p2 2293 25
17 27821 m4 11966 0.280379 0.8 p2 2325 25
85 28688 m4 48555 0.0459693 0.8 p2 2366 25
18 31395 m1 12067 0 0.5 p2 2493 25
79 32098 m1 41591 0 0.5 p2 2527 25
63 32727 m4 34192 0.44631 0.8 p2 2557 25
30 33721 m4 17440 0.0106532 0.8 p2 2605 25
126 35629 m4 75929 0.185028 0.8 p2 2697 25
93 36639 m1 52241 0 0.5 p2 2746 25
67 37326 m4 35142 0.0581187 0.8 p2 2781 25
141 40955 m1 83363 0 0.5 p2 2954 25
90 41131 m4 49330 0.020463 0.8 p2 2962 25
157 41470 m4 98102 0.116478 0.8 p2 2978 25
33 41689 m1 18080 0 0.5 p2 2989 25
134 43503 m4 76801 0.230443 0.8 p2 3074 25
150 43504 m1 94310 0 0.5 p2 3074 25
148 43858 m4 92963 0.12439 0.8 p2 3092 25
11 45050 m4 11264 0.15773 0.8 p2 3149 25
145 45801 m3 87891 -1.4915e-05 0.1 p2 3185 25
155 47823 m4 97734 0.130205 0.8 p2 3281 25
46 50079 m1 24860 0 0.5 p2 3389 25
125 50126 m4 75773 0.0118197 0.8 p2 3391 25
118 50150 m3 71688 -2.40753e-06 0.1 p2 3392 25
76 51500 m1 37554 0 0.5 p2 3454 25
87 51634 m4 48941 0.00555252 0.8 p2 3459 25
161 52153 m4 101045 0.01063 0.8 p2 3484 25
8 53671 m1 10354 0 0.5 p2 3557 25
29 57077 m4 17307 0.21301 0.8 p2 3721 25
43 58574 m4 23622 0.164758 0.8 p2 3793 25
54 59748 m4 28461 0.0217259 0.8 p2 3850 25
49 60994 m1 26854 0 0.5 p2 3910 25
38 62500 m4 19843 0.181923 0.8 p2 3985 25
41 62773 m1 20195 0 0.5 p2 3999 25
66 63998 m4 34951 0.0443212 0.8 p2 4055 25
158 65624 m1 99528 0 0.5 p2 4132 25
74 66757 m1 36381 0 0.5 p2 4187 25
122 66799 m4 71927 0.0453574 0.8 p2 4189 25
130 67208 m4 76188 0.277209 0.8 p2 4207 25
0 67872 m4 2786 0.131778 0.8 p2 4239 25
62 69067 m4 34121 0.0817371 0.8 p2 4294 25
22 70629 m4 12306 0.0874667 0.8 p2 4367 25
34 72349 m1 18112 0 0.5 p2 4449 25
81 72855 m1 47036 0 0.5 p2 4473 25
23 75039 m4 12592 0.0200238 0.8 p2 4579 25
138 76417 m4 82620 0.11372 0.8 p2 4642 25
120 77923 m4 71884 0.116636 0.8 p2 4715 25
113 77978 m4 68603 0.138817 0.8 p2 4718 25
147 78950 m1 91982 0 0.5 p2 4765 25
105 79539 m1 65217 0 0.5 p2 4792 25
27 79707 m4 16770 0.0255265 0.8 p2 4800 25
91 81966 m1 49458 0 0.5 p2 4904 25
75 83225 m3 37184 -2.044e-05 0.1 p2 4963 25
19 84265 m4 12259 0.0223723 0.8 p2 5014 25
115 84542 m1 70842 0 0.5 p2 5028 25
9 84583 m1 10377 0 0.5 p2 5030 25
109 85252 m4 66946 0.161199 0.8 p2 5062 25
106 85765 m4 66761 0.0908811 0.8 p2 5086 25
32 86255 m1 18016 0 0.5 p2 5110 25
71 86674 m4 35655 0.442309 0.8 p2 5130 25
37 87105 m4 18967 0.114143 0.8 p2 5150 25
95 87549 m1 55308 0 0.5 p2 5172 25
26 88122 m4 16292 0.0203343 0.8 p2 5199 25
47 88348 m1 25242 0 0.5 p2 5210 25
61 89979 m4 33932 0.0788068 0.8 p2 5288 25
31 91691 m4 17483 0.0192182 0.8 p2 5368 25
129 92556 m4 76150 0.0992474 0.8 p2 5409 25
165 92786 m4 101258 0.166006 0.8 p2 5420 25
144 92996 m1 86858 0 0.5 p2 5431 25
40 93018 m4 20061 0.0232644 0.8 p2 5432 25
101 95269 m1 59085 0 0.5 p2 5540 25
70 95408 m4 35436 0.000203019 0.8 p2 5547 25
50 97134 m1 26856 0 0.5 p2 5628 25
24 97387 m1 12986 0 0.5 p2 5639 25
137 98285 m1 81411 0 0.5 p2 5679 25
6 99443 m1 8175 0 0.5 p2 5734 25
140 99963 m3 82969 -7.75839e-06 0.1 p2 5759 25
64 100551 m4 34681 0.168277 0.8 p2 5789 25
154 101482 m1 97197 0 0.5 p2 5832 25
116 102036 m4 71654 0.373131 0.8 p2 5858 25
97 103150 m4 58234 0.0606616 0.8 p2 5913 25
13 103503 m4 11432 0.105302 0.8 p2 5930 25
25 104462 m1 16079 0 0.5 p2 5978 25
102 104856 m1 60377 0 0.5 p2 5997 25
84 106037 m4 48550 0.0274157 0.8 p2 6055 25
119 109115 m4 71822 0.109911 0.8 p2 6203 25
136 112953 m1 81070 0 0.5 p2 6390 25
78 114324 m1 40549 0 0.5 p2 6455 25
128 115392 m4 76099 0.132619 0.8 p2 6505 25
45 116483 m4 23647 0.141377 0.8 p2 6558 25
42 116921 m1 22816 0 0.5 p2 6580 25
2 117802 m4 3213 0.139087 0.8 p2 6622 25
51 117975 m4 27878 0.00571513 0.8 p2 6630 25
65 121329 m4 34765 0.00565961 0.8 p2 6789 25
5 124981 m4 6430 0.188023 0.8 p2 6964 25
55 126656 m1 29342 0 0.5 p2 7044 25
36 127148 m4 18923 0.0298458 0.8 p2 7066 25
112 128193 m4 68170 0.0519706 0.8 p2 7114 25
7 128516 m1 10074 0 0.5 p2 7129 25
82 128613 m1 47334 0 0.5 p2 7133 25
156 128674 m4 97944 0.127734 0.8 p2 7136 25
56 129512 m1 29774 0 0.5 p2 7175 25
77 130146 m1 39489 0 0.5 p2 7207 25
14 130342 m4 11440 0.14433 0.8 p2 7216 25
88 131048 m4 49295 0.0399757 0.8 p2 7252 25
103 131176 m1 62046 0 0.5 p2 7258 25
69 131649 m4 35274 0.205687 0.8 p2 7280 25
28 131708 m1 16839 0 0.5 p2 7283 25
12 132345 m4 11290 0.0360352 0.8 p2 7314 25
10 133794 m1 11170 0 0.5 p2 7385 25
94 134015 m3 53727 -1.06506e-05 0.1 p2 7395 25
86 134473 m4 48927 0.14867 0.8 p2 7417 25
83 135041 m1 47390 0 0.5 p2 7445 25
1 135076 m4 2789 0.0780813 0.8 p2 7447 25
133 137287 m1 76661 0 0.5 p2 7551 25
146 138332 m1 88267 0 0.5 p2 7599 25
127 138692 m4 76095 0.17019 0.8 p2 7616 25
132 139111 m1 76412 0 0.5 p2 7636 25
110 140213 m4 66980 0.209658 0.8 p2 7687 25
39 141036 m4 19930 0.0464504 0.8 p2 7725 25
164 141510 m4 101248 0.043279 0.8 p2 7748 25
48 142069 m1 25556 0 0.5 p2 7776 25
59 144608 m4 33906 0.0725841 0.8 p2 7896 25
68 145083 m4 35241 0.23284 0.8 p2 7918 25
108 145773 m4 66770 0.0103668 0.8 p2 7952 25
72 146269 m1 35858 0 0.5 p2 7977 25
104 148460 m1 62513 0 0.5 p2 8081 25
89 148564 m4 49328 0.0620553 0.8 p2 8085 25
143 149078 m1 85405 0 0.5 p2 8111 25
16 149630 m4 11785 0.0172874 0.8 p2 8136 25
20 150180 m4 12299 0.0749887 0.8 p2 8160 25
58 151149 m1 33152 0 0.5 p2 8205 25
111 152235 m1 67702 0 0.5 p2 8258 25
98 157268 m3 58452 -0.00209064 0.1 p2 8500 25
99 157695 m4 58569 0.457894 0.8 p2 8521 25
162 160242 m3 101138 -2.11484e-09 0.1 p2 8642 25
15 163470 m4 11585 0.0462708 0.8 p2 8797 25
73 163705 m4 35953 0.0713993 0.8 p2 8808 25
149 164410 m2 93116 0 0.5 p2 8842 25
80 165468 m4 43732 0.0988381 0.8 p2 8896 25
44 165657 m2 23626 0 0.5 p2 8906 25
57 169456 m1 32030 0 0.5 p2 9084 25
160 170979 m4 101027 0.112703 0.8 p2 9157 25
142 171166 m1 84842 0 0.5 p2 9165 25
139 174268 m2 82741 0 0.5 p2 9309 25
163 174699 m4 101239 0.00301615 0.8 p2 9330 25
35 174803 m4 18896 0.138932 0.8 p2 9334 25
121 174968 m2 71919 0 0.5 p2 9342 25
21 175144 m4 12304 0.0316411 0.8 p2 9351 25
124 175364 m4 75559 0.0841421 0.8 p2 9363 25
52 176514 m4 28180 0.0162447 0.8 p2 9417 25
151 176971 m1 95661 0 0.5 p2 9440 25
53 178195 m4 28288 0.213853 0.8 p2 9500 25
123 179693 m4 72334 0.265333 0.8 p2 9570 25
60 180724 m4 33914 0.0335982 0.8 p2 9619 25
117 181856 m4 71656 0.117138 0.8 p2 9675 25
135 181908 m4 77268 0.36688 0.8 p2 9678 25
152 183588 m1 96460 0 0.5 p2 9759 25
107 184586 m4 66763 0.0734398 0.8 p2 9807 25
153 185163 m1 96544 0 0.5 p2 9835 25
92 185531 m1 49936 0 0.5 p2 9852 25
4 185886 m1 5869 0 0.5 p2 9869 23
131 186852 m4 76243 0.00843967 0.8 p2 9917 24
168 187140 m3 58368 -2.01262e-05 0.1 p2 9931 1
178 187365 m1 45551 0 0.5 p2 9942 1
173 187423 m1 67976 0 0.5 p2 9945 2
175 187427 m1 79037 0 0.5 p2 9945 1
174 187518 m1 70467 0 0.5 p2 9950 1
167 187562 m1 10102 0 0.5 p2 9952 1
177 187593 m1 7688 0 0.5 p2 9954 1
169 187734 m1 31153 0 0.5 p2 9960 2
172 187845 m1 21934 0 0.5 p2 9965 1
171 187991 m1 92600 0 0.5 p2 9972 1
166 188004 m1 54204 0 0.5 p2 9973 1
179 188016 m1 70515 0 0.5 p2 9973 1
114 188289 m1 69536 0 0.5 p2 9986 1
176 188316 m1 62484 0 0.5 p2 9987 1
170 188338 m1 58962 0 0.5 p2 9988 1
Genomes:
p2:0 A 0 1 2 3 4 5 6 7 8 9 10 11 12 13 14 15 16 17 18 19 20 21 22 23 24 25 26 27 28 29 30 31 32 33 34 35 36 37 38 39 40 41 42 43 44 45 46 47 48 49 50 51 52 53 54 55 56 57 58 59 60 61 62 63 64 65 66 67 68 69 70 71 72 73 74 75 76 77 78 79 80 81 82 83 84 85 86 87 88 89 90 91 92 93 94 95 96 97 98 99 100 101 102 103 104 105 106 107 108 109 110 111 112 113 114 115 116 117 118 119 120 121 122 123 124 125 126 127 128 129 130 131 132 133 134 135 136 137 138 139 140 141 142 143 144 145 146 147 148 149 150 151 152 153 154 155 156 157 158 159 160 161 162 163 164 165
p2:1 A 0 1 2 3 4 5 6 7 8 9 10 11 12 13 14 15 16 17 18 19 20 21 22 23 24 25 26 27 28 29 30 31 32 33 34 35 36 37 38 39 40 41 42 43 44 45 46 47 48 49 50 51 52 53 54 55 56 57 58 59 60 61 62 63 64 65 66 67 68 69 70 71 72 73 74 75 76 77 78 79 80 81 82 83 84 85 86 87 88 89 90 91 92 93 94 95 96 97 98 99 100 101 102 103 104 105 106 107 108 109 110 111 112 113 115 116 117 118 119 120 121 122 123 124 125 126 127 128 129 130 131 132 133 134 135 136 137 138 139 140 141 142 143 144 145 146 147 148 149 150 151 152 153 154 155 156 157 158 159 160 161 162 163 164 165
p2:2 A 0 1 2 3 4 5 6 7 8 9 10 11 12 13 14 15 16 17 18 19 20 21 22 23 24 25 26 27 28 29 30 31 32 33 34 35 36 37 38 39 40 41 42 43 44 45 46 47 48 49 50 51 52 53 54 55 56 57 58 59 60 61 62 63 64 65 66 67 68 69 70 71 72 73 74 75 76 77 78 79 80 81 82 83 84 85 86 87 88 89 90 91 92 93 94 95 96 97 98 99 100 101 102 103 104 105 106 107 108 109 110 111 112 113 115 116 117 118 119 120 121 122 123 124 125 126 127 128 129 130 131 132 133 134 135 136 137 138 139 140 141 142 143 144 145 146 147 148 149 150 151 152 153 154 155 156 157 158 159 160 161 162 163 164 165
p2:3 A 0 1 2 3 4 5 6 7 8 9 10 11 12 13 14 15 16 17 18 19 20 21 22 23 24 25 26 27 28 29 30 31 32 33 34 35 36 37 38 39 40 41 42 43 44 45 46 47 48 49 50 51 52 53 54 55 56 57 58 59 60 61 62 63 64 65 66 67 68 69 70 71 72 73 74 75 76 77 78 79 80 81 82 83 84 85 86 87 88 89 90 91 92 93 94 166 95 96 97 98 99 100 101 102 103 104 105 106 107 108 109 110 111 112 113 115 116 117 118 119 120 121 122 123 124 125 126 127 128 129 130 131 132 133 134 135 136 137 138 139 140 141 142 143 144 145 146 147 148 149 150 151 152 153 154 155 156 157 158 159 160 161 162 163 164 165
p2:4 A 0 1 2 3 4 5 6 7 8 9 10 11 12 13 14 15 16 17 18 19 20 21 22 23 24 25 26 27 28 29 30 31 32 33 34 35 36 37 38 39 40 41 42 43 44 45 46 47 48 49 50 51 52 53 54 55 56 57 58 59 60 61 62 63 64 65 66 67 68 69 70 71 72 73 74 75 76 77 78 79 80 81 82 83 84 85 86 87 88 89 90 91 92 93 94 95 96 97 98 99 100 101 102 103 104 105 106 107 108 109 110 111 112 113 115 116 117 118 119 120 121 122 123 124 125 126 127 128 129 130 131 132 133 134 135 136 137 138 139 140 141 142 143 144 145 146 147 148 149 150 151 152 153 154 155 156 157 158 159 160 161 162 163 164 165
p2:5 A 0 1 2 3 4 5 6 7 8 9 10 11 12 13 14 15 16 17 18 19 20 21 22 23 24 25 26 27 28 29 30 31 32 33 34 35 36 37 38 39 40 41 42 43 44 45 46 47 48 49 50 51 52 53 54 55 56 57 58 59 60 61 62 63 64 65 66 67 68 69 70 71 72 73 74 75 76 77 78 79 80 81 82 83 84 85 86 87 88 89 90 91 92 93 94 95 96 97 98 99 100 101 102 103 104 105 106 107 108 109 110 111 112 113 115 116 117 118 119 120 121 122 123 124 125 126 127 128 129 130 131 132 133 134 135 136 137 138 139 140 141 142 143 144 145 146 147 148 149 150 151 152 153 154 155 156 157 158 159 160 161 162 163 164 165
p2:6 A 0 1 2 3 4 5 6 7 8 9 10 11 12 13 14 15 16 17 18 19 20 21 22 23 24 25 26 27 28 29 30 31 32 33 34 35 36 37 38 39 40 41 42 43 44 45 46 47 48 49 50 51 52 53 54 55 56 57 58 59 60 61 62 63 64 65 66 67 68 69 70 71 72 73 74 75 76 77 78 79 80 81 82 83 84 85 86 87 88 89 90 91 92 93 94 95 96 97 98 99 100 101 102 103 104 105 106 107 108 109 110 111 112 113 115 116 117 118 119 120 121 122 123 124 125 126 127 128 129 130 131 132 133 134 135 136 137 138 139 140 141 142 143 144 145 146 147 148 149 150 151 152 153 154 155 156 157 158 159 160 161 162 163 164 165
p2:7 A 0 1 2 3 4 5 6 7 167 8 9 10 11 12 13 14 15 16 17 18 19 20 21 22 23 24 25 26 27 28 29 30 31 32 33 34 35 36 37 38 39 40 41 42 43 44 45 46 47 48 49 50 51 52 53 54 55 56 57 58 59 60 61 62 63 64 65 66 67 68 69 70 71 72 73 74 75 76 77 78 79 80 81 82 83 84 85 86 87 88 89 90 91 92 93 94 95 96 97 168 98 99 100 101 102 103 104 105 106 107 108 109 110 111 112 113 115 116 117 118 119 120 121 122 123 124 125 126 127 128 129 130 131 132 133 134 135 136 137 138 139 140 141 142 143 144 145 146 147 148 149 150 151 152 153 154 155 156 157 158 159 160 161 162 163 164 165
p2:8 A 0 1 2 3 4 5 6 7 8 9 10 11 12 13 14 15 16 17 18 19 20 21 22 23 24 25 26 27 28 29 30 31 32 33 34 35 36 37 38 39 40 41 42 43 44 45 46 47 48 49 50 51 52 53 54 55 56 57 58 59 60 61 62 63 64 65 66 67 68 69 70 71 72 73 74 75 76 77 78 79 80 81 82 83 84 85 86 87 88 89 90 91 92 93 94 95 96 97 98 99 100 101 102 103 104 105 106 107 108 109 110 111 112 113 115 116 117 118 119 120 121 122 123 124 125 126 127 128 129 130 131 132 133 134 135 136 137 138 139 140 141 142 143 144 145 146 147 148 149 150 151 152 153 154 155 156 157 158 159 160 161 162 163 164 165
p2:9 A 0 1 2 3 4 5 6 7 8 9 10 11 12 13 14 15 16 17 18 19 20 21 22 23 24 25 26 27 28 29 30 31 32 33 34 35 36 37 38 39 40 41 42 43 44 45 46 47 48 49 50 51 52 53 54 55 56 169 57 58 59 60 61 62 63 64 65 66 67 68 69 70 71 72 73 74 75 76 77 78 79 80 81 82 83 84 85 86 87 88 89 90 91 92 93 94 95 96 97 98 99 100 170 101 102 103 104 105 106 107 108 109 110 111 112 113 115 116 117 118 119 120 121 122 123 124 125 126 127 128 129 130 131 132 133 134 135 136 137 138 139 140 141 142 143 144 145 146 147 148 149 150 151 152 153 154 155 156 157 158 159 160 161 162 163 164 165
p2:10 A 0 1 2 3 4 5 6 7 8 9 10 11 12 13 14 15 16 17 18 19 20 21 22 23 24 25 26 27 28 29 30 31 32 33 34 35 36 37 38 39 40 41 42 43 44 45 46 47 48 49 50 51 52 53 54 55 56 57 58 59 60 61 62 63 64 65 66 67 68 69 70 71 72 73 74 75 76 77 78 79 80 81 82 83 84 85 86 87 88 89 90 91 92 93 94 95 96 97 98 99 100 101 102 103 104 105 106 107 108 109 110 111 112 113 115 116 117 118 119 120 121 122 123 124 125 126 127 128 129 130 131 132 133 134 135 136 137 138 139 140 141 142 143 144 145 146 147 148 149 150 151 152 153 154 155 156 157 158 159 160 161 162 163 164 165
p2:11 A 0 1 2 3 4 5 6 7 8 9 10 11 12 13 14 15 16 17 18 19 20 21 22 23 24 25 26 27 28 29 30 31 32 33 34 35 36 37 38 39 40 41 42 43 44 45 46 47 48 49 50 51 52 53 54 55 56 57 58 59 60 61 62 63 64 65 66 67 68 69 70 71 72 73 74 75 76 77 78 79 80 81 82 83 84 85 86 87 88 89 90 91 92 93 94 95 96 97 98 99 100 101 102 103 104 105 106 107 108 109 110 111 112 113 115 116 117 118 119 120 121 122 123 124 125 126 127 128 129 130 132 133 134 135 136 137 138 139 140 141 142 143 144 145 146 147 148 149 150 151 152 153 154 155 156 157 158 159 160 161 162 163 164 165
p2:12 A 0 1 2 3 4 5 6 7 8 9 10 11 12 13 14 15 16 17 18 19 20 21 22 23 24 25 26 27 28 29 30 31 32 33 34 35 36 37 38 39 40 41 42 43 44 45 46 47 48 49 50 51 52 53 54 55 56 57 58 59 60 61 62 63 64 65 66 67 68 69 70 71 72 73 74 75 76 77 78 79 80 81 82 83 84 85 86 87 88 89 90 91 92 93 94 95 96 97 98 99 100 101 102 103 104 105 106 107 108 109 110 111 112 113 115 116 117 118 119 120 121 122 123 124 125 126 127 128 129 130 131 132 133 134 135 136 137 138 139 140 141 142 143 144 145 146 147 148 149 150 151 152 153 154 155 156 157 158 159 160 161 162 163 164 165
p2:13 A 0 1 2 3 4 5 6 7 8 9 10 11 12 13 14 15 16 17 18 19 20 21 22 23 24 25 26 27 28 29 30 31 32 33 34 35 36 37 38 39 40 41 42 43 44 45 46 47 48 49 50 51 52 53 54 55 56 57 58 59 60 61 62 63 64 65 66 67 68 69 70 71 72 73 74 75 76 77 78 79 80 81 82 83 84 85 86 87 88 89 90 91 92 93 94 95 96 97 98 99 100 101 102 103 104 105 106 107 108 109 110 111 112 113 115 116 117 118 119 120 121 122 123 124 125 126 127 128 129 130 131 132 133 134 135 136 137 138 139 140 141 142 143 144 145 146 147 148 149 150 151 152 153 154 155 156 157 158 159 160 161 162 163 164 165
p2:14 A 0 1 2 3 4 5 6 7 8 9 10 11 12 13 14 15 16 17 18 19 20 21 22 23 24 25 26 27 28 29 30 31 32 33 34 35 36 37 38 39 40 41 42 43 44 45 46 47 48 49 50 51 52 53 54 55 56 57 58 59 60 61 62 63 64 65 66 67 68 69 70 71 72 73 74 75 76 77 78 79 80 81 82 83 84 85 86 87 88 89 90 91 92 93 94 95 96 97 98 99 100 101 102 103 104 105 106 107 108 109 110 111 112 113 115 116 117 118 119 120 121 122 123 124 125 126 127 128 129 130 131 132 133 134 135 136 137 138 139 140 141 142 143 144 145 146 147 148 149 150 151 152 153 154 155 156 157 158 159 160 161 162 163 164 165
p2:15 A 0 1 2 3 4 5 6 7 8 9 10 11 12 13 14 15 16 17 18 19 20 21 22 23 24 25 26 27 28 29 30 31 32 33 34 35 36 37 38 39 40 41 42 43 44 45 46 47 48 49 50 51 52 53 54 55 56 57 58 59 60 61 62 63 64 65 66 67 68 69 70 71 72 73 74 75 76 77 78 79 80 81 82 83 84 85 86 87 88 89 90 91 92 93 94 95 96 97 98 99 100 101 102 103 104 105 106 107 108 109 110 111 112 113 115 116 117 118 119 120 121 122 123 124 125 126 127 128 129 130 131 132 133 134 135 136 137 138 139 140 141 142 143 144 145 146 147 171 148 149 150 151 152 153 154 155 156 157 158 159 160 161 162 163 164 165
p2:16 A 0 1 2 3 4 5 6 7 8 9 10 11 12 13 14 15 16 17 18 19 20 21 22 23 24 25 26 27 28 29 30 31 32 33 34 35 36 37 38 39 40 41 172 42 43 44 45 46 47 48 49 50 51 52 53 54 55 56 57 58 59 60 61 62 63 64 65 66 67 68 69 70 71 72 73 74 75 76 77 78 79 80 81 82 83 84 85 86 87 88 89 90 91 92 93 94 95 96 97 98 99 100 101 102 103 104 105 106 107 108 109 110 111 112 113 115 116 117 118 119 120 121 122 123 124 125 126 127 128 129 130 131 132 133 134 135 136 137 138 139 140 141 142 143 144 145 146 147 148 149 150 151 152 153 154 155 156 157 158 159 160 161 162 163 164 165
p2:17 A 0 1 2 3 5 6 7 8 9 10 11 12 13 14 15 16 17 18 19 20 21 22 23 24 25 26 27 28 29 30 31 32 33 34 35 36 37 38 39 40 41 42 43 44 45 46 47 48 49 50 51 52 53 54 55 56 57 58 59 60 61 62 63 64 65 66 67 68 69 70 71 72 73 74 75 76 77 78 79 80 81 82 83 84 85 86 87 88 89 90 91 92 93 94 95 96 97 98 99 100 101 102 103 104 105 106 107 108 109 110 111 173 112 113 115 116 117 118 119 120 121 122 123 124 125 126 127 128 129 130 131 132 133 134 135 136 137 138 139 140 141 142 143 144 145 146 147 148 149 150 151 152 153 154 155 156 157 158 159 160 161 162 163 164 165
p2:18 A 0 1 2 3 4 5 6 7 8 9 10 11 12 13 14 15 16 17 18 19 20 21 22 23 24 25 26 27 28 29 30 31 32 33 34 35 36 37 38 39 40 41 42 43 44 45 46 47 48 49 50 51 52 53 54 55 56 57 58 59 60 61 62 63 64 65 66 67 68 69 70 71 72 73 74 75 76 77 78 79 80 81 82 83 84 85 86 87 88 89 90 91 92 93 94 95 96 97 98 99 100 101 102 103 104 105 106 107 108 109 110 111 112 113 174 115 116 117 118 119 120 121 122 123 124 125 126 127 128 129 130 131 132 133 134 135 175 136 137 138 139 140 141 142 143 144 145 146 147 148 149 150 151 152 153 154 155 156 157 158 159 160 161 162 163 164 165
p2:19 A 0 1 2 3 4 5 6 7 8 9 10 11 12 13 14 15 16 17 18 19 20 21 22 23 24 25 26 27 28 29 30 31 32 33 34 35 36 37 38 39 40 41 42 43 44 45 46 47 48 49 50 51 52 53 54 55 56 57 58 59 60 61 62 63 64 65 66 67 68 69 70 71 72 73 74 75 76 77 78 79 80 81 82 83 84 85 86 87 88 89 90 91 92 93 94 95 96 97 98 99 100 101 102 103 104 105 106 107 108 109 110 111 112 113 115 116 117 118 119 120 121 122 123 124 125 126 127 128 129 130 131 132 133 134 135 136 137 138 139 140 141 142 143 144 145 146 147 148 149 150 151 152 153 154 155 156 157 158 159 160 161 162 163 164 165
p2:20 A 0 1 2 3 4 5 6 7 8 9 10 11 12 13 14 15 16 17 18 19 20 21 22 23 24 25 26 27 28 29 30 31 32 33 34 35 36 37 38 39 40 41 42 43 44 45 46 47 48 49 50 51 52 53 54 55 56 57 58 59 60 61 62 63 64 65 66 67 68 69 70 71 72 73 74 75 76 77 78 79 80 81 82 83 84 85 86 87 88 89 90 91 92 93 94 95 96 97 98 99 100 101 102 103 176 104 105 106 107 108 109 110 111 112 113 115 116 117 118 119 120 121 122 123 124 125 126 127 128 129 130 131 132 133 134 135 136 137 138 139 140 141 142 143 144 145 146 147 148 149 150 151 152 153 154 155 156 157 158 159 160 161 162 163 164 165
p2:21 A 0 1 2 3 4 5 6 7 8 9 10 11 12 13 14 15 16 17 18 19 20 21 22 23 24 25 26 27 28 29 30 31 32 33 34 35 36 37 38 39 40 41 42 43 44 45 46 47 48 49 50 51 52 53 54 55 56 169 57 58 59 60 61 62 63 64 65 66 67 68 69 70 71 72 73 74 75 76 77 78 79 80 81 82 83 84 85 86 87 88 89 90 91 92 93 94 95 96 97 98 99 100 101 102 103 104 105 106 107 108 109 110 111 112 113 115 116 117 118 119 120 121 122 123 124 125 126 127 128 129 130 131 132 133 134 135 136 137 138 139 140 141 142 143 144 145 146 147 148 149 150 151 152 153 154 155 156 157 158 159 160 161 162 163 164 165
p2:22 A 0 1 2 3 5 6 7 8 9 10 11 12 13 14 15 16 17 18 19 20 21 22 23 24 25 26 27 28 29 30 31 32 33 34 35 36 37 38 39 40 41 42 43 44 45 46 47 48 49 50 51 52 53 54 55 56 57 58 59 60 61 62 63 64 65 66 67 68 69 70 71 72 73 74 75 76 77 78 79 80 81 82 83 84 85 86 87 88 89 90 91 92 93 94 95 96 97 98 99 100 101 102 103 104 105 106 107 108 109 110 111 173 112 113 115 116 117 118 119 120 121 122 123 124 125 126 127 128 129 130 131 132 133 134 135 136 137 138 139 140 141 142 143 144 145 146 147 148 149 150 151 152 153 154 155 156 157 158 159 160 161 162 163 164 165
p2:23 A 0 1 2 3 4 5 177 6 7 8 9 10 11 12 13 14 15 16 17 18 19 20 21 22 23 24 25 26 27 28 29 30 31 32 33 34 35 36 37 38 39 40 41 42 43 44 45 46 47 48 49 50 51 52 53 54 55 56 57 58 59 60 61 62 63 64 65 66 67 68 69 70 71 72 73 74 75 76 77 78 79 80 178 81 82 83 84 85 86 87 88 89 90 91 92 93 94 95 96 97 98 99 100 101 102 103 104 105 106 107 108 109 110 111 112 113 179 115 116 117 118 119 120 121 122 123 124 125 126 127 128 129 130 131 132 133 134 135 136 137 138 139 140 141 142 143 144 145 146 147 148 149 150 151 152 153 154 155 156 157 158 159 160 161 162 163 164 165
p2:24 A 0 1 2 3 4 5 6 7 8 9 10 11 12 13 14 15 16 17 18 19 20 21 22 23 24 25 26 27 28 29 30 31 32 33 34 35 36 37 38 39 40 41 42 43 44 45 46 47 48 49 50 51 52 53 54 55 56 57 58 59 60 61 62 63 64 65 66 67 68 69 70 71 72 73 74 75 76 77 78 79 80 81 82 83 84 85 86 87 88 89 90 91 92 93 94 95 96 97 98 99 100 101 102 103 104 105 106 107 108 109 110 111 112 113 115 116 117 118 119 120 121 122 123 124 125 126 127 128 129 130 131 132 133 134 135 136 137 138 139 140 141 142 143 144 145 146 147 148 149 150 151 152 153 154 155 156 157 158 159 160 161 162 163 164 165
