//
segsites: 172
positions: 0.0007282353 0.0063211765 0.0128247059 0.0269200000 0.0298317647 0.0361164706 0.0412623529 0.0418564706 0.0466094118 0.0475082353 0.0476894118 0.0480964706 0.0502576471 0.0510611765 0.0524447059 0.0537258824 0.0619447059 0.0646811765 0.0676105882 0.0682094118 0.0683364706 0.0709129412 0.0709129412 0.0716352941 0.0717894118 0.0736388235 0.0756729412 0.0757717647 0.0769082353 0.0780341176 0.0788811765 0.0833352941 0.0853458824 0.0879070588 0.0947847059 0.0990658824 0.1007047059 0.1044341176 0.1074694118 0.1079741176 0.1082905882 0.1102341176 0.1126741176 0.1148152941 0.1155517647 0.1157505882 0.1163082353 0.1178270588 0.1180141176 0.1196517647 0.1299047059 0.1357776471 0.1384823529 0.1462023529 0.1600482353 0.1647870588 0.1823658824 0.1856458824 0.1869388235 0.1919282353 0.2003258824 0.2072741176 0.2095035294 0.2141176471 0.2230047059 0.2369329412 0.2405376471 0.2431376471 0.2461435294 0.2464635294 0.2470682353 0.2536752941 0.2612611765 0.2621905882 0.2733882353 0.2742047059 0.2857517647 0.2871835294 0.2905835294 0.2948305882 0.3148105882 0.3173011765 0.3281682353 0.3323305882 0.3344211765 0.3348588235 0.3503505882 0.3515094118 0.3850564706 0.3921882353 0.3960282353 0.4093505882 0.4193023529 0.4246188235 0.4300905882 0.4368035294 0.4410447059 0.4522117647 0.4757023529 0.4883188235 0.4891458824 0.4917305882 0.4932058824 0.5026929412 0.5033729412 0.5036658824 0.5036776471 0.5089082353 0.5131352941 0.5151223529 0.5156364706 0.5259505882 0.5397717647 0.5397847059 0.5551082353 0.5667505882 0.5685458824 0.5730023529 0.5760400000 0.5889000000 0.6072623529 0.6331964706 0.6342000000 0.6435752941 0.6435917647 0.6446847059 0.6470964706 0.6536952941 0.6572435294 0.6637564706 0.6671423529 0.6882776471 0.7057200000 0.7140282353 0.7158094118 0.7281576471 0.7331611765 0.7435482353 0.7529600000 0.7586105882 0.7702423529 0.7730470588 0.7753023529 0.7754588235 0.7998129412 0.8117905882 0.8177200000 0.8186282353 0.8316976471 0.8344105882 0.8402223529 0.8425858824 0.8475200000 0.8484717647 0.8566976471 0.8718223529 0.8847470588 0.8913823529 0.9101564706 0.9168823529 0.9244094118 0.9386858824 0.9406917647 0.9458000000 0.9464929412 0.9556823529 0.9589647059 0.9637376471 0.9805588235 0.9821858824 0.9968776471 0.9992458824
1010001000001010110000010010001011010101101001100111001110010100010000110110110000000100001111010010010100011100100111001101010000001111001010101111011000000111000010101111
1010001000001010110000010010001001010101001001000111001110000010010000100110110000000111000011010010010100001000000101001101010000001111011010101111010100000111000010101111
0000100001000100001110100101100100001000000110011010111111100000011000100110111110000100000011010010110110001000000101101101010001001111101010101111010000000111000001001111
1010001000001010110000010010001001010101001001000111001110000000010100100110110000000110000011010010010100001001000101001101010000001111011010101111010000000111000100001111
0010001010001001010000001010001001010101000001000010011110000000010000100110110000001100000011010010011100001000000101001101010000001111001111101111010010001111000001001111
0100000001100000001110000101110100001010000110011010011111101001010000101110110000000100000011010011010100101000000101001101010001001111101010101111010000000111000001001111
0100000001100000001110000101110100001010000110011010011111101001010000100110110000000100000011010011010100101000000101001101010001001111101010101111010000000111000001001111
0011001100001001010001000010001001010101000001000111001110000000010010100110110000000100110011010010010100001010000101001101010000001111001011101111110001001111000000001111
1010001000001010110000010010001011010101101001100111001110010100010000110110110000000100001111010010010100011000100111001101010000001111001010101111011000000111000010101111
0000100001000100001110100101100100001000000110011010111111100000010001100110110000010100000011111010010100001000001101001111111010101111001010111111010000000111011001001111
1010011000001010110000010010001001010101010001000011001110000100010000110111110000000100000111010010010100011000100111001101010000001111001010101111011000000111000010101111
0000000001000000001110000101100100001000000110011010011111100000011000100110110110000100000011010010010100001000000101001101010001001111101010101111010000000111000001011111
0100000001100000001110000101110100001010000110011010011111101001010000100110110000000100000011010011010100101000000101001101010001001111101010101111010000000111100010101111
1010001000001010110000010010001011110101101001100111001110010100010000110110110000000100001111010010010100011000100111001101010000001111001010101111011000000111000010101111
1010001000001010110000010010001001010101001001000111001110000000010000100110110000100110000011010010010100001000010101011101010000001111011010101111010000000111000010101111
1010001000001010110000010010001011010101101001100111001110010100010000110110110000000100001111010010010100011000100111001101010000001111001010101111011000000111000010101111
1010001000011010110000010010001001010101001001000111001110000000010000100110110000000111000011010010010100001000000101001101010000001111011010101111010000000111000001011111
1010001000001010110000010010001001010101001001000111001110000000010000100110110000000100000011010010010100001000000101001101010000011111011010101111010000000111000010101111
1010001000001010110000010010001001010101000001000011001110000000110000100110110000000100000011010110010101001000000101001101010100001111001011101111010000100111000001001111
0010001000001001010001000010001001010101000001000111001110000000010010100110110001000100000011010010010100001010000101001101010000001111001011101111010000011111000000001111
