#OUT: 1500 SS p65 20 /Users/heinrich/ComputationalGenetics/Group A/Universe Script/New Data/prophetsSample.txt
Mutations:
95 59939 m60 58086 0.0347545259 0.5 p65 703 10
16 62035 m60 98388 0.0165733304 0.5 p65 713 10
29 62306 m1 244106 0 0.5 p65 715 20
36 64720 m1 417971 0 0.5 p65 726 20
66 69238 m1 847346 0 0.5 p65 748 20
28 71358 m1 242889 0 0.5 p65 758 20
54 75508 m1 679841 0 0.5 p65 776 20
96 83588 m60 62593 0.00668017427 0.5 p65 807 10
104 83589 m1 100312 0 0.5 p65 807 10
33 83830 m1 360926 0 0.5 p65 808 20
8 85861 m60 64322 0.0201784819 0.5 p65 816 10
30 88746 m1 284630 0 0.5 p65 827 20
55 95292 m1 690022 0 0.5 p65 853 20
1 95848 m1 10901 0 0.5 p65 855 10
49 96056 m1 618934 0 0.5 p65 856 20
101 96305 m1 97593 0 0.5 p65 857 10
32 100447 m1 356407 0 0.5 p65 873 20
26 109427 m1 232380 0 0.5 p65 908 20
59 109953 m1 757675 0 0.5 p65 910 20
3 110988 m60 42719 0.00561872125 0.5 p65 914 10
13 113114 m61 88769 -0.00376667478 0.5 p65 922 10
102 116270 m61 98219 -0.00243932731 0.5 p65 934 10
37 120395 m1 427289 0 0.5 p65 950 20
21 125323 m1 140069 0 0.5 p65 969 20
23 130960 m2 201393 0 0.5 p65 991 20
60 132237 m1 773633 0 0.5 p65 996 20
41 132960 m2 516173 0 0.5 p65 999 20
97 135072 m61 64406 -0.00103056384 0.5 p65 1007 10
24 136930 m2 210008 0 0.5 p65 1014 20
103 137713 m1 100153 0 0.5 p65 1017 10
11 138222 m60 84206 0.0377636664 0.5 p65 1019 10
99 140073 m1 70835 0 0.5 p65 1026 10
51 142428 m1 640016 0 0.5 p65 1035 20
43 142942 m1 547039 0 0.5 p65 1037 20
34 145336 m1 371283 0 0.5 p65 1046 20
22 145600 m1 155011 0 0.5 p65 1047 20
57 147182 m1 695834 0 0.5 p65 1053 20
18 150876 m1 110419 0 0.5 p65 1067 19
130 153746 m1 101609 0 0.5 p65 1078 1
47 157210 m2 606924 0 0.5 p65 1091 20
40 158442 m1 487052 0 0.5 p65 1096 20
42 159496 m2 538217 0 0.5 p65 1100 20
48 161571 m2 608438 0 0.5 p65 1108 20
98 162422 m60 65372 0.00359707884 0.5 p65 1111 10
46 164402 m2 599862 0 0.5 p65 1119 20
65 167725 m1 834858 0 0.5 p65 1132 20
39 169044 m1 481738 0 0.5 p65 1137 20
67 170556 m1 849359 0 0.5 p65 1143 20
14 171080 m60 91778 0.00523444917 0.5 p65 1145 10
64 174244 m1 833475 0 0.5 p65 1157 20
56 177119 m1 695062 0 0.5 p65 1168 20
131 177127 m1 102357 0 0.5 p65 1168 1
44 178680 m3 547982 -0.000453633838 0.100000001 p65 1174 20
10 180535 m60 74721 0.00191917515 0.5 p65 1181 10
52 183904 m2 654706 0 0.5 p65 1194 20
61 187215 m1 779350 0 0.5 p65 1207 20
93 187495 m61 57469 -0.00587557489 0.5 p65 1208 10
20 188285 m1 136041 0 0.5 p65 1211 19
106 196787 m1 157799 0 0.5 p65 1244 9
100 198305 m1 85599 0 0.5 p65 1250 9
9 198559 m61 67049 -0.00218268996 0.5 p65 1251 10
53 202209 m2 659007 0 0.5 p65 1265 20
128 204262 m1 65933 0 0.5 p65 1273 1
38 205563 m3 436165 -0.00173761661 0.100000001 p65 1278 20
129 207116 m61 86987 -0.000937795616 0.5 p65 1284 1
2 207691 m1 35073 0 0.5 p65 1286 10
127 208384 m2 45330 0 0.5 p65 1289 1
94 208880 m2 57978 0 0.5 p65 1291 9
35 210131 m2 404347 0 0.5 p65 1296 20
58 210132 m2 709249 0 0.5 p65 1296 20
6 211733 m60 54979 0.00624125218 0.5 p65 1302 10
25 214347 m1 222862 0 0.5 p65 1312 20
105 216906 m1 124272 0 0.5 p65 1322 9
92 218157 m2 40382 0 0.5 p65 1327 9
7 218393 m1 60890 0 0.5 p65 1328 9
137 220690 m1 547053 0 0.5 p65 1337 1
141 223240 m2 659140 0 0.5 p65 1347 1
0 223793 m1 619 0 0.5 p65 1349 9
4 225899 m1 44578 0 0.5 p65 1357 9
138 227273 m1 550032 0 0.5 p65 1362 1
134 229318 m1 282481 0 0.5 p65 1370 1
5 229825 m61 52653 -0.0275937095 0.5 p65 1372 9
91 229855 m1 812330 0 0.5 p65 1372 16
19 230854 m1 115411 0 0.5 p65 1376 10
140 230858 m1 567071 0 0.5 p65 1376 1
85 231401 m2 250606 0 0.5 p65 1378 12
68 234182 m2 45667 0 0.5 p65 1389 1
107 237007 m1 158898 0 0.5 p65 1400 9
114 237029 m1 176183 0 0.5 p65 1400 1
75 238578 m2 657090 0 0.5 p65 1406 1
139 239158 m1 558657 0 0.5 p65 1408 1
88 239170 m1 564193 0 0.5 p65 1408 13
142 240970 m1 684478 0 0.5 p65 1415 1
77 241765 m1 752035 0 0.5 p65 1418 1
136 242004 m2 394300 0 0.5 p65 1419 1
63 242013 m1 815120 0 0.5 p65 1419 3
17 242261 m1 101704 0 0.5 p65 1420 10
62 243010 m1 804519 0 0.5 p65 1423 2
89 243809 m1 623187 0 0.5 p65 1426 13
15 244082 m61 95773 -0.023053797 0.5 p65 1427 9
143 244887 m1 706413 0 0.5 p65 1430 1
50 245133 m1 632016 0 0.5 p65 1431 5
80 246389 m2 98862 0 0.5 p65 1436 4
83 247423 m2 204457 0 0.5 p65 1440 12
86 247698 m2 267589 0 0.5 p65 1441 12
82 247703 m1 163139 0 0.5 p65 1441 4
132 247954 m1 111970 0 0.5 p65 1442 1
79 248443 m1 92047 0 0.5 p65 1444 4
115 249014 m1 215624 0 0.5 p65 1446 1
120 250378 m60 60276 0.00090386899 0.5 p65 1451 4
74 250907 m3 438291 -0.00273711467 0.100000001 p65 1453 1
31 251411 m1 297798 0 0.5 p65 1455 5
118 251932 m1 25357 0 0.5 p65 1457 4
84 251933 m2 246996 0 0.5 p65 1457 7
116 252952 m1 347948 0 0.5 p65 1461 1
70 253223 m2 209222 0 0.5 p65 1462 1
69 253702 m61 60276 -0.00187585584 0.5 p65 1464 1
144 254222 m1 803930 0 0.5 p65 1466 1
78 254457 m60 72544 0.0308853369 0.5 p65 1467 4
87 254947 m3 427867 -0.00558399642 0.100000001 p65 1469 6
126 255219 m1 34063 0 0.5 p65 1470 1
27 255221 m1 241593 0 0.5 p65 1470 1
145 255476 m1 809921 0 0.5 p65 1471 1
72 255760 m2 333360 0 0.5 p65 1472 1
110 256254 m1 298783 0 0.5 p65 1474 4
135 256520 m2 383093 0 0.5 p65 1475 1
119 256818 m2 43402 0 0.5 p65 1476 3
81 257335 m1 162204 0 0.5 p65 1478 3
71 258846 m3 233258 -0.00382866408 0.100000001 p65 1484 1
133 258856 m2 190130 0 0.5 p65 1484 1
121 258857 m1 117710 0 0.5 p65 1484 2
108 259102 m1 819177 0 0.5 p65 1485 7
122 259579 m1 489634 0 0.5 p65 1487 2
113 260341 m2 716198 0 0.5 p65 1490 1
45 260352 m1 552210 0 0.5 p65 1490 1
76 260358 m1 688636 0 0.5 p65 1490 1
124 260582 m1 843912 0 0.5 p65 1491 1
111 260859 m1 178078 0 0.5 p65 1492 1
125 261872 m2 471099 0 0.5 p65 1496 2
112 261874 m1 217114 0 0.5 p65 1496 1
12 261879 m1 87616 0 0.5 p65 1496 1
123 262090 m2 46235 0 0.5 p65 1497 1
73 262361 m1 435972 0 0.5 p65 1498 1
90 262577 m1 704920 0 0.5 p65 1499 1
117 262812 m1 805919 0 0.5 p65 1500 1
109 262841 m61 40882 -0.00284404913 0.5 p65 1500 1
Genomes:
p65:0 A 0 1 2 3 4 5 6 7 8 9 10 11 12 13 14 15 16 17 18 19 20 21 22 23 24 25 26 27 28 29 30 31 32 33 34 35 36 37 38 39 40 41 42 43 44 45 46 47 48 49 50 51 52 53 54 55 56 57 58 59 60 61 62 63 64 65 66 67
p65:1 A 1 2 3 68 6 69 8 9 10 11 13 14 16 17 18 19 20 21 22 23 70 24 25 26 71 28 29 30 72 32 33 34 35 36 37 73 38 74 39 40 41 42 43 44 46 47 48 49 51 52 75 53 54 76 55 56 57 58 77 59 60 61 64 65 66 67
p65:2 A 0 1 2 3 4 5 6 7 8 9 78 10 11 13 14 79 15 16 80 17 18 19 20 21 22 81 82 23 83 24 25 26 28 29 84 85 86 30 32 33 34 35 36 37 87 38 39 40 41 42 43 44 88 46 47 48 49 89 51 52 53 54 55 56 57 90 58 59 60 61 91 64 65 66 67
p65:3 A 92 93 94 95 96 97 98 99 100 101 102 103 104 18 105 20 21 22 106 107 23 83 24 25 26 28 29 85 86 30 32 33 34 35 36 37 38 39 40 41 42 43 44 88 46 47 48 49 89 51 52 53 54 55 56 57 58 59 60 61 91 108 64 65 66 67
p65:4 A 0 1 2 109 3 4 5 6 7 8 9 10 11 13 14 15 16 17 18 19 20 21 22 23 24 25 26 28 29 30 31 110 32 33 34 35 36 37 38 39 40 41 42 43 44 46 47 48 49 50 51 52 53 54 55 56 57 58 59 60 61 91 108 64 65 66 67
p65:5 A 0 1 2 3 4 5 6 7 8 9 10 11 13 14 15 16 17 18 19 20 21 22 111 23 24 112 25 26 28 29 30 31 110 32 33 34 35 36 37 38 39 40 41 42 43 44 46 47 48 49 50 51 52 53 54 55 56 57 58 113 59 60 61 62 63 64 65 66 67
p65:6 A 0 1 2 3 4 5 6 7 8 9 78 10 11 13 14 79 15 16 80 17 18 19 20 21 22 82 114 23 24 115 25 26 28 29 30 116 32 33 34 35 36 37 38 39 40 41 42 43 44 88 46 47 48 49 89 51 52 53 54 55 56 57 58 59 60 61 117 91 64 65 66 67
p65:7 A 0 1 2 3 4 5 6 7 8 9 78 10 11 13 14 79 15 16 80 17 18 19 20 21 22 81 82 23 83 24 25 26 28 29 84 85 86 30 32 33 34 35 36 37 87 38 39 40 41 42 43 44 88 46 47 48 49 89 51 52 53 54 55 56 57 58 59 60 61 91 64 65 66 67
p65:8 A 92 93 94 95 96 97 98 99 100 101 102 103 104 18 105 20 21 22 106 107 23 83 24 25 26 28 29 85 86 30 32 33 34 35 36 37 38 39 40 41 42 43 44 88 46 47 48 49 89 51 52 53 54 55 56 57 58 59 60 61 91 108 64 65 66 67
p65:9 A 118 92 119 93 94 95 120 96 97 98 99 100 101 102 103 104 18 121 105 20 21 22 106 107 23 83 24 25 26 28 29 84 85 86 30 32 33 34 35 36 37 87 38 39 40 122 41 42 43 44 88 46 47 48 49 89 51 52 53 54 55 56 57 58 59 60 61 91 64 65 66 67
p65:10 A 0 1 2 3 4 5 6 7 8 9 10 11 13 14 15 16 17 18 19 20 21 22 23 24 25 26 28 29 30 31 110 32 33 34 35 36 37 38 39 40 41 42 43 44 46 47 48 49 50 51 52 53 54 55 56 57 58 59 60 61 91 108 64 65 66 67
p65:11 A 92 123 93 94 95 96 97 98 99 100 101 102 103 104 18 105 20 21 22 106 107 23 83 24 25 26 28 29 85 86 30 32 33 34 35 36 37 38 39 40 41 42 43 44 88 46 47 48 49 89 51 52 53 54 55 56 57 58 59 60 61 63 64 65 124 66 67
p65:12 A 92 93 94 95 96 97 98 99 100 101 102 103 104 18 105 20 21 22 106 107 23 83 24 25 26 28 29 85 86 30 32 33 34 35 36 37 38 125 39 40 41 42 43 44 88 46 47 48 49 89 51 52 53 54 55 56 57 58 59 60 61 91 108 64 65 66 67
p65:13 A 126 127 93 95 96 97 98 128 99 129 101 102 103 104 130 131 132 21 22 133 23 24 25 26 28 29 134 30 32 33 34 135 136 35 36 37 38 39 40 41 42 43 137 44 138 139 140 46 47 48 49 51 52 53 141 54 142 55 56 57 143 58 59 60 61 144 91 64 65 66 67
p65:14 A 118 92 93 94 95 120 96 97 98 99 100 101 102 103 104 18 105 20 21 22 106 107 23 83 24 25 26 28 29 84 85 86 30 32 33 34 35 36 37 38 39 40 41 42 43 44 88 46 47 48 49 89 51 52 53 54 55 56 57 58 59 60 61 145 91 64 65 66 67
p65:15 A 92 93 94 95 96 97 98 99 100 101 102 103 104 18 105 20 21 22 106 107 23 83 24 25 26 28 29 85 86 30 32 33 34 35 36 37 38 125 39 40 41 42 43 44 88 46 47 48 49 89 51 52 53 54 55 56 57 58 59 60 61 91 108 64 65 66 67
p65:16 A 118 92 119 93 94 95 120 96 97 98 99 100 101 102 103 104 18 121 105 20 21 22 106 107 23 83 24 25 26 28 29 84 85 86 30 32 33 34 35 36 37 87 38 39 40 122 41 42 43 44 88 46 47 48 49 89 51 52 53 54 55 56 57 58 59 60 61 91 64 65 66 67
p65:17 A 118 92 119 93 94 95 120 96 97 98 99 100 101 102 103 104 18 105 20 21 22 106 107 23 83 24 25 26 28 29 84 85 86 30 32 33 34 35 36 37 87 38 39 40 41 42 43 44 88 46 47 48 49 89 51 52 53 54 55 56 57 58 59 60 61 91 64 65 66 67
p65:18 A 0 1 2 3 4 5 6 7 8 9 10 11 13 14 15 16 17 18 19 20 21 22 23 24 25 26 28 29 30 31 110 32 33 34 35 36 37 38 39 40 41 42 43 44 46 47 48 49 50 51 52 53 54 55 56 57 58 59 60 61 91 108 64 65 66 67
p65:19 A 0 1 2 3 4 5 6 7 8 9 78 10 11 13 14 79 15 16 80 17 18 19 20 21 22 81 82 23 83 24 25 26 28 29 84 85 86 30 32 33 34 35 36 37 87 38 39 40 41 42 43 44 88 46 47 48 49 89 51 52 53 54 55 56 57 58 59 60 61 91 64 65 66 67
