#OUT: 1500 SS p73 20 /Users/heinrich/ComputationalGenetics/Group A/Universe Script/New Data/spartansSample.txt
Mutations:
16 209 m60 54960 0.00302705495 0.5 p72 2 15
166 987 m60 69809 0.00234701601 0.5 p72 6 5
34 5528 m60 90822 0.0141814351 0.5 p72 33 15
15 5722 m2 53099 0 0.5 p72 34 15
30 6974 m2 85928 0 0.5 p72 42 15
160 9022 m61 55258 -0.00178879243 0.5 p72 54 5
144 13058 m1 19360 0 0.5 p72 77 5
12 13184 m61 48418 -0.00260581472 0.5 p72 78 15
51 14159 m1 165667 0 0.5 p72 83 20
40 14164 m61 96646 -0.0018309576 0.5 p72 83 15
167 14825 m61 71626 -0.00570011884 0.5 p72 87 5
154 21264 m60 45994 0.0248277746 0.5 p72 125 5
26 21746 m60 79387 0.00792532135 0.5 p72 128 15
27 25342 m60 81802 0.0037064245 0.5 p72 149 15
153 26897 m60 45549 0.00966010429 0.5 p72 158 5
178 31317 m61 93546 -0.015159253 0.5 p72 184 5
165 34156 m1 67877 0 0.5 p72 201 5
10 34397 m60 43265 0.00489641819 0.5 p72 202 15
140 35910 m1 11091 0 0.5 p72 211 5
158 37464 m60 50897 0.0177810043 0.5 p72 220 5
37 38498 m60 93258 0.00437953742 0.5 p72 226 15
35 43114 m60 93120 0.0017093654 0.5 p72 268 15
125 43232 m1 766917 0 0.5 p72 271 20
168 43829 m60 72336 0.00135129073 0.5 p72 288 5
119 44447 m80 719823 0.00450872583 0.5 p72 306 20
135 44500 m1 823718 0 0.5 p72 308 20
138 44734 m1 836171 0 0.5 p72 315 20
32 44832 m60 89183 0.00461837137 0.5 p72 318 15
107 45192 m80 598222 0.0171372481 0.5 p72 328 20
92 45245 m2 450988 0 0.5 p72 329 20
80 45301 m1 370830 0 0.5 p72 331 20
137 45552 m1 827059 0 0.5 p72 338 20
87 45790 m2 409981 0 0.5 p72 344 20
79 45866 m1 364184 0 0.5 p72 346 20
152 46554 m60 42817 0.0125908013 0.5 p72 364 5
169 47164 m60 72589 0.00416240375 0.5 p72 382 5
86 47484 m2 407092 0 0.5 p72 392 20
8 47492 m1 36454 0 0.5 p72 392 15
141 47539 m1 11221 0 0.5 p72 393 5
43 47725 m1 111338 0 0.5 p72 398 20
1 47968 m1 3751 0 0.5 p72 404 20
126 48090 m1 769798 0 0.5 p72 407 20
18 48152 m60 57954 0.0129287941 0.5 p72 409 15
111 48258 m1 638336 0 0.5 p72 412 20
85 48333 m81 383730 -0.00402893079 0.5 p72 414 20
52 48370 m1 175409 0 0.5 p72 415 20
162 48401 m60 57626 0.00891054235 0.5 p72 416 5
99 48687 m1 505742 0 0.5 p72 424 20
44 49222 m1 117687 0 0.5 p72 439 20
110 49324 m1 636320 0 0.5 p72 442 20
42 49331 m1 102979 0 0.5 p72 442 20
3 49358 m1 12694 0 0.5 p72 443 15
20 49649 m60 64377 0.0172759444 0.5 p72 450 15
5 49761 m1 17182 0 0.5 p72 453 15
95 49786 m80 470248 0.0342406221 0.5 p72 454 20
64 49874 m2 254086 0 0.5 p72 456 20
175 50104 m60 84341 0.00992860831 0.5 p72 462 5
173 50705 m1 82936 0 0.5 p72 478 5
122 51569 m1 753481 0 0.5 p72 501 20
62 52017 m1 243510 0 0.5 p72 513 20
93 52321 m80 458618 0.0080623636 0.5 p72 521 20
76 52588 m2 342115 0 0.5 p72 529 20
61 53293 m1 241668 0 0.5 p72 548 20
163 53598 m60 62153 0.00550172478 0.5 p72 557 5
103 53767 m1 557100 0 0.5 p72 562 20
148 53910 m1 32127 0 0.5 p72 565 5
84 54108 m2 378425 0 0.5 p72 570 20
22 54138 m60 69469 0.0244454686 0.5 p72 571 15
116 54151 m1 687214 0 0.5 p72 571 20
54 54997 m2 181339 0 0.5 p72 593 20
71 55455 m81 313432 -0.00107299932 0.5 p72 604 20
58 55565 m2 202962 0 0.5 p72 607 20
133 55779 m1 808657 0 0.5 p72 612 20
75 55876 m2 331334 0 0.5 p72 615 20
96 55936 m1 481143 0 0.5 p72 617 20
176 55951 m60 88645 0.0186729096 0.5 p72 617 5
29 56049 m2 85906 0 0.5 p72 620 15
102 56084 m1 556793 0 0.5 p72 621 20
143 56498 m1 16118 0 0.5 p72 632 5
6 56758 m1 24170 0 0.5 p72 638 15
78 57251 m1 363867 0 0.5 p72 649 20
145 59185 m1 23346 0 0.5 p72 697 5
146 60896 m1 25220 0 0.5 p72 707 5
23 63388 m60 69913 0.0262827482 0.5 p72 719 15
83 66676 m1 376330 0 0.5 p72 735 20
161 67322 m60 57234 0.00197957247 0.5 p72 738 5
127 69013 m1 770046 0 0.5 p72 746 20
115 69621 m80 670501 0.0119294114 0.5 p72 749 20
17 69826 m60 55313 0.00259401137 0.5 p72 750 15
97 75940 m1 497529 0 0.5 p72 777 20
181 78829 m60 98680 0.00320731942 0.5 p72 788 5
180 79529 m60 95750 0.0128417658 0.5 p72 791 5
14 79545 m60 53004 0.0105867088 0.5 p72 791 15
82 86321 m1 373776 0 0.5 p72 817 20
65 86322 m2 259650 0 0.5 p72 817 20
128 88472 m1 770708 0 0.5 p73 825 20
172 90406 m2 79846 0 0.5 p72 833 5
69 93476 m1 284530 0 0.5 p72 845 20
7 93501 m1 31878 0 0.5 p72 845 15
120 93519 m80 724752 0.00290949573 0.5 p73 845 20
157 97028 m60 49876 0.0105747813 0.5 p72 859 5
41 97732 m60 97909 0.0631264001 0.5 p72 862 15
124 98342 m1 766189 0 0.5 p73 864 20
67 104762 m2 265893 0 0.5 p72 889 20
66 105244 m2 265084 0 0.5 p72 891 20
155 105543 m60 47745 0.0257005151 0.5 p72 892 5
70 106659 m1 286731 0 0.5 p72 896 20
100 107138 m81 518406 -0.00139036274 0.5 p72 898 20
68 108144 m2 269903 0 0.5 p72 902 20
89 110118 m1 423435 0 0.5 p72 910 20
121 112844 m2 728569 0 0.5 p73 920 20
147 114133 m1 25778 0 0.5 p72 925 5
13 114627 m60 50083 0.0195610821 0.5 p72 927 15
73 116447 m2 327133 0 0.5 p72 934 20
159 117682 m60 52893 0.0287752356 0.5 p72 939 5
59 118722 m2 209679 0 0.5 p72 943 20
28 119570 m60 83769 0.0112277269 0.5 p72 946 15
63 120336 m2 249708 0 0.5 p72 949 20
164 122680 m61 67288 -0.00110298139 0.5 p72 958 5
60 125231 m1 221089 0 0.5 p72 968 20
33 125232 m60 89358 0.00814743526 0.5 p72 968 15
108 129345 m1 608740 0 0.5 p72 984 20
4 129769 m2 15885 0 0.5 p72 986 15
90 131428 m1 436912 0 0.5 p72 992 20
174 136269 m61 83878 -0.019139789 0.5 p72 1011 5
114 138175 m80 658468 0.00219681347 0.5 p72 1018 20
38 143112 m60 95832 0.00539121684 0.5 p72 1037 15
11 145809 m2 47709 0 0.5 p72 1047 15
91 148430 m80 444782 0.00539190415 0.5 p72 1057 20
21 150846 m60 64766 0.0018204723 0.5 p72 1066 15
104 151030 m1 564472 0 0.5 p72 1067 20
98 152366 m1 499824 0 0.5 p72 1072 20
179 156104 m60 94116 0.00735951401 0.5 p72 1086 5
46 157373 m1 131849 0 0.5 p72 1091 20
57 158648 m80 202681 0.0100965425 0.5 p72 1096 20
36 163075 m60 93126 0.00824688002 0.5 p72 1113 15
156 163515 m60 48282 0.00570523599 0.5 p72 1115 5
31 164072 m2 86968 0 0.5 p72 1117 15
136 164889 m1 824641 0 0.5 p73 1120 20
94 166138 m80 465033 0.025064582 0.5 p72 1125 20
101 173844 m80 522583 0.0228767805 0.5 p72 1155 20
113 174942 m2 653552 0 0.5 p72 1159 20
123 175183 m1 760193 0 0.5 p72 1160 20
2 175437 m1 7896 0 0.5 p72 1161 20
150 175647 m60 40662 0.00575331226 0.5 p72 1162 5
77 179169 m1 355723 0 0.5 p72 1175 15
55 181006 m2 188233 0 0.5 p72 1182 15
129 182301 m1 775479 0 0.5 p72 1187 15
50 183309 m1 156701 0 0.5 p72 1191 20
88 184068 m1 417273 0 0.5 p72 1194 15
189 185181 m1 424577 0 0.5 p72 1198 5
112 185557 m2 641820 0 0.5 p72 1200 15
117 186353 m3 690495 -2.49948751e-09 0.100000001 p72 1203 15
191 190249 m1 558181 0 0.5 p72 1218 5
39 190310 m60 96345 0.00716405408 0.5 p72 1218 15
170 191059 m60 74464 0.0113002155 0.5 p72 1221 5
195 193078 m1 680139 0 0.5 p72 1229 5
19 196695 m60 62827 0.0494354554 0.5 p72 1243 15
182 197690 m81 193288 -0.0203854367 0.5 p72 1247 5
177 197974 m60 89367 0.0234517306 0.5 p72 1248 5
72 199223 m2 318292 0 0.5 p72 1253 15
132 201295 m1 806172 0 0.5 p72 1261 20
190 202326 m1 497869 0 0.5 p72 1265 5
9 204762 m60 38824 0.00699873874 0.5 p72 1274 15
188 206008 m80 390595 0.0232594628 0.5 p72 1279 5
53 206499 m1 175466 0 0.5 p72 1281 15
151 207634 m60 41238 0.0249658208 0.5 p72 1285 5
81 207831 m1 372577 0 0.5 p72 1286 15
193 209621 m2 649813 0 0.5 p72 1293 5
105 210584 m80 578713 0.0048909015 0.5 p72 1297 15
192 212970 m1 563441 0 0.5 p72 1306 5
134 217641 m1 810151 0 0.5 p73 1324 20
187 218139 m1 371426 0 0.5 p73 1326 5
131 218897 m101 793580 -0.00599113619 0.5 p73 1329 20
184 221693 m81 267105 -0.00453138258 0.5 p73 1340 5
109 225842 m1 629792 0 0.5 p72 1356 15
56 226920 m80 196259 0.0075388453 0.5 p72 1360 15
25 229028 m60 70058 0.000818074157 0.5 p72 1368 15
196 231878 m81 720101 -0.0153556112 0.5 p73 1379 5
142 233908 m2 16041 0 0.5 p73 1387 5
48 236244 m1 147732 0 0.5 p72 1396 15
45 239127 m1 121490 0 0.5 p73 1407 15
186 240197 m80 336325 0.00291227154 0.5 p73 1411 5
130 240198 m2 788275 0 0.5 p73 1411 20
183 240467 m1 215540 0 0.5 p73 1412 5
194 240468 m2 666195 0 0.5 p73 1412 5
0 240944 m1 3140 0 0.5 p73 1414 15
106 242720 m2 582460 0 0.5 p73 1421 15
197 244074 m2 732885 0 0.5 p73 1426 5
74 247171 m2 329452 0 0.5 p73 1438 15
185 248182 m81 322554 -0.0129883019 0.5 p73 1442 5
49 251650 m1 155326 0 0.5 p73 1455 15
47 253927 m1 134130 0 0.5 p73 1464 15
171 257824 m2 77390 0 0.5 p73 1479 5
118 261097 m81 717782 -0.000908406219 0.5 p73 1492 15
24 261869 m2 69937 0 0.5 p73 1495 4
149 263061 m2 40605 0 0.5 p73 1500 1
199 263062 m80 382334 0.00777876889 0.5 p73 1500 1
139 263063 m1 41625 0 0.5 p73 1500 4
198 263064 m1 482720 0 0.5 p73 1500 2
Genomes:
p73:0 A 0 1 2 3 4 5 6 7 8 9 10 11 12 13 14 15 16 17 18 19 20 21 22 23 24 25 26 27 28 29 30 31 32 33 34 35 36 37 38 39 40 41 42 43 44 45 46 47 48 49 50 51 52 53 54 55 56 57 58 59 60 61 62 63 64 65 66 67 68 69 70 71 72 73 74 75 76 77 78 79 80 81 82 83 84 85 86 87 88 89 90 91 92 93 94 95 96 97 98 99 100 101 102 103 104 105 106 107 108 109 110 111 112 113 114 115 116 117 118 119 120 121 122 123 124 125 126 127 128 129 130 131 132 133 134 135 136 137 138
p73:1 A 0 1 2 3 4 5 6 7 8 9 139 10 11 12 13 14 15 16 17 18 19 20 21 22 23 25 26 27 28 29 30 31 32 33 34 35 36 37 38 39 40 41 42 43 44 45 46 47 48 49 50 51 52 53 54 55 56 57 58 59 60 61 62 63 64 65 66 67 68 69 70 71 72 73 74 75 76 77 78 79 80 81 82 83 84 85 86 87 88 89 90 91 92 93 94 95 96 97 98 99 100 101 102 103 104 105 106 107 108 109 110 111 112 113 114 115 116 117 118 119 120 121 122 123 124 125 126 127 128 129 130 131 132 133 134 135 136 137 138
p73:2 A 1 2 140 141 142 143 144 145 146 147 148 149 150 151 152 153 154 155 156 157 158 159 160 161 162 163 164 165 166 167 168 169 170 171 172 173 174 175 176 177 178 179 180 181 42 43 44 46 50 51 52 54 182 57 58 59 183 60 61 62 63 64 65 66 67 184 68 69 70 71 185 73 75 186 76 78 79 80 187 82 83 84 85 188 86 87 89 189 90 91 92 93 94 95 96 97 190 98 99 100 101 102 103 191 192 104 107 108 110 111 193 113 114 194 115 195 116 119 196 120 121 197 122 123 124 125 126 127 128 130 131 132 133 134 135 136 137 138
p73:3 A 1 2 140 141 142 143 144 145 146 147 148 150 151 152 153 154 155 156 157 158 159 160 161 162 163 164 165 166 167 168 169 170 171 172 173 174 175 176 177 178 179 180 181 42 43 44 46 50 51 52 54 182 57 58 59 183 60 61 62 63 64 65 66 67 184 68 69 70 71 185 73 75 186 76 78 79 80 187 82 83 84 85 188 86 87 89 189 90 91 92 93 94 95 96 97 190 98 99 100 101 102 103 191 192 104 107 108 110 111 193 113 114 194 115 195 116 119 196 120 121 197 122 123 124 125 126 127 128 130 131 132 133 134 135 136 137 138
p73:4 A 0 1 2 3 4 5 6 7 8 9 139 10 11 12 13 14 15 16 17 18 19 20 21 22 23 25 26 27 28 29 30 31 32 33 34 35 36 37 38 39 40 41 42 43 44 45 46 47 48 49 50 51 52 53 54 55 56 57 58 59 60 61 62 63 64 65 66 67 68 69 70 71 72 73 74 75 76 77 78 79 80 81 82 83 84 85 86 87 88 89 90 91 92 93 94 95 96 97 98 99 100 101 102 103 104 105 106 107 108 109 110 111 112 113 114 115 116 117 118 119 120 121 122 123 124 125 126 127 128 129 130 131 132 133 134 135 136 137 138
p73:5 A 0 1 2 3 4 5 6 7 8 9 139 10 11 12 13 14 15 16 17 18 19 20 21 22 23 25 26 27 28 29 30 31 32 33 34 35 36 37 38 39 40 41 42 43 44 45 46 47 48 49 50 51 52 53 54 55 56 57 58 59 60 61 62 63 64 65 66 67 68 69 70 71 72 73 74 75 76 77 78 79 80 81 82 83 84 85 86 87 88 89 90 91 92 93 94 95 96 97 98 99 100 101 102 103 104 105 106 107 108 109 110 111 112 113 114 115 116 117 118 119 120 121 122 123 124 125 126 127 128 129 130 131 132 133 134 135 136 137 138
p73:6 A 0 1 2 3 4 5 6 7 8 9 10 11 12 13 14 15 16 17 18 19 20 21 22 23 24 25 26 27 28 29 30 31 32 33 34 35 36 37 38 39 40 41 42 43 44 45 46 47 48 49 50 51 52 53 54 55 56 57 58 59 60 61 62 63 64 65 66 67 68 69 70 71 72 73 74 75 76 77 78 79 80 81 82 83 84 85 86 87 88 89 90 91 92 93 94 95 96 97 98 99 100 101 102 103 104 105 106 107 108 109 110 111 112 113 114 115 116 117 118 119 120 121 122 123 124 125 126 127 128 129 130 131 132 133 134 135 136 137 138
p73:7 A 0 1 2 3 4 5 6 7 8 9 10 11 12 13 14 15 16 17 18 19 20 21 22 23 25 26 27 28 29 30 31 32 33 34 35 36 37 38 39 40 41 42 43 44 45 46 47 48 49 50 51 52 53 54 55 56 57 58 59 60 61 62 63 64 65 66 67 68 69 70 71 72 73 74 75 76 77 78 79 80 81 82 83 84 85 86 87 88 89 90 91 92 93 94 95 96 97 98 99 100 101 102 103 104 105 106 107 108 109 110 111 112 113 114 115 116 117 118 119 120 121 122 123 124 125 126 127 128 129 130 131 132 133 134 135 136 137 138
p73:8 A 0 1 2 3 4 5 6 7 8 9 10 11 12 13 14 15 16 17 18 19 20 21 22 23 25 26 27 28 29 30 31 32 33 34 35 36 37 38 39 40 41 42 43 44 45 46 47 48 49 50 51 52 53 54 55 56 57 58 59 60 61 62 63 64 65 66 67 68 69 70 71 72 73 74 75 76 77 78 79 80 81 82 83 84 85 86 87 88 89 90 91 92 93 94 95 96 97 98 99 100 101 102 103 104 105 106 107 108 109 110 111 112 113 114 115 116 117 118 119 120 121 122 123 124 125 126 127 128 129 130 131 132 133 134 135 136 137 138
p73:9 A 0 1 2 3 4 5 6 7 8 9 10 11 12 13 14 15 16 17 18 19 20 21 22 23 24 25 26 27 28 29 30 31 32 33 34 35 36 37 38 39 40 41 42 43 44 45 46 47 48 49 50 51 52 53 54 55 56 57 58 59 60 61 62 63 64 65 66 67 68 69 70 71 72 73 74 75 76 77 78 79 80 81 82 83 84 85 86 87 88 89 90 91 92 93 94 95 96 97 98 99 100 101 102 103 104 105 106 107 108 109 110 111 112 113 114 115 116 117 118 119 120 121 122 123 124 125 126 127 128 129 130 131 132 133 134 135 136 137 138
p73:10 A 0 1 2 3 4 5 6 7 8 9 10 11 12 13 14 15 16 17 18 19 20 21 22 23 25 26 27 28 29 30 31 32 33 34 35 36 37 38 39 40 41 42 43 44 45 46 47 48 49 50 51 52 53 54 55 56 57 58 59 60 61 62 63 64 65 66 67 68 69 70 71 72 73 74 75 76 77 78 79 80 81 82 83 84 85 86 87 88 89 90 91 92 93 94 95 96 97 98 99 100 101 102 103 104 105 106 107 108 109 110 111 112 113 114 115 116 117 118 119 120 121 122 123 124 125 126 127 128 129 130 131 132 133 134 135 136 137 138
p73:11 A 1 2 140 141 142 143 144 145 146 147 148 150 151 152 153 154 155 156 157 158 159 160 161 162 163 164 165 166 167 168 169 170 171 172 173 174 175 176 177 178 179 180 181 42 43 44 46 50 51 52 54 182 57 58 59 183 60 61 62 63 64 65 66 67 184 68 69 70 71 185 73 75 186 76 78 79 80 187 82 83 84 85 188 86 87 89 189 90 91 92 93 94 95 96 97 190 98 99 100 101 102 103 191 192 104 107 108 110 111 193 113 114 194 115 195 116 119 196 120 121 197 122 123 124 125 126 127 128 130 131 132 133 134 135 136 137 138
p73:12 A 0 1 2 3 4 5 6 7 8 9 10 11 12 13 14 15 16 17 18 19 20 21 22 23 24 25 26 27 28 29 30 31 32 33 34 35 36 37 38 39 40 41 42 43 44 45 46 47 48 49 50 51 52 53 54 55 56 57 58 59 60 61 62 63 64 65 66 67 68 69 70 71 72 73 74 75 76 77 78 79 80 81 82 83 84 85 86 87 88 89 90 91 92 93 94 95 96 97 98 99 100 101 102 103 104 105 106 107 108 109 110 111 112 113 114 115 116 117 118 119 120 121 122 123 124 125 126 127 128 129 130 131 132 133 134 135 136 137 138
p73:13 A 0 1 2 3 4 5 6 7 8 9 10 11 12 13 14 15 16 17 18 19 20 21 22 23 25 26 27 28 29 30 31 32 33 34 35 36 37 38 39 40 41 42 43 44 45 46 47 48 49 50 51 52 53 54 55 56 57 58 59 60 61 62 63 64 65 66 67 68 69 70 71 72 73 74 75 76 77 78 79 80 81 82 83 84 85 86 87 88 89 90 91 92 93 94 95 96 198 97 98 99 100 101 102 103 104 105 106 107 108 109 110 111 112 113 114 115 116 117 118 119 120 121 122 123 124 125 126 127 128 129 130 131 132 133 134 135 136 137 138
p73:14 A 0 1 2 3 4 5 6 7 8 9 10 11 12 13 14 15 16 17 18 19 20 21 22 23 25 26 27 28 29 30 31 32 33 34 35 36 37 38 39 40 41 42 43 44 45 46 47 48 49 50 51 52 53 54 55 56 57 58 59 60 61 62 63 64 65 66 67 68 69 70 71 72 73 74 75 76 77 78 79 80 81 82 83 84 85 86 87 88 89 90 91 92 93 94 95 96 97 98 99 100 101 102 103 104 105 106 107 108 109 110 111 112 113 114 115 116 117 118 119 120 121 122 123 124 125 126 127 128 129 130 131 132 133 134 135 136 137 138
p73:15 A 1 2 140 141 142 143 144 145 146 147 148 150 151 152 153 154 155 156 157 158 159 160 161 162 163 164 165 166 167 168 169 170 171 172 173 174 175 176 177 178 179 180 181 42 43 44 46 50 51 52 54 182 57 58 59 183 60 61 62 63 64 65 66 67 184 68 69 70 71 185 73 75 186 76 78 79 80 187 82 83 84 85 188 86 87 89 189 90 91 92 93 94 95 96 97 190 98 99 100 101 102 103 191 192 104 107 108 110 111 193 113 114 194 115 195 116 119 196 120 121 197 122 123 124 125 126 127 128 130 131 132 133 134 135 136 137 138
p73:16 A 1 2 140 141 142 143 144 145 146 147 148 150 151 152 153 154 155 156 157 158 159 160 161 162 163 164 165 166 167 168 169 170 171 172 173 174 175 176 177 178 179 180 181 42 43 44 46 50 51 52 54 182 57 58 59 183 60 61 62 63 64 65 66 67 184 68 69 70 71 185 73 75 186 76 78 79 80 187 82 83 84 199 85 188 86 87 89 189 90 91 92 93 94 95 96 97 190 98 99 100 101 102 103 191 192 104 107 108 110 111 193 113 114 194 115 195 116 119 196 120 121 197 122 123 124 125 126 127 128 130 131 132 133 134 135 136 137 138
p73:17 A 0 1 2 3 4 5 6 7 8 9 139 10 11 12 13 14 15 16 17 18 19 20 21 22 23 25 26 27 28 29 30 31 32 33 34 35 36 37 38 39 40 41 42 43 44 45 46 47 48 49 50 51 52 53 54 55 56 57 58 59 60 61 62 63 64 65 66 67 68 69 70 71 72 73 74 75 76 77 78 79 80 81 82 83 84 85 86 87 88 89 90 91 92 93 94 95 96 97 98 99 100 101 102 103 104 105 106 107 108 109 110 111 112 113 114 115 116 117 118 119 120 121 122 123 124 125 126 127 128 129 130 131 132 133 134 135 136 137 138
p73:18 A 0 1 2 3 4 5 6 7 8 9 10 11 12 13 14 15 16 17 18 19 20 21 22 23 25 26 27 28 29 30 31 32 33 34 35 36 37 38 39 40 41 42 43 44 45 46 47 48 49 50 51 52 53 54 55 56 57 58 59 60 61 62 63 64 65 66 67 68 69 70 71 72 73 74 75 76 77 78 79 80 81 82 83 84 85 86 87 88 89 90 91 92 93 94 95 96 97 98 99 100 101 102 103 104 105 106 107 108 109 110 111 112 113 114 115 116 117 118 119 120 121 122 123 124 125 126 127 128 129 130 131 132 133 134 135 136 137 138
p73:19 A 0 1 2 3 4 5 6 7 8 9 10 11 12 13 14 15 16 17 18 19 20 21 22 23 25 26 27 28 29 30 31 32 33 34 35 36 37 38 39 40 41 42 43 44 45 46 47 48 49 50 51 52 53 54 55 56 57 58 59 60 61 62 63 64 65 66 67 68 69 70 71 72 73 74 75 76 77 78 79 80 81 82 83 84 85 86 87 88 89 90 91 92 93 94 95 96 198 97 98 99 100 101 102 103 104 105 106 107 108 109 110 111 112 113 114 115 116 117 118 119 120 121 122 123 124 125 126 127 128 129 130 131 132 133 134 135 136 137 138
