//
segsites: 294
positions: 0.0042400424 0.0051200512 0.0086700867 0.0139401394 0.0155501555 0.0207202072 0.0251402514 0.0252002520 0.0254102541 0.0265602656 0.0323503235 0.0397203972 0.0427404274 0.0433004330 0.0474004740 0.0475104751 0.0575905759 0.0576005760 0.0584705847 0.0596205962 0.0625106251 0.0638106381 0.0683106831 0.0704807048 0.0705507055 0.0756507565 0.0808808088 0.0863208632 0.0867708677 0.0889908899 0.1187611876 0.1188911889 0.1206012060 0.1230512305 0.1292112921 0.1323613236 0.1384913849 0.1385113851 0.1410514105 0.1433114331 0.1456914569 0.1614416144 0.1621216212 0.1762017620 0.1770217702 0.1787417874 0.1795917959 0.1824818248 0.1890018900 0.1902219022 0.1950119501 0.2014820148 0.2019320193 0.2026420264 0.2053220532 0.2067120671 0.2080520805 0.2102821028 0.2366723667 0.2399023990 0.2447024470 0.2529025290 0.2566525665 0.2568725687 0.2586425864 0.2687826878 0.2717627176 0.2734827348 0.2760727607 0.2780327803 0.2814528145 0.2817328173 0.2842328423 0.2870228702 0.2904329043 0.2956629566 0.2995329953 0.3026330263 0.3033330333 0.3149531495 0.3179831798 0.3315733157 0.3393933939 0.3399433994 0.3417234172 0.3543835438 0.3584335843 0.3633336333 0.3638836388 0.3779737797 0.3785237852 0.3799537995 0.3807238072 0.3817138171 0.3886138861 0.3926139261 0.3975239752 0.3978039780 0.4006740067 0.4173141731 0.4250142501 0.4257142571 0.4296242962 0.4522045220 0.4548045480 0.4582245822 0.4645346453 0.4773747737 0.4811248112 0.4834248342 0.4845048450 0.4848348483 0.4857448574 0.4869248692 0.4927749277 0.4956549565 0.4963649636 0.4966349663 0.4967249672 0.4969649696 0.4975349753 0.4976549765 0.4976849768 0.4981849818 0.4983749837 0.4998449984 0.5004850049 0.5008650087 0.5010650107 0.5014750148 0.5015350154 0.5025550256 0.5028950290 0.5032650327 0.5035250353 0.5036150362 0.5036250363 0.5041750418 0.5061350614 0.5062450625 0.5064750648 0.5092350924 0.5100051001 0.5117251173 0.5117351174 0.5145451455 0.5160551606 0.5174951750 0.5175851759 0.5176951770 0.5179651797 0.5182351824 0.5184351844 0.5184451845 0.5186351864 0.5186351864 0.5194251943 0.5206152062 0.5208852089 0.5208852089 0.5215952160 0.5218952190 0.5231352314 0.5232852329 0.5232952330 0.5233952340 0.5247052471 0.5280452805 0.5283652837 0.5289252893 0.5320453205 0.5325553256 0.5328953290 0.5339453395 0.5345953460 0.5350853509 0.5353253533 0.5365553656 0.5491354914 0.5578955790 0.5661856619 0.5686056861 0.5700657007 0.5707157072 0.5771457715 0.5780057801 0.5797557976 0.5810358104 0.5828758288 0.5918759188 0.5985759858 0.6184961850 0.6221662217 0.6228062281 0.6257562576 0.6300563006 0.6356063561 0.6369363694 0.6371063711 0.6394363944 0.6402364024 0.6402564026 0.6411364114 0.6434164342 0.6438264383 0.6464164642 0.6495364954 0.6513465135 0.6521765218 0.6541065411 0.6669766698 0.6708667087 0.6709867099 0.6727467275 0.6838768388 0.6856968570 0.6872168722 0.6884268843 0.6902869029 0.6915069151 0.7021870219 0.7062270623 0.7129671297 0.7144971450 0.7160171602 0.7212772128 0.7223972240 0.7244572446 0.7250672507 0.7286072861 0.7312673127 0.7347273473 0.7416674167 0.7532275323 0.7599976000 0.7642676427 0.7655976560 0.7726477265 0.7761977620 0.7806078061 0.7829378294 0.7881378814 0.7898578986 0.7913679137 0.7954079541 0.7982879829 0.7988579886 0.8097880979 0.8100881009 0.8122381224 0.8159581596 0.8161081611 0.8202382024 0.8275382754 0.8349783498 0.8365983660 0.8369383694 0.8371283713 0.8380383804 0.8410184102 0.8502085021 0.8536885369 0.8582085821 0.8638286383 0.8724187242 0.8728087281 0.8800588006 0.8864688647 0.8879488795 0.8962889629 0.9025990260 0.9034090341 0.9055690557 0.9078790788 0.9105691057 0.9122091221 0.9182091821 0.9216992170 0.9382293823 0.9401694017 0.9413794138 0.9469694697 0.9634396344 0.9675896759 0.9747597476 0.9748097481 0.9784597846 0.9813498135 0.9823698237 0.9831798318 0.9832798328 0.9860298603 0.9880698807 0.9961099611
111111011111111110011111111110111111111110111111111100011111111110111101111110111101110111111111111011111110111101111111101011011111111111111111101111111111111111011011111110111111111011110111011110111110111110001110011111100110111011111111111011101111011111111111111111101111111110101011101100
111111101001111111101101111010011100111100111111111001010110111110101100101111110101110111101111111011111110011101111111111011111111111110111011111111111111111111011011111110111110111011110111011110111100111110011111111111100110111011111111111011101111010111111111111111101111111110101011101100
111111011111111110011111111111111110111110111111111100011111111110101101101110111101110111101111111011111110011101111111101011011111111111111011101111111111111111011011111110111111111011110111011110111110111110001110011111100110111011111111011011101111110111111111111111101111111110101011101100
111111011111111110011111111110111110111110111111111100011111111110101101101110111101110111101111111011111110011101111111101011011111111111111011101111111111111111011011111110111111111011110111011110111110111110001110011111100110111011111111011011101111110111111111111111101111111110111011101100
111111011101111110001111111110111110111110111111111100011111111110101111101110110101110111101111111111111111011111111111101111011111111110111011101110111111111111011011111111111110111011110111111111111100111111001110011111100110111011111111011111111111010111111111111111101111111110101011111101
111111101001111111101101111010011100111100111111111001010110111110101100101111110101110111101111111011111110011101111111111011111111111110111011111111111111111111011011111110111110111011110111011110111100111110011111011111111110111011111111111011101111010111111111111111101111111110101011101100
111111101001111111101101111010011100111100111111111001010110111110101100101111110101110111101111111011111110011101111111111011111111111110111011111111111111111111011111111110111110111011110111011110111100111110011111111111100110111011111111111011101111010111111111111111101111111110101011101100
111111101001111111101101111010011100111100111111111001010110111110101100101111110101111111101111111011111110011101111111111011111111111110111011111111111111111111011011111110111110111011110111011110111100111110011111011111100110111011111111111011101111011111111111111111101111111110101011101100
111111101001111111101101111010011100111101111111111001010110111110101100101111110101110111101111111011111110011101111111111011111111111110111011111111111111111111011011111110111110111011110111011110111100111110011111011111100110111011111111111011101111010111111111111111101111111110101011101100
111111011101111110001111111110111110111110111111111110011111111110101101101110110101110111101111111111111111011101111111101111011111111110111011101110111111111111011011111111111110111011110111011111111100111110001110011111100110111011111111011011111111010111111111111111101111111110101011111101
111111101001111111101101111010011100111100111111111001010110111110101100101111110101110111101111111011111110011101111111111011111111111110111011111111111111111111011011111110111110111011110111011110111101111110011111011111100110111011111111111011101111010111111111111111101111111110101011101100
111111101001111111101101111010011100111100111111111001010110111110101100101111110101110111101111111011111110011101111111111011111111111110111011111111111111111111011011111110111110111111110111011110111100111110111111011111100110111111111111111011101111010111111111111111101111111110101011101100
111111011101111110001111111110111110111110111111111100011111111110101101101110110101110111101111111011111110011101111111111011111111111110111011111111111111111111011011111110111110111011110111011110111100111110011111011111100110111011111111111011101111010111111111111111101111111110101011101100
111111011111111110011111111110111111111110111111111100011111111110111101111110111101110111111111111011111110111101111111101011011111111111111111101111111111111111011011111110111111111011110111011110111110111110001110011111100110111011111111111011101111011111111111111111101111111110101011101100
111111101001111111101101111010011100111100111111111001010110111111101100101111110101110111101111111011111110011101111111111011111111111110111011111111111111111111011011111110111110111011110111011110111101111110011111011111100110111011111111111011101111010111111111111111101111111110101011101100
111111101001111111101101111010011100111100111111111001110110111110101100101111110101110111101111111011111110011101111111111011111111111110111011111111111111111111111011111110111110111011110111011110111101111110011111011111100110111011111111111011101111010111111111111111101111111110101011101100
111111101001111111101101111010011100111100111111111001010110111110101100101111110111110111101111111011111110011101111111111011111111111110111011111111111111111111011011111110111110111011111111011110111100111110011111011111100111111011111111111011101111010111111111111111101111111110101111101110
111111101001111111101101111010011100111100111111111001010110111110101100101111110101110111101111111011111110011101111111111011111111111110111011111111111111111111011011111110111110111011110111011110111101111110011111011111100110111011111111111011101111010111111111111111111111111110101011101100
111111101001111111101101111010011100111101111111111001010110111110101100101111110101110111101111111011111110011101111111111011111111111110111011111111111111111111011011111110111110111011110111011110111100111110011111011111100110111011111111111011101111010111111111111111101111111110101011101100
111111101001111111101101111010011100111100111111111001010110111110101100101111110101110111101111111011111110011101111111111011111111111110111011111111111111111111011011111110111110111011110111011110111100111110011111011111100110111011111111111011101111010111111111111111101111111111101011101100
