//
segsites: 232
positions: 0.0033700337 0.0042400424 0.0050800508 0.0090300903 0.0099300993 0.0139401394 0.0166701667 0.0207202072 0.0274102741 0.0375503755 0.0427404274 0.0474704747 0.0574805748 0.0575905759 0.0580805808 0.0581105811 0.0591405914 0.0593805938 0.0622706227 0.0626506265 0.0741607416 0.0762907629 0.1025910259 0.1174011740 0.1234012340 0.1278412784 0.1306613066 0.1325413254 0.1355313553 0.1394213942 0.1410514105 0.1423114231 0.1528715287 0.1558415584 0.1605116051 0.1621216212 0.1632416324 0.1781217812 0.1824518245 0.1848318483 0.1863718637 0.1938319383 0.1985919859 0.1986419864 0.2004620046 0.2017520175 0.2059320593 0.2111421114 0.2156321563 0.2271222712 0.2307323073 0.2440024400 0.2508325083 0.2558525585 0.2568725687 0.2615126151 0.2724227242 0.2738427384 0.2780327803 0.2800028000 0.2842328423 0.2875328753 0.2887928879 0.2904329043 0.2907929079 0.2914629146 0.3063230632 0.3090830908 0.3111531115 0.3139131391 0.3151331513 0.3193831938 0.3195631956 0.3316533165 0.3352233522 0.3371633716 0.3372533725 0.3373033730 0.3437534375 0.3464634646 0.3467134671 0.3476134761 0.3483634836 0.3499634996 0.3507535075 0.3567635676 0.3573435734 0.3585535855 0.3607036070 0.3615936159 0.3619336193 0.3824638246 0.3832438324 0.3851138511 0.3881938819 0.3978039780 0.3990139901 0.4018540185 0.4075840758 0.4083540835 0.4103441034 0.4211142111 0.4250142501 0.4293242932 0.4334643346 0.4395443954 0.4497344973 0.4522045220 0.4621646216 0.4668246682 0.4683546835 0.4712047120 0.4763547635 0.4787647876 0.4898348983 0.4975349753 0.4983749837 0.5001050011 0.5025550256 0.5036250363 0.5064750648 0.5218952190 0.5255152552 0.5350853509 0.5391853919 0.5448654487 0.5469654697 0.5470654707 0.5485254853 0.5672756728 0.5724857249 0.5743757438 0.5776357764 0.5810358104 0.5865058651 0.5869058691 0.5873858739 0.5924259243 0.5967459675 0.5978259783 0.6052060521 0.6081760818 0.6125461255 0.6175061751 0.6227462275 0.6260562606 0.6335263353 0.6382963830 0.6384563846 0.6394863949 0.6495364954 0.6618866189 0.6641366414 0.6857468575 0.6884268843 0.6885568856 0.6896168962 0.6907169072 0.6914269143 0.6950369504 0.7008970090 0.7037970380 0.7058170582 0.7099070991 0.7100671007 0.7128171282 0.7312673127 0.7323373234 0.7437174372 0.7476674767 0.7495874959 0.7502875029 0.7543275433 0.7553175532 0.7603676037 0.7666576666 0.7758577586 0.7761977620 0.7806078061 0.7806978070 0.7851878519 0.8100881009 0.8126681267 0.8133281333 0.8150081501 0.8228882289 0.8242382424 0.8263482635 0.8332783328 0.8358383584 0.8371283713 0.8460084601 0.8495084951 0.8565085651 0.8581185812 0.8584285843 0.8646886469 0.8728087281 0.8780087801 0.8800588006 0.8912289123 0.8962889629 0.9011590116 0.9024090241 0.9059690597 0.9113091131 0.9126791268 0.9132491325 0.9251592516 0.9297492975 0.9314393144 0.9318593186 0.9321593216 0.9326293263 0.9335593356 0.9357993580 0.9380193802 0.9425094251 0.9512495125 0.9524195242 0.9524695247 0.9534495345 0.9573395734 0.9657396574 0.9658296583 0.9707097071 0.9823698237 0.9840598406 0.9935199352 0.9944099441 0.9953199532 0.9984099841
1111011101111111111100111111111110110111101011110111011101101111011111111111111110111111111111111111111111111011101111111111111111111111111111110111101101111101111111111111111111111111110111111111111111111111111110111111111110111110
1111011101111111111100111111111110110111101011110111011101101111011111111010111110111111111111111111111111111011101111111111111111111111111111110111101101111101111111111111111111111111110111111111111111111111111110111111111100111110
1111111101111111111101111111111110110111101111110111011101101111111111111010110110111111111110111111111110111011111111111111111111111111111111110111101101111111111111111011111101101111110111111111111111111111111110111111011101111011
1111011101111111111100111111111110110111101011111111011101101111011111111010110110111111111110111111111110111011101111111111111111111111111111110111111101111101111111111011111101111111110111111111111111111111111110111111011100111011
1111011101111111111100111111111110110111101011110111011101101111011111111010111110111111111111111111111111111011101111111111111111111111111111110111101101111101111111111111111111111111110111111111111111111111111110111111111100111110
1111011101111111111100111111111110110111101011110111011111101111011111111010111110111111111111111111111111111011101111111111111111111111111111110111101101111101111111111111111111111111111111111111111111111111111110111111111100111110
1111011101111111111100111111111110110111101011110111011101101111011111111010111110111111111111111111111111111011101111111111111111111111111111110111101101111101111111111111111111111111110111111111111111111111111110111111111100111110
1111011101111111111100111111111110110111101011110111011101101111011111111010111110111111111111111111111111111011101111111111111111111111111111110111101101111111111111111011111101101111110111111111111111111111111110111111011101111011
1111011101111111111100111111111110111111101011110111011101101111011111111010111110111111111111111111111111111011101111111111111111111111111111110111101101111101111111111111111111111111110111111111111111111111111110111111111100111110
1111111101111111111101111111111111110111101011110111011101101111111111111010110110111111111110111111111110111011111111111111111111111111111111110111101101111111111111111011111101101111110111111111111111111111111110111111011101111011
1111011101111111111100111111111110110111101011110111011101111111011111111110111110111111111111111111111111111011101111111111111111111111111111111111101101111101111111111111111111111111110111111111111111111111111110111111111100111110
1111011101111111111110111111111110110111101011110111111101101111011111111010111110111111111111111111111111111011101111111111111111111111111111110111101101111101111111111111111111111111110111111111111111111111111110111111111100111110
1111011101111111111100111111111110110111101011110111011101111111011111111110111110111111111111111111111111111011101111111111111111111111111111110111101101111101111111111111111111111111110111111111111111111111111110111111111100111110
1111011101111111111100111111111110110111101011110111011101101111011111111010111110111111111111111111111111111011101111111111111111111111111111110111101101111101111111111111111111111111110111111111111111111111111111111111111100111110
1111011101111111111100111111111110110111101011110111011101101111011111111010111111111111111111111111111111111011101111111111111111111111111111110111101101111101111111111111111111111111110111111111111111111111111110111111111100111110
1111011101111111111100111111111110110111101011110111011101101111011111111010111110111111111111111111111111111011101111111111111111111111111111110111101101111101111111111111111111111111110111111111111111111111111110111111111100111110
1111011101111111111100111111111110110111101011110111011101101111011111111010111110111111111111111111111111111111101111111111111111111111111111110111101101111101111111111111111111111111110111111111111111111111111110111111111100111110
1111011111111111111100111111111110110111101011110111011101101111011111111010110110111111111110111111111111111011101111111111111111111111111111110111101111111101111111111111111111111111110111111111111111111111111110111111111100111110
1111011101111111111100111111111110110111111011110111011101101111011111111010111110111111111111111111111111111011101111111111111111111111111111110111101101111101111111111111111111111111110111111111111111111111111110111111111100111110
1111011101111111111100111111111110111111101011110111011101101111011111111010111110111111111111111111111111111011101111111111111111111111111111110111101101111101111111111111111111111111110111111111111111111111111110111111111100111110
