//
segsites: 293
positions: 0.0011900119 0.0023200232 0.0042400424 0.0076600766 0.0139401394 0.0145001450 0.0164201642 0.0171101711 0.0190501905 0.0207202072 0.0207502075 0.0215202152 0.0219202192 0.0336603366 0.0369803698 0.0399203992 0.0407104071 0.0427404274 0.0495304953 0.0528005280 0.0575905759 0.0580205802 0.0631406314 0.0631506315 0.0704807048 0.0762407624 0.0840008400 0.0906109061 0.0965509655 0.0996509965 0.1018210182 0.1052810528 0.1176111761 0.1236212362 0.1268312683 0.1385713857 0.1400914009 0.1410514105 0.1439614396 0.1575915759 0.1610616106 0.1621216212 0.1680016800 0.1694316943 0.1747517475 0.1762617626 0.1822818228 0.1848018480 0.1864518645 0.1870718707 0.1872818728 0.1886118861 0.1895318953 0.1919819198 0.1924019240 0.1942819428 0.1949119491 0.2183421834 0.2184121841 0.2189421894 0.2229522295 0.2237022370 0.2337623376 0.2470624706 0.2480224802 0.2480624806 0.2502325023 0.2528625286 0.2541725417 0.2568725687 0.2635126351 0.2676626766 0.2698726987 0.2780327803 0.2786527865 0.2837728377 0.2842328423 0.2904329043 0.2923029230 0.2944129441 0.2963329633 0.2998829988 0.3060330603 0.3127431274 0.3185931859 0.3206232062 0.3245632456 0.3355133551 0.3388933889 0.3400434004 0.3405334053 0.3410234102 0.3424334243 0.3454734547 0.3490834908 0.3607436074 0.3668536685 0.3758237582 0.3770937709 0.3793537935 0.3807138071 0.3891738917 0.3978039780 0.3979839798 0.4006740067 0.4061540615 0.4077340773 0.4125941259 0.4137241372 0.4146741467 0.4159241592 0.4172541725 0.4174741747 0.4250142501 0.4261342613 0.4263642636 0.4270642706 0.4330643306 0.4355443554 0.4369643696 0.4373143731 0.4400144001 0.4407644076 0.4438644386 0.4491244912 0.4522045220 0.4528145281 0.4544145441 0.4550145501 0.4572945729 0.4617446174 0.4624446244 0.4629646296 0.4641946419 0.4645346453 0.4683046830 0.4693746937 0.4790547905 0.4793547935 0.4847448474 0.4848348483 0.4852648526 0.4856248562 0.4869248692 0.4900949009 0.4902749027 0.4963649636 0.4975349753 0.4983749837 0.5014750148 0.5025550256 0.5036250363 0.5064750648 0.5066950670 0.5160551606 0.5174951750 0.5194251943 0.5218952190 0.5232952330 0.5289252893 0.5350853509 0.5388553886 0.5412554126 0.5547755478 0.5609956100 0.5732057321 0.5771457715 0.5797557976 0.5810358104 0.5873758738 0.5927059271 0.5936259363 0.5970459705 0.5983159832 0.6109161092 0.6142761428 0.6143061431 0.6184961850 0.6203962040 0.6222162222 0.6277462775 0.6285762858 0.6438264383 0.6464164642 0.6495364954 0.6574465745 0.6607966080 0.6661666617 0.6669666697 0.6712067121 0.6749767498 0.6752567526 0.6787067871 0.6828068281 0.6838768388 0.6840168402 0.6850268503 0.6884268843 0.6893368934 0.6897468975 0.6897868979 0.6915069151 0.6973869739 0.6981569816 0.6991969920 0.7033570336 0.7062270623 0.7074270743 0.7100071001 0.7148071481 0.7213772138 0.7248172482 0.7250672507 0.7312673127 0.7332573326 0.7437874379 0.7452074521 0.7462074621 0.7471274713 0.7545575456 0.7578375784 0.7586875869 0.7601076011 0.7617976180 0.7655076551 0.7668076681 0.7670276703 0.7692676927 0.7724477245 0.7761977620 0.7806078061 0.7818678187 0.7954079541 0.7997379974 0.8005380054 0.8015580156 0.8032580326 0.8038080381 0.8100881009 0.8121981220 0.8122781228 0.8123781238 0.8211282113 0.8262082621 0.8371283713 0.8377983780 0.8380383804 0.8418184182 0.8582085821 0.8624786248 0.8686686867 0.8719287193 0.8726187262 0.8728087281 0.8800588006 0.8810488105 0.8854488545 0.8939089391 0.8962889629 0.8978389784 0.8988089881 0.8997589976 0.9066290663 0.9072290723 0.9105691057 0.9155891559 0.9216992170 0.9222092221 0.9308193082 0.9314993150 0.9325293253 0.9383893839 0.9401394014 0.9405594056 0.9413794138 0.9415594156 0.9473694737 0.9504495045 0.9550295503 0.9570395704 0.9580695807 0.9610696107 0.9624496245 0.9678796788 0.9680396804 0.9681396814 0.9802598026 0.9815698157 0.9823698237 0.9829398294 0.9905499055 0.9915799158 0.9925499255
10101101110111101101100110110111001111100101001010110011001111111010110111111110110011111111101011101110101111111110100111010111111111101111100110111111101111111000111110001101010111111010100111101111111111111111110100110000101111111011101001001110101101100011110111100010011110011101111111001
10111001110110101101100110100111001111100101001010110011001101111010110111111110110011111111101011101110101111111110100111010111111110101111100110111111101111111000111110001101010111111010100111101111111111111111110100110001101111111111101001001010101101100011110111100010011110011101111111001
10111011110110101101110110100111001111100101001010110011001101111010110111111110110011111110101011101110101111111110100111010111111110101110100110111111101111111000111110001101010010111010101111101111111111111111110100100000111111111011101011011010101101100111101011110110111110110111111111011
10101001110110101111100110100111101111100101011110110011001101111010110111111110110011111110111011101110101111111110110111111111111110111110100110111111101111111000011110001101011010111010101111111111111111111111110100100100101111111011101111011010101101100111101011110110111110110111111111011
10101001110110101101100110100111011111110101011010110011001101111110110111111110111011111110111011111110101111111110101111010111111110101110100110111111101111111000111110001101010010111010100111101111111111111111110110100000101111111011101001001011101101100011110011100010011111011101111111101
10101001110110101101100110100111011111110101011010110011001101111111110111111110111011111110111011111110101111111110101111010111111110101110100110111111101111111000111110001101010010111010100111101111111111111111110100100000101111111011101001001011101101100011110011100010011111011101111111101
10111011110110101101100110100111001111100101001010110011001101111110110111111110111011111110111011111110101111111110101111010111111110101110100110111111111111111100111110001101010010111010100111101111111111111111110100100000101111111011101001001011101101100011110011100010011111011101111111101
10101001110110101101100110100111001111101101101010110111011101111010110111111110110111111110101011101110101111111110100111010111111110101111100110111111101111111000111110001101010010111111100111101111111111111111111100110000101111111011101001001110101101100011110111100010011110011101111111001
10111001110110101101100110100111001111100101001010110011001101111010110111111110110011111110101011101110101111111110100111010111111110101110100111111111101111111000111110101101110010111010100111101111111111111111110100110000101111111011101001001010101101110011110011101010011110011101111111001
10101001110110101101101110100111001111100101001010110011101101111010110111111110110011111110101011101110101111111110100111010111111110101110100110111111101111111000111110001111010010111010100111101111111111111111110100100000101111111011111001101010111111100011110011100010011110011101111111001
10111001110110101101100110100111001111100101001010110011001101111010110111111110110011111111101011101110101111111110100111010111111110101111101110111111101111111000111110001101010111111010100111101111111111111111110100110000101111111111101001001010101101100011110111100010011110011101111111001
10101101110111101101100110110111001111100101001010110011001111111010110111111110110011111111101011101110101111111110100111010111111111101111100110111111101111111000111110001101010111111010100111101111111111111111110100110000101111111011101001001110101101100011110111100010011110011101111111001
10101001110110101101100111100111011111110101011010110011001101111110110111111110111011111110111011101110101111111110100111010111111110101111100110111111101111111000111110001101010010111011100111101111111111111111110100110000101111111011101001001110101101100011110111100010011110011101111111001
10101001111110101101100110101111001111100101001010110011001101111010111111111110110011111110101011101110101111111110100111010111111110101111100110111111101111111000111110001101010010111011100111101111111111111111110101111010101111111011101001001011101101100011110011100011011110011101111111101
10101001110111101101100110110111001111100101001010110011001101111010110111111110110011111111101011101110101111111110100111010111111110101111100110111111101111111001111111001101010111111010110111101111111111111111110100110000101111111011101001001110101101100011110111100010011110011101111111001
11101001110110101101100110100111001111100101011011111011001101111010110111111110110011111110111011101111111111111110110111110111111110101110110110111111101111111010011110011101010010111010101111101111111111111111110100100000101111111011101011011010101101100111101011110110111110110111111111011
10101001110110111101100110100111001111101111001010110011001101111010110111111111110011111110101011101110101111111110100111010111111110101111100110111111101111111000111110001101010010111011100111101111111111111111110100110000101111111011101001001110101101100011110111100010011110011101111111001
10111001110110101101100110100111001111100101001010110011001101111010110111111110110011111110101111101110101111111111100111010111111110101110100110111111101111111000111110001101010010111010101111101111111111111111110100100000101111111011101011011010101101101111101011110110111110110111111111011
11101001110110101101100110100111001111100101011010110011001101111010110111111110110011111110111011101111111111111110110111110111111110101110110110111111101111111010011110001101010010111010101111101111111111111111110100100000101111111011101011011010101101100111101011110110111110110111111111011
10111001110110101101100110100111001111100101001010110011001101111010110111111110110011111111101011101110101111111110100111010111111110101111100110111111101111111000111110001101010111111010100111101111111111111111110100110001101111111111101001001010101101100011110111100010011110011101111111001
