//
segsites: 243
positions: 0.0032729412 0.0049400000 0.0177658824 0.0198705882 0.0231941176 0.0250729412 0.0258529412 0.0307870588 0.0324000000 0.0340000000 0.0378611765 0.0392176471 0.0408694118 0.0415341176 0.0447317647 0.0451905882 0.0473152941 0.0476329412 0.0479211765 0.0480588235 0.0497141176 0.0508223529 0.0518482353 0.0530717647 0.0536764706 0.0557588235 0.0567752941 0.0579152941 0.0589035294 0.0590529412 0.0602482353 0.0652082353 0.0676435294 0.0680058824 0.0719176471 0.0732141176 0.0736505882 0.0759105882 0.0785211765 0.0818188235 0.0829988235 0.0958917647 0.0986094118 0.0991317647 0.1008388235 0.1016070588 0.1019458824 0.1046894118 0.1097141176 0.1124564706 0.1151211765 0.1152376471 0.1201505882 0.1279188235 0.1340294118 0.1374870588 0.1385458824 0.1519741176 0.1567094118 0.1582905882 0.1614235294 0.1740435294 0.1756929412 0.1880752941 0.1882894118 0.1902917647 0.1977635294 0.2054364706 0.2088988235 0.2136305882 0.2163988235 0.2245964706 0.2264129412 0.2424176471 0.2430035294 0.2541105882 0.2543988235 0.2545164706 0.2561094118 0.2579400000 0.2595247059 0.2606105882 0.2608223529 0.2617894118 0.3021611765 0.3063435294 0.3217211765 0.3228129412 0.3244658824 0.3245541176 0.3259188235 0.3347741176 0.3448952941 0.3454388235 0.3472670588 0.3512023529 0.3710423529 0.3800282353 0.3817658824 0.3832058824 0.3898047059 0.3917376471 0.3981576471 0.4025400000 0.4208600000 0.4222894118 0.4247882353 0.4315117647 0.4443564706 0.4492941176 0.4493211765 0.4493741176 0.4533329412 0.4543388235 0.4588447059 0.4617294118 0.4647152941 0.4656176471 0.4737294118 0.4775682353 0.4833564706 0.4845494118 0.4863941176 0.4898882353 0.4961329412 0.5017011765 0.5049152941 0.5122223529 0.5236823529 0.5252423529 0.5272941176 0.5367870588 0.5398023529 0.5417717647 0.5452200000 0.5489305882 0.5549623529 0.5552211765 0.5606447059 0.5635047059 0.5717858824 0.5875152941 0.5914576471 0.5976117647 0.5983011765 0.6006329412 0.6028552941 0.6046564706 0.6103988235 0.6174788235 0.6195847059 0.6213741176 0.6239141176 0.6253364706 0.6275023529 0.6287094118 0.6357164706 0.6362152941 0.6391094118 0.6451105882 0.6605035294 0.6669270588 0.6718658824 0.6882105882 0.6902541176 0.6940341176 0.6944141176 0.6963858824 0.7008788235 0.7135352941 0.7159635294 0.7163011765 0.7212082353 0.7221423529 0.7234658824 0.7258058824 0.7279623529 0.7282494118 0.7287752941 0.7351247059 0.7418470588 0.7500352941 0.7593929412 0.7646329412 0.7711094118 0.7769764706 0.7833388235 0.7890717647 0.7915270588 0.7934058824 0.7936717647 0.7988564706 0.8153458824 0.8159247059 0.8241600000 0.8293929412 0.8350494118 0.8361552941 0.8388258824 0.8393294118 0.8414305882 0.8449811765 0.8457258824 0.8479658824 0.8480670588 0.8483917647 0.8506129412 0.8548047059 0.8551470588 0.8551552941 0.8552023529 0.8556317647 0.8600564706 0.8622494118 0.8753705882 0.8777235294 0.8826870588 0.8849552941 0.8868176471 0.8875035294 0.8987094118 0.9027517647 0.9072200000 0.9081564706 0.9092105882 0.9123564706 0.9135623529 0.9297200000 0.9456952941 0.9504329412 0.9505035294 0.9582752941 0.9708258824 0.9727129412 0.9742882353 0.9770658824 0.9806176471 0.9832388235 0.9835858824 0.9919423529 0.9919788235 0.9979694118 0.9981305882
000010001100000000111011001010111000101100111001001001101110100100001001000100110011110011101011101101001000000010011101001011101111100010010110101001100100010000110101011111001010000110100110010001010010101111011100100110110100101100100000000
000010001100000000111011001010110000101100111001001000101110100100000001100110110011110011101001101101001010000010011101001011001111111010011110110011100100011000110101011111001010000110100110010011010010111111011100000101110100100101000110000
111000110011111111000000100001000101000000000110110100101110100100000001000100110011110011101001101101001010000010011101001011001111100010010110100101100100011000110101011111101010010110100110010001010010111111011100000101110100101100100000000
000010001100000000111011001010110000101100111001001000101110100100000001000100111011110011101001101101001001000010011101001011001111100010010110100001100101010010111101011111001010100110100110010001010110101111011101001100110101111100000000000
000010001100000000111011001010111000101100111001001001101110100100001001000100110011110011101011101101001000000010011111001011001111100010110110101001100100010000110111011111001010000110100110010001010010101111011100100100110100101100100000000
000010001100000000111011001010111000111100111001001001101110100100001001000100110011110011101011101101001000000010111101001011001111100010010110101001100100010000110111011111001010000110100110010001010010101111011100100100110100101100100000000
000011001100000000111011001010110000101100111001001000101110100100001001000100110011110011101111101101001000000010011101001011001111100010010110101001100100010000110101011111001010000110100110010001010010101111011100000100110100101100100000000
111000110011111111000000100001000101000001000110110100101111100100000001000100111011110011101001101101001001000010011101001011001111100010010110100001100100010010110101011111001110100110100110010001010110101111011101001100110101111100000000000
111000110011111111000000110001000101000000000110110100101110100110000001010100110011110011101001101101001010000010011101001011001111100110010110100001100110011000110101011111011010000110100110010001010010111111011100000101110100100101000110000
000010001100000000111011001010110000101100111001001000101110100100000001000100111011110011101001101101001001000010011101001011001111100010010110100001100101010010111101011111001010100110100110010001010110101111011101001100110101111100000000000
000010001100000000111011001010111000101100111001001001101110100100001001000100110011110011101011101101001000000010011101001011001111100010010110101001100100010000110101011111001010000110100110010001010010101111011100100110110100101100100000000
000010001100000000111011001010111000101100111001001001101110100100001001000100110011110011101011101101001000000010011101001011001111100010010110101001100100010000110111011111001010000110100110010001010010101111011100100100110100101100100000000
111000110011111111000000100001000101000000000110110100101111100100000001000100110011110011101001101101001010000010011101001011001111100010010110100001100100011000110101011111001010010110100110010001010010111111011100000101110100101100100000000
000010001100000000111011001010110000101100111001001000101110100100000001100100110011110011101001101101001010000010011101001011001111110010011110100011100100011000110101011111001010000110100110010011010010111111011100000101110100100101000110000
000100000000000000011101000100100000000010010000001010101110111101100110001101100010011110111001111111111100001111001100111000011111100001010110100001111100110001010000111111000001001111111111101001111000101101110110010100000010000100000110011
111000110011111111000000100001000101000000000110110100101111100100000001000100111011110011101001101101001001000010011101001011001111100010010111100001100100010010110101011111001010100110100110010001010110101111011101001100110101111100000000000
000010001100000000111011001010111000101100111001001001101110100100001001000100110011110011101011101101001000000010011101001011001111100010010110101001100100010000110111011111001010000110100110010001010010101111011100100100110100101100100000000
111000110011111111000000100001000101000000000110110100111110100100010001000100110111110011101001101101001001110010011101001011001111100010010110100001100100010100110101011111001010000110100110010001010010101111011101001100111100101100110000000
000010001100000000111011001010110010101100111001001000101110100100000001000100110011110011101001101101001010000010011101001011001111100010010110100001100100011000110101011111001010010110100110010101010011111111011100000101110100100100100001000
111000110011111111000000100001000101000000000110110100101110100100000001000100110011110011101001101101001010000010011101001111001111100010010110100001100100011000110101011111001010000110100110010001010010111111011100000101110100000110001000100
