//
segsites: 224
positions: 0.0046658824 0.0101741176 0.0117941176 0.0208517647 0.0245470588 0.0260870588 0.0265329412 0.0272917647 0.0320835294 0.0416952941 0.0480282353 0.0485247059 0.0535270588 0.0583552941 0.0668694118 0.0787411765 0.0812517647 0.0844600000 0.0860941176 0.0960058824 0.0996294118 0.1038705882 0.1046988235 0.1064082353 0.1173835294 0.1184717647 0.1235894118 0.1348694118 0.1449023529 0.1466364706 0.1694588235 0.1792647059 0.1818388235 0.1827729412 0.1849105882 0.1851082353 0.1964588235 0.1986023529 0.1990482353 0.2063035294 0.2097352941 0.2211894118 0.2234870588 0.2243658824 0.2274470588 0.2281282353 0.2290870588 0.2383905882 0.2411670588 0.2553764706 0.2574011765 0.2598023529 0.2644870588 0.2664070588 0.2794164706 0.2805423529 0.2807894118 0.2850305882 0.2878964706 0.2906235294 0.3039905882 0.3153835294 0.3172070588 0.3279164706 0.3292611765 0.3349447059 0.3350494118 0.3368800000 0.3370694118 0.3411611765 0.3505270588 0.3537294118 0.3645188235 0.3659635294 0.3662505882 0.3731729412 0.3738894118 0.3748305882 0.3872847059 0.3932482353 0.4041176471 0.4067658824 0.4172152941 0.4183482353 0.4331847059 0.4421117647 0.4440517647 0.4449317647 0.4497870588 0.4555564706 0.4665752941 0.4679635294 0.4843470588 0.4859223529 0.4999141176 0.5029447059 0.5040482353 0.5045364706 0.5053282353 0.5054223529 0.5099200000 0.5209200000 0.5252635294 0.5274094118 0.5324647059 0.5414023529 0.5428447059 0.5431070588 0.5472600000 0.5510352941 0.5535129412 0.5586000000 0.5601082353 0.5614329412 0.5615600000 0.5619235294 0.5725505882 0.5729011765 0.5732964706 0.5775552941 0.5788776471 0.5806211765 0.5852305882 0.5895541176 0.5918976471 0.5984000000 0.6027505882 0.6044988235 0.6073505882 0.6176011765 0.6281282353 0.6283188235 0.6286364706 0.6323458824 0.6327729412 0.6366200000 0.6402435294 0.6495117647 0.6498600000 0.6504741176 0.6552800000 0.6677223529 0.6682941176 0.6685458824 0.6780611765 0.6800223529 0.6849552941 0.6854211765 0.6974941176 0.7016000000 0.7019800000 0.7054917647 0.7104705882 0.7167611765 0.7264235294 0.7343811765 0.7363682353 0.7372117647 0.7538329412 0.7630905882 0.7770505882 0.7798823529 0.7816058824 0.7862847059 0.7871035294 0.7987941176 0.8007223529 0.8129988235 0.8211352941 0.8225164706 0.8241635294 0.8300647059 0.8336447059 0.8337988235 0.8362858824 0.8367741176 0.8499035294 0.8514188235 0.8540094118 0.8642200000 0.8740705882 0.8777141176 0.8842082353 0.8922976471 0.8999529412 0.9071282353 0.9074870588 0.9091070588 0.9102129412 0.9118482353 0.9128117647 0.9147894118 0.9187670588 0.9206364706 0.9208964706 0.9219729412 0.9244364706 0.9273764706 0.9277070588 0.9279094118 0.9297094118 0.9310035294 0.9313588235 0.9347529412 0.9442905882 0.9450282353 0.9458188235 0.9468000000 0.9479329412 0.9481223529 0.9492705882 0.9502552941 0.9625435294 0.9625458824 0.9657882353 0.9661894118 0.9686235294 0.9715047059 0.9727470588 0.9727882353 0.9780117647 0.9884717647 0.9948870588 0.9952011765
10000010000001000000110100011100000001010010101010000010000011100110001010110001100000000010100100001000100110100011001000010000100101100100100001101000000001101100100011010000101001100010000101011110100000001111100101001000
10000010000001000000110100011100000001010010101010000010000011100110001010110001100000000010100100001001100110100011001000010000100101100100100001101000000001101100100011010000101001100010000101011110100000001111101000001000
10000010000001000000110100000100000000000011101010101000001011000100000110100001001000110001001010110000011000011000001100000100000000100011101010001011100110110101010001010000101001000101000001100111110100001110010010111000
10000010000001000000110100000100000000000010101010000000000011000110000010110001000000000010100100001000100010100010001000000000100100100000100100101000000000100100000001010000101001100100001001000111110100001111010000001000
11000010000001010000110100000100000001010010101010010010000011000110001010110001000000000010100100001000100110100011001000010001110101100100100001101000000001101100100011010001101001100010000101011110100000001111100100001000
00111000111010100010000010100010010000000010101010000011000011000110001010110101010000000010100100001000100110100011101000010000100110100100100001101000000001101100100001011010101001100010000101011110100000001111101000001000
10000010000001000000110100011100000001010010101010000010000011100110001010110001100000000010100100001000100110100011001000010000100101100100100001101000000001101100100011010000101001100010000101011110100000001111100101001000
00000101000100001101001001000000001100101100010001000000010000010001110000001000000101001100010001000110000001000000010011000000000000000000010000000000011000000000001000100000000110001000010000000000001000110000000000000100
10000010000001000000110100011100000001010010101010000010000011100110001010110001100000000010100100001000100110100011001000010000100101100100100001101000000001101100100011010000101001100010000101011110100000001111100101001000
10000010000001000000110100011100000001010010101010000010000011100110001010110001100000000010100100001000100110100011001000010000100101100100100001101000000001101100100011010000101001100010000101011110100000001111100101001000
10000010000001000000110100000100000000000011101010101000001011000100000110100001001000110001001000110000011000011000001100000100001000100001101010001001100110110101010001010000101001000101000001100111110100001110010010101000
00111000111010100010000010100010010000000010101010000011000011000110001010110101010000000010100100001000100110100011101000010010100110100100100001101000000001101100100001011010101001100010000101011110100000001111101000001000
11000010000001010000110100001101100010000010101110000100000111000110000010110001000000000010100100001000100010100010001000001000100100110000100000101100000000100100000101010000101001100100000001000111110101001110010000001011
10000010000001000000110100000100000000000011101010101000001011001100000110100001001000110001001000110000011000011000001100000100000000100011101010001001100110110101010001010000101001000101000001100111110100001110010010101000
10000010000001000000110100000100000000000010101010000000000011000110000010110001000000000010100100001000100010100010001000000000100100100000100100101000000000100100000001010000101001100100001001000111110100001111010000001000
00111000111010100010000010100010010000000010101010000011000011000110001010110101010000000010100100001000100110100011101000010000100110100100100001101000000001101100100001011010101001110010000101011110100000001111101000001000
10000010000001000000110100001100000001010010101010010010000011000110001011110001000000000010100100001000100110100011001000010001110101100100100001101000000001101100100011010001101001100010000101011110100010001111100100001000
10000010000001000000110100000100000000000010101010000000000011000110000010110001000000000010100100001000100010100010001000000000100100100000100100101000000000100100000001010000101001100100001001000111110100001111010000001000
10000010000001000000110100001100000001010010101010010010000011000110001010110001000000000010100100001000100110100011001000010001110101100100100001101000000001101110100011010001101001100010000101011110100000001111100100001000
10000010000001000000110100011100000000000010101010000010100011000110001010110011000010000010100100001000100110100111001000110000100100101100100000111000000001101100100001010100111001100010100111011110100000001110010010101000
