//
segsites: 208
positions: 0.0051682353 0.0140200000 0.0193964706 0.0198929412 0.0271611765 0.0284600000 0.0432000000 0.0436729412 0.0440517647 0.0476988235 0.0478952941 0.0503905882 0.0533352941 0.0543811765 0.0556105882 0.0598588235 0.0612788235 0.0647011765 0.0680364706 0.0684552941 0.0685294118 0.0707141176 0.0728964706 0.0764094118 0.0765070588 0.0785552941 0.0796952941 0.0853117647 0.0867447059 0.0869729412 0.0879282353 0.0897776471 0.0906164706 0.0918458824 0.0924564706 0.0929882353 0.0945105882 0.0958188235 0.0961435294 0.0961670588 0.0966423529 0.0988894118 0.0991329412 0.1104258824 0.1217152941 0.1476235294 0.1503635294 0.1537270588 0.1538329412 0.1634282353 0.1736011765 0.1760482353 0.1836447059 0.1953717647 0.1987376471 0.2048505882 0.2050082353 0.2114176471 0.2279694118 0.2384741176 0.2517988235 0.2588482353 0.2685764706 0.2751929412 0.2901141176 0.2945376471 0.3013882353 0.3177411765 0.3195835294 0.3211200000 0.3246905882 0.3452600000 0.3476364706 0.3481341176 0.3493023529 0.3494764706 0.3589658824 0.3589952941 0.3596435294 0.3645070588 0.3913694118 0.4070011765 0.4089917647 0.4160717647 0.4219470588 0.4266200000 0.4269447059 0.4276917647 0.4416670588 0.4431941176 0.4535164706 0.4556305882 0.4561776471 0.4570105882 0.4607000000 0.4634482353 0.4662282353 0.4797470588 0.4835423529 0.4883352941 0.4916364706 0.4965094118 0.4980835294 0.5005858824 0.5015388235 0.5095364706 0.5099094118 0.5115352941 0.5153188235 0.5160388235 0.5187635294 0.5215258824 0.5636682353 0.5639352941 0.5696529412 0.5791588235 0.5929505882 0.6001800000 0.6110447059 0.6218317647 0.6467964706 0.6479847059 0.6480270588 0.6561800000 0.6565376471 0.6574647059 0.6610811765 0.6616658824 0.6668094118 0.6704647059 0.6709917647 0.6790635294 0.6857882353 0.6991435294 0.7051764706 0.7057470588 0.7098047059 0.7223658824 0.7229964706 0.7242964706 0.7289458824 0.7325317647 0.7334247059 0.7367694118 0.7438600000 0.7447435294 0.7448117647 0.7480352941 0.7500341176 0.7503058824 0.7505247059 0.7549588235 0.7578341176 0.7752270588 0.7759717647 0.7782164706 0.7859035294 0.7925129412 0.7985282353 0.7990600000 0.8182270588 0.8211882353 0.8274964706 0.8277352941 0.8320364706 0.8362741176 0.8375352941 0.8394894118 0.8465223529 0.8509564706 0.8566388235 0.8638647059 0.8639517647 0.8661376471 0.8695741176 0.8715458824 0.8728882353 0.8743388235 0.8753164706 0.8818141176 0.8826176471 0.8975847059 0.8988976471 0.9006258824 0.9011258824 0.9012988235 0.9025976471 0.9081647059 0.9111988235 0.9176211765 0.9192152941 0.9225482353 0.9307623529 0.9346847059 0.9476364706 0.9480964706 0.9499200000 0.9520658824 0.9542788235 0.9572376471 0.9670611765 0.9701823529 0.9774670588 0.9816623529 0.9922352941 0.9951258824 0.9958752941 0.9996270588
1011000100000001110101101111010011011001110000010000110100000101100000100000010110111100100000001110000000010000100001000000011000010000000000010000000010001100110010010000001101010010000110011110000000100000
1011000100000001110101101111010011000001110000000100000000011100100100000000010001111010100011001000000000001000100001001000001000000000000000000000000010001100010010000000001101010010010100000110000010001001
1011000100000011110001101110010011000101110000010010001100000101100000001000010110111100100000011110100000010110100000000100001100000101001001000001100000100010000000100000001100000000000000011100101000100000
1011000100000001110101101111010011011001110000010000110100000101100000100000010110111100100000001110000000010000100001100000011000010000000000010000000010001100010010010000001101010010000110011110000000100000
1011000100100001110101101111010011011001110000010000110100100101100000100000010110111100100000001110000000010000100001000000011000010000000000010000000010011100010010010000001101010010000110011110000000100000
1100011111001000010010101110010111000010000100010000001100000101100000000100011110111100100000001110001000010010100010000000001100100100001000000000101001100010000000100010001100000000000000000100111010001010
1100011111001000010010101110011111000010000100010000001100000101100000000000010110111100100000001110000000010010100010000000001100100100001000000000101001100010000000100010001100000000000001000100111000100000
1011000100000001110101101111010011011001110000010000110100000101100000100000010110111100100000001110000000010000100001000000011000010000000000010000000010001100010110010000001101110010000110111110000000100000
1011000100000101110001101110010011100101110010011000001100000101110000001000010110111100100000001111100000010010100000000100001100000100001000100000110100100000000000001000100110001000001000000100000000001000
1011000100000001110101101111010011000001110000000100000000011100100100000000010001111010100010001000000000001000100001000000001000000000000000000000000010001100010010000000001101010010010100000110000010001001
1011000100000001110001101110010011000101110000010000001100000101100000100000010110111100100100001110010000110001100100010001101010001010110010000110000000000001000000001101100100001101000000000100000000001000
1011000100000001110001101110010011000101110000010010001100000111100000110000010110111100100000101110010000110001100000010001101010000010110010001000000000000001000000001101100100001001000000000100000001001000
1100011111001000010010101110010111000010000100010000001100000101100000000000010110111100100000001110000000010010100010000000001100100100001000000000101001100010000000100010001100000000000001000100111000100000
1011000100000001111101101111010011011001110000010001001100000101100000001000010110111100100000001110100000010010100000000100001100000100001000000000100000100010000000100000001100000000000000011101101100001000
1011100100000001110001111110010011000101110001010000000010011100101100000001110001111010110000001000000011001000100001000000011000010000000100010000000010001100011010010000001101010010000100011110000000100000
1011100100000001110001111110010011000101110001010000000010011100101100000001010001111010110000001000000011001000100001000000011000010000000100010000000010001100010010010000001101010010000100011110000000100000
1011000100010001110101101111010011000001110000010000110100000101100000100000010110111101100000001110000000010000101000000010101011000010110000000000000000000001000001001100110100010010010100000110000000110000
1011000100000001110101101111010011011001110000010000110100000101100000100000010110111100100000001110000000010000100001000000011000010000000000010000000010001100010010010000001101110010100110111110000000100000
1011000100000001110101101111010011011001110000010001001100000101100000001000010110111100100000001110100000010010100000000100001100000100001000000000100000100010000000100000001100000000000000011101101100001000
1000011111001000010010101110110111000010001000110000001101000101100011000010010110111100101000001110000100010010110001000000011000010000000000010000000010001100010010010000001101110010000110011110000000100100
