#OUT: 5000 SS p1 1 /Users/heinrich/Desktop/divergence.txt
Mutations:
194 28 m2 18923 -0.0299999993 0.5 p1 1 1
421 3601 m1 37065 0 0.5 p1 37 1
1110 10415 m1 97685 0 0.5 p1 104 1
1108 15378 m1 97666 0 0.5 p1 154 1
348 17597 m1 30681 0 0.5 p1 177 1
871 18233 m1 76335 0 0.5 p1 183 1
859 20479 m1 75720 0 0.5 p1 205 1
234 22526 m1 22152 0 0.5 p1 226 1
351 23673 m1 30883 0 0.5 p1 238 1
1028 25488 m1 90487 0 0.5 p1 256 1
380 28024 m1 33514 0 0.5 p1 281 1
689 33780 m1 60923 0 0.5 p1 338 1
146 35167 m2 14696 -0.0299999993 0.5 p1 352 1
672 35401 m2 59368 -0.0299999993 0.5 p1 354 1
1135 35511 m1 99827 0 0.5 p1 355 1
180 37867 m1 17718 0 0.5 p1 378 1
84 38110 m1 8146 0 0.5 p1 381 1
1044 39448 m1 92383 0 0.5 p1 394 1
820 41515 m2 72121 -0.0299999993 0.5 p1 415 1
288 41752 m1 26682 0 0.5 p1 417 1
736 43176 m1 64346 0 0.5 p1 432 1
311 45546 m1 27914 0 0.5 p1 455 1
236 46185 m1 22415 0 0.5 p1 461 1
423 46743 m1 37160 0 0.5 p1 467 1
256 49228 m1 24286 0 0.5 p1 491 1
140 53611 m1 13895 0 0.5 p1 534 1
328 54995 m1 29572 0 0.5 p1 548 1
1086 57881 m1 95623 0 0.5 p1 578 1
12 58899 m1 1412 0 0.5 p1 589 1
152 63501 m1 15284 0 0.5 p1 635 1
982 64548 m2 86504 -0.0299999993 0.5 p1 645 1
381 64954 m2 33635 -0.0299999993 0.5 p1 649 1
1061 69791 m2 93660 -0.0299999993 0.5 p1 698 1
761 70729 m2 66937 -0.0299999993 0.5 p1 707 1
851 71015 m1 74766 0 0.5 p1 710 1
7 71438 m1 600 0 0.5 p1 714 1
866 71670 m1 76130 0 0.5 p1 716 1
912 75425 m1 79865 0 0.5 p1 753 1
937 80586 m1 82514 0 0.5 p1 804 1
319 80874 m1 28570 0 0.5 p1 807 1
627 82138 m1 56095 0 0.5 p1 819 1
103 84724 m2 10597 -0.0299999993 0.5 p1 846 1
929 87113 m1 81914 0 0.5 p1 870 1
562 88270 m1 49608 0 0.5 p1 882 1
811 92827 m1 71127 0 0.5 p1 926 1
856 94136 m1 75133 0 0.5 p1 939 1
879 95076 m1 77791 0 0.5 p1 949 1
580 98145 m2 51812 -0.0299999993 0.5 p1 979 1
752 102368 m1 65316 0 0.5 p1 1022 1
457 103555 m1 40017 0 0.5 p1 1033 1
309 104019 m1 27812 0 0.5 p1 1038 1
316 104121 m1 28170 0 0.5 p1 1039 1
874 104644 m1 76642 0 0.5 p1 1044 1
269 107101 m1 25394 0 0.5 p1 1068 1
294 111312 m1 27071 0 0.5 p1 1110 1
559 111903 m2 49349 -0.0299999993 0.5 p1 1116 1
762 117302 m1 66969 0 0.5 p1 1170 1
1131 118337 m1 99671 0 0.5 p1 1181 1
884 124116 m2 78395 -0.0299999993 0.5 p1 1239 1
512 124163 m1 45724 0 0.5 p1 1240 1
252 127556 m1 23771 0 0.5 p1 1273 1
522 129446 m1 46116 0 0.5 p1 1293 1
887 134998 m1 78473 0 0.5 p1 1347 1
962 137437 m1 85113 0 0.5 p1 1372 1
71 141415 m1 7561 0 0.5 p1 1410 1
673 143845 m1 59465 0 0.5 p1 1434 1
145 147315 m1 14618 0 0.5 p1 1468 1
258 147907 m1 24439 0 0.5 p1 1474 1
430 149637 m1 37689 0 0.5 p1 1492 1
957 150443 m1 84725 0 0.5 p1 1500 1
368 150477 m1 32517 0 0.5 p1 1501 1
716 155557 m1 63101 0 0.5 p1 1552 1
189 163056 m2 18453 -0.0299999993 0.5 p1 1628 1
989 165687 m1 87217 0 0.5 p1 1655 1
756 167117 m2 66039 -0.0299999993 0.5 p1 1669 1
361 168636 m1 31613 0 0.5 p1 1685 1
374 168678 m2 32951 -0.0299999993 0.5 p1 1686 1
919 169535 m1 80580 0 0.5 p1 1694 1
330 170851 m1 29628 0 0.5 p1 1708 1
289 180132 m1 26723 0 0.5 p1 1799 1
427 186021 m2 37493 -0.0299999993 0.5 p1 1857 1
263 194146 m1 25107 0 0.5 p1 1938 1
313 194740 m2 27949 -0.0299999993 0.5 p1 1944 1
600 194950 m2 53763 -0.0299999993 0.5 p1 1946 1
746 204062 m1 65079 0 0.5 p1 2038 1
371 205387 m1 32687 0 0.5 p1 2052 1
1109 207995 m1 97673 0 0.5 p1 2078 1
687 208031 m2 60777 -0.0299999993 0.5 p1 2079 1
184 208815 m1 18133 0 0.5 p1 2086 1
57 210555 m2 5654 -0.0299999993 0.5 p1 2103 1
622 212917 m1 55648 0 0.5 p1 2127 1
933 214323 m1 82177 0 0.5 p1 2142 1
564 223683 m1 49819 0 0.5 p1 2235 1
1054 226468 m1 93061 0 0.5 p1 2263 1
586 231884 m1 52269 0 0.5 p1 2318 1
959 235455 m1 84859 0 0.5 p1 2353 1
228 236555 m1 21495 0 0.5 p1 2365 1
507 237380 m1 45429 0 0.5 p1 2373 1
641 248122 m1 57242 0 0.5 p1 2481 1
747 252085 m1 65129 0 0.5 p1 2520 1
46 253141 m1 4547 0 0.5 p1 2531 1
108 255850 m1 10878 0 0.5 p1 2558 1
272 259213 m1 25626 0 0.5 p1 2591 1
186 263558 m1 18198 0 0.5 p1 2634 1
802 266500 m1 70184 0 0.5 p1 2663 1
793 267218 m1 69330 0 0.5 p1 2671 1
387 271152 m1 34781 0 0.5 p1 2710 1
768 272469 m1 67386 0 0.5 p1 2724 1
603 273669 m2 53908 -0.0299999993 0.5 p1 2736 1
702 274233 m1 61732 0 0.5 p1 2741 1
490 274585 m1 43759 0 0.5 p1 2745 1
799 275218 m2 70127 -0.0299999993 0.5 p1 2751 1
304 275423 m1 27537 0 0.5 p1 2752 1
458 280456 m1 40062 0 0.5 p1 2802 1
914 283816 m1 79955 0 0.5 p1 2836 1
33 284361 m2 3522 -0.0299999993 0.5 p1 2841 1
1000 290763 m2 87800 -0.0299999993 0.5 p1 2906 1
1062 290973 m1 93755 0 0.5 p1 2908 1
776 291150 m1 68085 0 0.5 p1 2910 1
17 292603 m1 1717 0 0.5 p1 2924 1
356 294009 m1 31085 0 0.5 p1 2939 1
342 295006 m1 30309 0 0.5 p1 2949 1
214 299325 m1 20196 0 0.5 p1 2992 1
240 302333 m1 22895 0 0.5 p1 3022 1
1102 303847 m1 97267 0 0.5 p1 3036 1
1041 303967 m2 92034 -0.0299999993 0.5 p1 3037 1
1073 312112 m2 94513 -0.0299999993 0.5 p1 3119 1
1001 313259 m1 87816 0 0.5 p1 3130 1
548 314121 m1 48632 0 0.5 p1 3138 1
1111 315103 m1 97686 0 0.5 p1 3148 1
448 317517 m1 39283 0 0.5 p1 3172 1
329 318205 m1 29599 0 0.5 p1 3180 1
59 320082 m2 5924 -0.0299999993 0.5 p1 3199 1
105 320354 m1 10766 0 0.5 p1 3201 1
274 325452 m1 25825 0 0.5 p1 3253 1
995 328605 m1 87561 0 0.5 p1 3284 1
748 328871 m1 65163 0 0.5 p1 3287 1
338 328872 m2 30070 -0.0299999993 0.5 p1 3287 1
1060 332162 m1 93627 0 0.5 p1 3320 1
494 334523 m1 44124 0 0.5 p1 3343 1
224 338476 m1 21264 0 0.5 p1 3381 1
226 338698 m1 21437 0 0.5 p1 3384 1
401 338832 m1 35537 0 0.5 p1 3385 1
730 340529 m1 64008 0 0.5 p1 3402 1
1125 344346 m1 99468 0 0.5 p1 3439 1
810 349154 m1 71025 0 0.5 p1 3487 1
911 354591 m1 79861 0 0.5 p1 3502 1
785 360657 m1 68703 0 0.5 p1 3505 1
714 364966 m2 63051 -0.0299999993 0.5 p1 3507 1
1134 364967 m1 99819 0 0.5 p1 3507 1
1064 364968 m1 93814 0 0.5 p1 3507 1
317 367055 m2 28340 -0.0299999993 0.5 p1 3508 1
612 369398 m1 54860 0 0.5 p1 3509 1
396 379333 m1 35356 0 0.5 p1 3514 1
840 380707 m1 74071 0 0.5 p1 3515 1
878 382394 m1 77680 0 0.5 p1 3516 1
86 382395 m1 8409 0 0.5 p1 3516 1
930 382396 m1 81936 0 0.5 p1 3516 1
1084 384744 m2 95607 -0.0299999993 0.5 p1 3517 1
551 391544 m2 48825 -0.0299999993 0.5 p1 3520 1
27 393108 m2 2699 -0.0299999993 0.5 p1 3521 1
663 395340 m2 58715 -0.0299999993 0.5 p1 3522 1
1120 401341 m1 98681 0 0.5 p1 3525 1
844 401342 m1 74304 0 0.5 p1 3525 1
899 406854 m2 79042 -0.0299999993 0.5 p1 3528 1
905 406855 m2 79518 -0.0299999993 0.5 p1 3528 1
650 409222 m1 57861 0 0.5 p1 3529 1
259 409223 m1 24516 0 0.5 p1 3529 1
1052 410736 m2 92915 -0.0299999993 0.5 p1 3530 1
215 412882 m1 20404 0 0.5 p1 3531 1
405 412883 m2 36224 -0.0299999993 0.5 p1 3531 1
283 414705 m2 26434 -0.0299999993 0.5 p1 3532 1
1083 414706 m1 95531 0 0.5 p1 3532 1
481 417186 m2 42988 -0.0299999993 0.5 p1 3533 1
149 418846 m1 15021 0 0.5 p1 3534 1
782 429241 m2 68427 -0.0299999993 0.5 p1 3539 1
632 429242 m2 56577 -0.0299999993 0.5 p1 3539 1
574 439041 m1 50995 0 0.5 p1 3544 1
1013 441090 m2 89006 -0.0299999993 0.5 p1 3545 1
332 446336 m1 29764 0 0.5 p1 3548 1
1008 450149 m2 88664 -0.0299999993 0.5 p1 3550 1
70 454679 m1 7420 0 0.5 p1 3552 1
158 462433 m1 16100 0 0.5 p1 3556 1
999 466485 m2 87780 -0.0299999993 0.5 p1 3558 1
339 466823 m2 30076 -0.0299999993 0.5 p1 3558 1
679 471122 m1 59930 0 0.5 p1 3560 1
305 474347 m1 27595 0 0.5 p1 3562 1
372 478936 m1 32721 0 0.5 p1 3564 1
1121 479105 m1 98845 0 0.5 p1 3564 1
38 482239 m2 4004 -0.0299999993 0.5 p1 3566 1
222 482240 m1 21103 0 0.5 p1 3566 1
1063 484828 m1 93810 0 0.5 p1 3567 1
63 484965 m1 6499 0 0.5 p1 3567 1
53 486586 m2 5240 -0.0299999993 0.5 p1 3568 1
739 489095 m2 64550 -0.0299999993 0.5 p1 3569 1
1043 490501 m1 92134 0 0.5 p1 3570 1
595 492483 m1 53496 0 0.5 p1 3571 1
523 492841 m1 46119 0 0.5 p1 3571 1
1033 494355 m1 91171 0 0.5 p1 3572 1
377 496280 m1 33296 0 0.5 p1 3573 1
1114 498127 m1 97966 0 0.5 p1 3574 1
382 498974 m1 33680 0 0.5 p1 3574 1
1010 502500 m2 88757 -0.0299999993 0.5 p1 3576 1
61 504790 m2 6157 -0.0299999993 0.5 p1 3577 1
536 504791 m2 47501 -0.0299999993 0.5 p1 3577 1
444 506560 m2 38709 -0.0299999993 0.5 p1 3578 1
419 521213 m1 36854 0 0.5 p1 3585 1
646 522378 m1 57715 0 0.5 p1 3586 1
731 533153 m1 64013 0 0.5 p1 3591 1
182 535053 m1 17837 0 0.5 p1 3592 1
151 536250 m1 15181 0 0.5 p1 3593 1
907 544719 m2 79629 -0.0299999993 0.5 p1 3597 1
686 548294 m2 60480 -0.0299999993 0.5 p1 3599 1
815 554852 m2 71689 -0.0299999993 0.5 p1 3602 1
817 556831 m2 71837 -0.0299999993 0.5 p1 3603 1
153 558760 m2 15321 -0.0299999993 0.5 p1 3604 1
891 560526 m2 78789 -0.0299999993 0.5 p1 3605 1
26 564317 m2 2573 -0.0299999993 0.5 p1 3607 1
848 564884 m1 74628 0 0.5 p1 3607 1
924 564885 m2 81073 -0.0299999993 0.5 p1 3607 1
1056 566331 m2 93086 -0.0299999993 0.5 p1 3608 1
276 572237 m2 25973 -0.0299999993 0.5 p1 3611 1
392 572238 m2 35301 -0.0299999993 0.5 p1 3611 1
314 572239 m2 27984 -0.0299999993 0.5 p1 3611 1
985 573982 m1 86730 0 0.5 p1 3612 1
1050 576043 m1 92873 0 0.5 p1 3613 1
32 576283 m2 3361 -0.0299999993 0.5 p1 3613 1
1079 580194 m2 95110 -0.0299999993 0.5 p1 3615 1
50 582286 m1 5044 0 0.5 p1 3616 1
1049 584707 m2 92824 -0.0299999993 0.5 p1 3617 1
651 594330 m1 58063 0 0.5 p1 3622 1
956 595931 m2 84689 -0.0299999993 0.5 p1 3623 1
432 596273 m1 37738 0 0.5 p1 3623 1
892 608225 m2 78791 -0.0299999993 0.5 p1 3629 1
904 612429 m2 79475 -0.0299999993 0.5 p1 3631 1
442 614208 m1 38325 0 0.5 p1 3632 1
193 619919 m2 18850 -0.0299999993 0.5 p1 3635 1
1017 620284 m1 89497 0 0.5 p1 3635 1
267 622595 m1 25326 0 0.5 p1 3636 1
566 624132 m1 50025 0 0.5 p1 3637 1
818 630294 m2 71841 -0.0299999993 0.5 p1 3640 1
487 633863 m1 43694 0 0.5 p1 3642 1
1059 634470 m2 93411 -0.0299999993 0.5 p1 3642 1
1087 634471 m1 95661 0 0.5 p1 3642 1
183 640073 m2 18125 -0.0299999993 0.5 p1 3645 1
946 648146 m2 83965 -0.0299999993 0.5 p1 3649 1
265 653880 m1 25267 0 0.5 p1 3652 1
143 653881 m2 14334 -0.0299999993 0.5 p1 3652 1
688 657795 m1 60910 0 0.5 p1 3654 1
944 660403 m1 83918 0 0.5 p1 3655 1
966 663972 m1 85246 0 0.5 p1 3657 1
837 667752 m1 73877 0 0.5 p1 3659 1
164 668108 m1 16626 0 0.5 p1 3659 1
942 678034 m2 83833 -0.0299999993 0.5 p1 3664 1
218 680088 m1 20793 0 0.5 p1 3665 1
515 682023 m2 45859 -0.0299999993 0.5 p1 3666 1
233 683782 m2 22126 -0.0299999993 0.5 p1 3667 1
800 694270 m2 70159 -0.0299999993 0.5 p1 3672 1
161 699581 m2 16246 -0.0299999993 0.5 p1 3675 1
998 700069 m2 87623 -0.0299999993 0.5 p1 3675 1
834 703896 m1 73733 0 0.5 p1 3677 1
203 705664 m2 19386 -0.0299999993 0.5 p1 3678 1
120 705665 m2 11957 -0.0299999993 0.5 p1 3678 1
1006 705743 m2 88606 -0.0299999993 0.5 p1 3678 1
137 709652 m2 13812 -0.0299999993 0.5 p1 3680 1
662 710500 m1 58706 0 0.5 p1 3680 1
949 710501 m1 84278 0 0.5 p1 3680 1
895 712111 m2 78857 -0.0299999993 0.5 p1 3681 1
655 713984 m2 58413 -0.0299999993 0.5 p1 3682 1
100 714310 m1 10246 0 0.5 p1 3682 1
426 718623 m1 37480 0 0.5 p1 3684 1
190 718625 m1 18534 0 0.5 p1 3684 1
582 723907 m2 52061 -0.0299999993 0.5 p1 3687 1
781 726469 m2 68423 -0.0299999993 0.5 p1 3688 1
482 727661 m1 43101 0 0.5 p1 3689 1
407 732035 m1 36235 0 0.5 p1 3691 1
1078 733511 m2 95040 -0.0299999993 0.5 p1 3692 1
618 733512 m1 55286 0 0.5 p1 3692 1
280 736065 m1 26281 0 0.5 p1 3693 1
284 737976 m2 26498 -0.0299999993 0.5 p1 3694 1
1118 739299 m2 98586 -0.0299999993 0.5 p1 3695 1
940 743818 m1 82885 0 0.5 p1 3697 1
617 745754 m1 55270 0 0.5 p1 3698 1
28 747437 m2 2805 -0.0299999993 0.5 p1 3699 1
701 750247 m1 61653 0 0.5 p1 3700 1
823 751580 m2 72683 -0.0299999993 0.5 p1 3701 1
921 755638 m2 80726 -0.0299999993 0.5 p1 3703 1
93 760417 m1 9319 0 0.5 p1 3705 1
546 760418 m1 48614 0 0.5 p1 3705 1
1132 776154 m1 99737 0 0.5 p1 3713 1
554 776155 m1 49037 0 0.5 p1 3713 1
266 783897 m1 25286 0 0.5 p1 3717 1
1137 785195 m2 99930 -0.0299999993 0.5 p1 3718 1
809 787426 m2 71004 -0.0299999993 0.5 p1 3719 1
676 790122 m2 59857 -0.0299999993 0.5 p1 3720 1
250 795488 m1 23543 0 0.5 p1 3723 1
394 797531 m1 35326 0 0.5 p1 3724 1
803 805230 m1 70202 0 0.5 p1 3728 1
223 810062 m1 21119 0 0.5 p1 3730 1
210 819351 m1 19988 0 0.5 p1 3735 1
557 821258 m1 49282 0 0.5 p1 3736 1
525 823415 m1 46215 0 0.5 p1 3737 1
843 823416 m1 74270 0 0.5 p1 3737 1
742 833524 m1 64951 0 0.5 p1 3742 1
141 833525 m2 13985 -0.0299999993 0.5 p1 3742 1
682 837628 m1 60439 0 0.5 p1 3744 1
694 837629 m1 61376 0 0.5 p1 3744 1
395 843418 m1 35339 0 0.5 p1 3747 1
939 853444 m1 82718 0 0.5 p1 3752 1
657 855884 m2 58507 -0.0299999993 0.5 p1 3753 1
438 857764 m2 38081 -0.0299999993 0.5 p1 3754 1
561 870004 m2 49577 -0.0299999993 0.5 p1 3760 1
1080 875783 m2 95159 -0.0299999993 0.5 p1 3763 1
770 875784 m1 67504 0 0.5 p1 3763 1
92 875785 m2 9283 -0.0299999993 0.5 p1 3763 1
873 879966 m2 76602 -0.0299999993 0.5 p1 3765 1
658 881731 m1 58532 0 0.5 p1 3766 1
241 889722 m1 22990 0 0.5 p1 3770 1
858 895578 m1 75566 0 0.5 p1 3773 1
863 898406 m1 75953 0 0.5 p1 3774 1
692 904424 m2 61094 -0.0299999993 0.5 p1 3777 1
376 904425 m1 33274 0 0.5 p1 3777 1
1072 908052 m2 94483 -0.0299999993 0.5 p1 3779 1
58 909717 m2 5823 -0.0299999993 0.5 p1 3780 1
340 914032 m1 30210 0 0.5 p1 3782 1
447 916472 m1 39095 0 0.5 p1 3783 1
839 927809 m1 73893 0 0.5 p1 3789 1
19 930228 m2 1856 -0.0299999993 0.5 p1 3790 1
827 934787 m2 73139 -0.0299999993 0.5 p1 3792 1
808 936666 m2 70990 -0.0299999993 0.5 p1 3793 1
610 936667 m1 54555 0 0.5 p1 3793 1
472 940895 m2 41453 -0.0299999993 0.5 p1 3795 1
819 940896 m1 71920 0 0.5 p1 3795 1
804 940897 m2 70547 -0.0299999993 0.5 p1 3795 1
1026 940898 m1 90351 0 0.5 p1 3795 1
558 940899 m1 49324 0 0.5 p1 3795 1
66 948822 m1 6909 0 0.5 p1 3799 1
502 948823 m1 44803 0 0.5 p1 3799 1
659 952286 m2 58638 -0.0299999993 0.5 p1 3801 1
584 954136 m2 52196 -0.0299999993 0.5 p1 3802 1
34 956491 m1 3549 0 0.5 p1 3803 1
720 956492 m2 63499 -0.0299999993 0.5 p1 3803 1
1042 963922 m2 92104 -0.0299999993 0.5 p1 3807 1
111 963923 m2 11173 -0.0299999993 0.5 p1 3807 1
749 963924 m1 65204 0 0.5 p1 3807 1
509 965882 m2 45543 -0.0299999993 0.5 p1 3808 1
733 971988 m1 64065 0 0.5 p1 3811 1
227 980899 m1 21449 0 0.5 p1 3815 1
1057 982225 m1 93161 0 0.5 p1 3816 1
277 984888 m1 26036 0 0.5 p1 3817 1
237 986915 m1 22632 0 0.5 p1 3818 1
1020 990809 m1 89830 0 0.5 p1 3820 1
112 994918 m1 11196 0 0.5 p1 3822 1
1136 998630 m2 99899 -0.0299999993 0.5 p1 3824 1
353 1000995 m1 30917 0 0.5 p1 3825 1
129 1004536 m2 12968 -0.0299999993 0.5 p1 3827 1
205 1006032 m2 19406 -0.0299999993 0.5 p1 3828 1
1130 1008461 m1 99635 0 0.5 p1 3829 1
620 1010496 m1 55433 0 0.5 p1 3830 1
923 1010497 m2 80985 -0.0299999993 0.5 p1 3830 1
960 1012873 m2 84956 -0.0299999993 0.5 p1 3831 1
48 1014365 m2 4953 -0.0299999993 0.5 p1 3832 1
39 1018175 m2 4031 -0.0299999993 0.5 p1 3834 1
486 1026604 m1 43640 0 0.5 p1 3838 1
816 1026605 m2 71729 -0.0299999993 0.5 p1 3838 1
877 1038334 m2 77092 -0.0299999993 0.5 p1 3844 1
882 1050379 m2 78153 -0.0299999993 0.5 p1 3850 1
175 1050380 m2 17398 -0.0299999993 0.5 p1 3850 1
231 1060129 m1 21640 0 0.5 p1 3855 1
1047 1062832 m1 92700 0 0.5 p1 3856 1
463 1078108 m2 40411 -0.0299999993 0.5 p1 3864 1
950 1080491 m1 84288 0 0.5 p1 3865 1
435 1080927 m1 37903 0 0.5 p1 3865 1
16 1080929 m1 1706 0 0.5 p1 3865 1
1093 1086892 m1 96530 0 0.5 p1 3868 1
1069 1088062 m2 94081 -0.0299999993 0.5 p1 3869 1
402 1090334 m1 35812 0 0.5 p1 3870 1
890 1090832 m1 78738 0 0.5 p1 3870 1
409 1096709 m2 36414 -0.0299999993 0.5 p1 3873 1
1081 1102072 m2 95372 -0.0299999993 0.5 p1 3876 1
279 1104706 m2 26151 -0.0299999993 0.5 p1 3877 1
114 1106541 m1 11419 0 0.5 p1 3878 1
207 1108796 m2 19549 -0.0299999993 0.5 p1 3879 1
197 1110390 m2 19054 -0.0299999993 0.5 p1 3880 1
253 1111904 m1 23908 0 0.5 p1 3881 1
845 1114167 m2 74331 -0.0299999993 0.5 p1 3882 1
707 1115937 m2 62317 -0.0299999993 0.5 p1 3883 1
573 1122417 m1 50979 0 0.5 p1 3886 1
1088 1122517 m2 96107 -0.0299999993 0.5 p1 3886 1
832 1130287 m2 73528 -0.0299999993 0.5 p1 3890 1
710 1136919 m2 62824 -0.0299999993 0.5 p1 3893 1
533 1144183 m1 46826 0 0.5 p1 3897 1
1014 1150892 m1 89179 0 0.5 p1 3900 1
133 1152521 m2 13686 -0.0299999993 0.5 p1 3901 1
704 1152785 m2 61867 -0.0299999993 0.5 p1 3901 1
898 1154223 m1 79024 0 0.5 p1 3902 1
445 1156877 m1 38930 0 0.5 p1 3903 1
1105 1162519 m2 97510 -0.0299999993 0.5 p1 3906 1
629 1178487 m2 56315 -0.0299999993 0.5 p1 3914 1
578 1181881 m2 51510 -0.0299999993 0.5 p1 3916 1
977 1185827 m1 86248 0 0.5 p1 3918 1
597 1192637 m1 53564 0 0.5 p1 3921 1
216 1196369 m1 20759 0 0.5 p1 3923 1
326 1204120 m2 29305 -0.0299999993 0.5 p1 3927 1
479 1204121 m1 42686 0 0.5 p1 3927 1
636 1210625 m2 56903 -0.0299999993 0.5 p1 3930 1
917 1210626 m2 80464 -0.0299999993 0.5 p1 3930 1
109 1214517 m1 10895 0 0.5 p1 3932 1
72 1216097 m1 7573 0 0.5 p1 3933 1
1085 1218188 m1 95613 0 0.5 p1 3934 1
1119 1224461 m1 98662 0 0.5 p1 3937 1
786 1225760 m1 68712 0 0.5 p1 3938 1
22 1236625 m1 2256 0 0.5 p1 3943 1
391 1238481 m2 35235 -0.0299999993 0.5 p1 3944 1
429 1239997 m2 37629 -0.0299999993 0.5 p1 3945 1
373 1242604 m2 32924 -0.0299999993 0.5 p1 3946 1
436 1248158 m1 38020 0 0.5 p1 3949 1
454 1248159 m2 39832 -0.0299999993 0.5 p1 3949 1
798 1251848 m1 69847 0 0.5 p1 3951 1
1127 1254458 m1 99542 0 0.5 p1 3952 1
640 1257768 m2 57099 -0.0299999993 0.5 p1 3954 1
511 1258295 m1 45711 0 0.5 p1 3954 1
792 1261674 m2 69297 -0.0299999993 0.5 p1 3956 1
503 1261718 m1 44886 0 0.5 p1 3956 1
14 1264154 m1 1642 0 0.5 p1 3957 1
589 1265986 m1 52500 0 0.5 p1 3958 1
954 1269913 m1 84545 0 0.5 p1 3960 1
1003 1269914 m1 88214 0 0.5 p1 3960 1
570 1271742 m2 50281 -0.0299999993 0.5 p1 3961 1
915 1271880 m2 80034 -0.0299999993 0.5 p1 3961 1
281 1276433 m1 26411 0 0.5 p1 3963 1
1068 1280618 m1 94046 0 0.5 p1 3965 1
690 1280619 m1 60964 0 0.5 p1 3965 1
900 1280620 m1 79061 0 0.5 p1 3965 1
774 1284675 m2 67702 -0.0299999993 0.5 p1 3967 1
675 1288518 m2 59827 -0.0299999993 0.5 p1 3969 1
531 1292536 m2 46769 -0.0299999993 0.5 p1 3971 1
520 1296742 m2 46067 -0.0299999993 0.5 p1 3973 1
384 1300572 m1 33936 0 0.5 p1 3975 1
1015 1302186 m2 89259 -0.0299999993 0.5 p1 3976 1
29 1308639 m2 2978 -0.0299999993 0.5 p1 3979 1
364 1310702 m2 32000 -0.0299999993 0.5 p1 3980 1
1106 1324226 m1 97575 0 0.5 p1 3987 1
148 1324384 m2 14980 -0.0299999993 0.5 p1 3987 1
1048 1326647 m2 92806 -0.0299999993 0.5 p1 3988 1
996 1328516 m2 87606 -0.0299999993 0.5 p1 3989 1
44 1328614 m2 4494 -0.0299999993 0.5 p1 3989 1
1025 1330401 m1 90125 0 0.5 p1 3990 1
947 1332807 m1 83988 0 0.5 p1 3991 1
766 1334670 m2 67258 -0.0299999993 0.5 p1 3992 1
726 1336181 m1 63681 0 0.5 p1 3993 1
758 1336182 m1 66741 0 0.5 p1 3993 1
654 1336183 m1 58379 0 0.5 p1 3993 1
1076 1338870 m1 94907 0 0.5 p1 3994 1
1023 1344237 m2 89881 -0.0299999993 0.5 p1 3997 1
347 1344738 m2 30586 -0.0299999993 0.5 p1 3997 1
418 1346440 m2 36789 -0.0299999993 0.5 p1 3998 1
787 1346477 m2 68864 -0.0299999993 0.5 p1 3998 1
727 1346478 m1 63692 0 0.5 p1 3998 1
865 1348316 m2 76006 -0.0299999993 0.5 p1 3999 1
529 1352065 m2 46463 -0.0299999993 0.5 p1 4001 1
428 1352066 m1 37559 0 0.5 p1 4001 1
695 1358446 m1 61442 0 0.5 p1 4004 1
1116 1360137 m2 98187 -0.0299999993 0.5 p1 4005 1
471 1364325 m1 41441 0 0.5 p1 4007 1
94 1364326 m1 9692 0 0.5 p1 4007 1
414 1372234 m2 36624 -0.0299999993 0.5 p1 4011 1
24 1372235 m2 2362 -0.0299999993 0.5 p1 4011 1
350 1376108 m2 30823 -0.0299999993 0.5 p1 4013 1
0 1378668 m1 63 0 0.5 p1 4014 1
2 1380778 m1 130 0 0.5 p1 4015 1
635 1384585 m2 56859 -0.0299999993 0.5 p1 4017 1
1035 1386824 m2 91391 -0.0299999993 0.5 p1 4018 1
626 1386825 m1 56002 0 0.5 p1 4018 1
13 1386826 m1 1510 0 0.5 p1 4018 1
245 1386827 m1 23306 0 0.5 p1 4018 1
126 1386828 m1 12299 0 0.5 p1 4018 1
835 1388129 m1 73822 0 0.5 p1 4019 1
916 1392655 m1 80143 0 0.5 p1 4021 1
836 1396004 m1 73837 0 0.5 p1 4023 1
229 1408645 m2 21510 -0.0299999993 0.5 p1 4029 1
37 1408646 m1 3994 0 0.5 p1 4029 1
867 1412345 m1 76160 0 0.5 p1 4031 1
255 1416949 m2 24176 -0.0299999993 0.5 p1 4033 1
135 1418330 m2 13721 -0.0299999993 0.5 p1 4034 1
345 1424892 m1 30545 0 0.5 p1 4037 1
713 1428875 m1 63029 0 0.5 p1 4039 1
862 1432770 m1 75787 0 0.5 p1 4041 1
753 1435240 m2 65830 -0.0299999993 0.5 p1 4042 1
666 1438699 m2 58989 -0.0299999993 0.5 p1 4044 1
757 1438700 m2 66189 -0.0299999993 0.5 p1 4044 1
96 1444800 m2 9852 -0.0299999993 0.5 p1 4047 1
202 1444801 m1 19334 0 0.5 p1 4047 1
492 1452334 m1 44079 0 0.5 p1 4051 1
974 1456946 m2 86133 -0.0299999993 0.5 p1 4053 1
483 1456947 m1 43303 0 0.5 p1 4053 1
278 1458396 m1 26041 0 0.5 p1 4054 1
976 1460609 m1 86200 0 0.5 p1 4055 1
497 1460610 m2 44455 -0.0299999993 0.5 p1 4055 1
90 1460611 m2 8972 -0.0299999993 0.5 p1 4055 1
861 1462331 m2 75786 -0.0299999993 0.5 p1 4056 1
735 1467053 m2 64238 -0.0299999993 0.5 p1 4058 1
936 1470842 m2 82458 -0.0299999993 0.5 p1 4060 1
706 1483207 m2 62165 -0.0299999993 0.5 p1 4066 1
1021 1483208 m1 89840 0 0.5 p1 4066 1
532 1484400 m1 46786 0 0.5 p1 4067 1
938 1490549 m1 82639 0 0.5 p1 4070 1
499 1493016 m2 44676 -0.0299999993 0.5 p1 4071 1
287 1494506 m2 26628 -0.0299999993 0.5 p1 4072 1
556 1494507 m2 49227 -0.0299999993 0.5 p1 4072 1
978 1496588 m1 86253 0 0.5 p1 4073 1
35 1499307 m2 3759 -0.0299999993 0.5 p1 4074 1
416 1504540 m1 36737 0 0.5 p1 4077 1
449 1514845 m1 39559 0 0.5 p1 4082 1
519 1514846 m1 46033 0 0.5 p1 4082 1
291 1517282 m1 26957 0 0.5 p1 4083 1
790 1523134 m1 69009 0 0.5 p1 4086 1
1126 1523135 m1 99541 0 0.5 p1 4086 1
424 1528707 m2 37169 -0.0299999993 0.5 p1 4089 1
366 1533379 m1 32213 0 0.5 p1 4091 1
784 1533380 m1 68650 0 0.5 p1 4091 1
693 1535374 m1 61125 0 0.5 p1 4092 1
219 1535375 m2 20899 -0.0299999993 0.5 p1 4092 1
1022 1539499 m1 89844 0 0.5 p1 4094 1
303 1541528 m2 27407 -0.0299999993 0.5 p1 4095 1
162 1541529 m1 16348 0 0.5 p1 4095 1
107 1542974 m1 10818 0 0.5 p1 4096 1
95 1542975 m2 9734 -0.0299999993 0.5 p1 4096 1
232 1547400 m1 21660 0 0.5 p1 4098 1
526 1547401 m1 46257 0 0.5 p1 4098 1
797 1549286 m1 69706 0 0.5 p1 4099 1
122 1554980 m2 11992 -0.0299999993 0.5 p1 4102 1
327 1555369 m1 29324 0 0.5 p1 4102 1
1089 1566793 m2 96117 -0.0299999993 0.5 p1 4108 1
318 1572768 m1 28486 0 0.5 p1 4111 1
987 1572769 m2 86884 -0.0299999993 0.5 p1 4111 1
1002 1572770 m2 87867 -0.0299999993 0.5 p1 4111 1
461 1576679 m2 40342 -0.0299999993 0.5 p1 4113 1
667 1581105 m1 59093 0 0.5 p1 4115 1
343 1582772 m1 30332 0 0.5 p1 4116 1
872 1584310 m1 76436 0 0.5 p1 4117 1
440 1588635 m1 38104 0 0.5 p1 4119 1
462 1593054 m2 40409 -0.0299999993 0.5 p1 4121 1
615 1594215 m2 55018 -0.0299999993 0.5 p1 4122 1
1100 1596662 m1 96968 0 0.5 p1 4123 1
814 1601327 m1 71605 0 0.5 p1 4125 1
920 1604440 m2 80713 -0.0299999993 0.5 p1 4127 1
591 1608611 m2 53139 -0.0299999993 0.5 p1 4129 1
323 1610547 m2 28924 -0.0299999993 0.5 p1 4130 1
452 1612559 m1 39705 0 0.5 p1 4131 1
181 1614954 m2 17820 -0.0299999993 0.5 p1 4132 1
807 1617004 m2 70829 -0.0299999993 0.5 p1 4133 1
606 1617005 m1 54074 0 0.5 p1 4133 1
1016 1622372 m2 89349 -0.0299999993 0.5 p1 4136 1
893 1622373 m1 78795 0 0.5 p1 4136 1
354 1622374 m2 30959 -0.0299999993 0.5 p1 4136 1
847 1629172 m1 74536 0 0.5 p1 4139 1
1123 1629173 m2 99223 -0.0299999993 0.5 p1 4139 1
441 1643045 m2 38153 -0.0299999993 0.5 p1 4146 1
897 1643046 m2 78916 -0.0299999993 0.5 p1 4146 1
386 1643047 m1 34215 0 0.5 p1 4146 1
711 1644952 m2 62862 -0.0299999993 0.5 p1 4147 1
605 1653208 m1 53988 0 0.5 p1 4151 1
668 1653209 m1 59198 0 0.5 p1 4151 1
43 1654400 m2 4424 -0.0299999993 0.5 p1 4152 1
367 1657299 m1 32445 0 0.5 p1 4153 1
459 1659282 m1 40120 0 0.5 p1 4154 1
869 1666389 m1 76331 0 0.5 p1 4158 1
764 1671285 m1 67064 0 0.5 p1 4160 1
1082 1678919 m2 95454 -0.0299999993 0.5 p1 4164 1
732 1680593 m1 64015 0 0.5 p1 4165 1
997 1683314 m2 87608 -0.0299999993 0.5 p1 4166 1
826 1685187 m1 72963 0 0.5 p1 4167 1
955 1685188 m2 84572 -0.0299999993 0.5 p1 4167 1
934 1685190 m2 82213 -0.0299999993 0.5 p1 4167 1
200 1688286 m1 19230 0 0.5 p1 4169 1
513 1688287 m1 45767 0 0.5 p1 4169 1
160 1692950 m1 16235 0 0.5 p1 4171 1
1103 1696462 m2 97269 -0.0299999993 0.5 p1 4173 1
542 1698226 m1 48261 0 0.5 p1 4174 1
543 1700764 m2 48269 -0.0299999993 0.5 p1 4175 1
571 1700765 m2 50410 -0.0299999993 0.5 p1 4175 1
42 1700766 m1 4291 0 0.5 p1 4175 1
648 1700767 m1 57749 0 0.5 p1 4175 1
795 1702502 m2 69606 -0.0299999993 0.5 p1 4176 1
508 1704399 m2 45541 -0.0299999993 0.5 p1 4177 1
285 1704400 m2 26561 -0.0299999993 0.5 p1 4177 1
275 1712895 m1 25916 0 0.5 p1 4181 1
537 1712896 m1 47682 0 0.5 p1 4181 1
964 1714848 m2 85214 -0.0299999993 0.5 p1 4182 1
516 1716750 m2 45949 -0.0299999993 0.5 p1 4183 1
465 1721165 m1 40716 0 0.5 p1 4185 1
1038 1725103 m2 91634 -0.0299999993 0.5 p1 4187 1
1107 1726968 m1 97621 0 0.5 p1 4188 1
163 1728746 m2 16523 -0.0299999993 0.5 p1 4189 1
572 1738759 m2 50632 -0.0299999993 0.5 p1 4194 1
763 1740413 m1 66971 0 0.5 p1 4195 1
406 1740414 m1 36228 0 0.5 p1 4195 1
581 1746916 m1 51999 0 0.5 p1 4198 1
410 1748615 m2 36462 -0.0299999993 0.5 p1 4199 1
60 1750721 m1 5931 0 0.5 p1 4200 1
812 1750722 m2 71362 -0.0299999993 0.5 p1 4200 1
696 1760420 m1 61482 0 0.5 p1 4205 1
264 1760421 m2 25244 -0.0299999993 0.5 p1 4205 1
117 1767170 m1 11635 0 0.5 p1 4208 1
473 1774669 m2 41611 -0.0299999993 0.5 p1 4212 1
677 1774670 m1 59868 0 0.5 p1 4212 1
775 1780986 m2 67713 -0.0299999993 0.5 p1 4215 1
671 1780987 m2 59285 -0.0299999993 0.5 p1 4215 1
552 1788678 m2 48854 -0.0299999993 0.5 p1 4219 1
596 1790743 m1 53562 0 0.5 p1 4220 1
500 1792376 m2 44690 -0.0299999993 0.5 p1 4221 1
501 1794691 m2 44754 -0.0299999993 0.5 p1 4222 1
244 1796493 m2 23087 -0.0299999993 0.5 p1 4223 1
718 1800427 m1 63250 0 0.5 p1 4225 1
613 1800428 m1 54922 0 0.5 p1 4225 1
703 1800429 m1 61809 0 0.5 p1 4225 1
124 1802561 m2 12180 -0.0299999993 0.5 p1 4226 1
208 1812420 m1 19562 0 0.5 p1 4231 1
128 1816264 m2 12852 -0.0299999993 0.5 p1 4233 1
560 1821180 m1 49470 0 0.5 p1 4235 1
681 1823180 m1 60402 0 0.5 p1 4236 1
530 1823181 m2 46474 -0.0299999993 0.5 p1 4236 1
167 1824279 m2 16969 -0.0299999993 0.5 p1 4237 1
1012 1831231 m1 88931 0 0.5 p1 4240 1
484 1831232 m1 43342 0 0.5 p1 4240 1
665 1832845 m1 58811 0 0.5 p1 4241 1
82 1832846 m1 8108 0 0.5 p1 4241 1
1097 1835107 m2 96744 -0.0299999993 0.5 p1 4242 1
187 1835108 m1 18230 0 0.5 p1 4242 1
1053 1835109 m1 93060 0 0.5 p1 4242 1
324 1835110 m1 28938 0 0.5 p1 4242 1
98 1836485 m2 9949 -0.0299999993 0.5 p1 4243 1
25 1845076 m2 2496 -0.0299999993 0.5 p1 4247 1
443 1845077 m1 38532 0 0.5 p1 4247 1
254 1848200 m1 24098 0 0.5 p1 4249 1
709 1848201 m2 62757 -0.0299999993 0.5 p1 4249 1
78 1848202 m1 8035 0 0.5 p1 4249 1
754 1850568 m2 65892 -0.0299999993 0.5 p1 4250 1
239 1852437 m2 22879 -0.0299999993 0.5 p1 4251 1
628 1860873 m1 56147 0 0.5 p1 4255 1
883 1862951 m1 78280 0 0.5 p1 4256 1
1007 1865103 m2 88615 -0.0299999993 0.5 p1 4257 1
609 1867324 m2 54484 -0.0299999993 0.5 p1 4258 1
360 1868567 m2 31540 -0.0299999993 0.5 p1 4259 1
488 1870697 m1 43731 0 0.5 p1 4260 1
257 1872778 m1 24324 0 0.5 p1 4261 1
268 1875062 m2 25345 -0.0299999993 0.5 p1 4262 1
467 1880509 m2 40906 -0.0299999993 0.5 p1 4265 1
75 1883143 m1 7715 0 0.5 p1 4266 1
21 1891146 m1 2131 0 0.5 p1 4270 1
433 1892775 m1 37852 0 0.5 p1 4271 1
633 1896273 m1 56681 0 0.5 p1 4273 1
1071 1905166 m1 94260 0 0.5 p1 4277 1
273 1905167 m2 25721 -0.0299999993 0.5 p1 4277 1
649 1906865 m2 57759 -0.0299999993 0.5 p1 4278 1
952 1908892 m2 84435 -0.0299999993 0.5 p1 4279 1
728 1919153 m2 63726 -0.0299999993 0.5 p1 4284 1
65 1924860 m2 6758 -0.0299999993 0.5 p1 4287 1
74 1924861 m2 7641 -0.0299999993 0.5 p1 4287 1
221 1927403 m2 21057 -0.0299999993 0.5 p1 4288 1
56 1930964 m2 5381 -0.0299999993 0.5 p1 4290 1
225 1941275 m1 21431 0 0.5 p1 4295 1
886 1941276 m2 78455 -0.0299999993 0.5 p1 4295 1
829 1943168 m2 73171 -0.0299999993 0.5 p1 4296 1
455 1944859 m1 39982 0 0.5 p1 4297 1
734 1951024 m1 64227 0 0.5 p1 4300 1
383 1957010 m1 33775 0 0.5 p1 4303 1
81 1957011 m1 8079 0 0.5 p1 4303 1
1095 1961218 m1 96660 0 0.5 p1 4305 1
1045 1961219 m2 92433 -0.0299999993 0.5 p1 4305 1
750 1963081 m1 65209 0 0.5 p1 4306 1
468 1963082 m1 41233 0 0.5 p1 4306 1
1074 1969019 m1 94812 0 0.5 p1 4309 1
417 1969020 m2 36767 -0.0299999993 0.5 p1 4309 1
333 1971359 m1 29782 0 0.5 p1 4310 1
322 1975110 m1 28891 0 0.5 p1 4312 1
211 1979052 m2 20071 -0.0299999993 0.5 p1 4314 1
683 1983207 m2 60446 -0.0299999993 0.5 p1 4316 1
166 1985075 m2 16803 -0.0299999993 0.5 p1 4317 1
110 1987488 m2 11154 -0.0299999993 0.5 p1 4318 1
87 1991037 m1 8461 0 0.5 p1 4320 1
51 1991038 m1 5094 0 0.5 p1 4320 1
779 1991039 m2 68235 -0.0299999993 0.5 p1 4320 1
379 1992655 m1 33467 0 0.5 p1 4321 1
972 1992656 m2 86058 -0.0299999993 0.5 p1 4321 1
888 1994729 m1 78568 0 0.5 p1 4322 1
842 2000640 m2 74162 -0.0299999993 0.5 p1 4325 1
298 2002931 m2 27217 -0.0299999993 0.5 p1 4326 1
363 2002932 m1 31774 0 0.5 p1 4326 1
91 2008651 m1 9040 0 0.5 p1 4329 1
777 2010926 m1 68128 0 0.5 p1 4330 1
118 2015129 m1 11822 0 0.5 p1 4332 1
602 2020982 m1 53901 0 0.5 p1 4335 1
282 2024626 m1 26432 0 0.5 p1 4337 1
390 2026813 m1 35127 0 0.5 p1 4338 1
1133 2033231 m2 99810 -0.0299999993 0.5 p1 4341 1
346 2034689 m2 30576 -0.0299999993 0.5 p1 4342 1
212 2034690 m1 20106 0 0.5 p1 4342 1
738 2039230 m1 64483 0 0.5 p1 4344 1
719 2042880 m2 63313 -0.0299999993 0.5 p1 4346 1
157 2045149 m1 15876 0 0.5 p1 4347 1
870 2048585 m2 76334 -0.0299999993 0.5 p1 4349 1
456 2050837 m1 40004 0 0.5 p1 4350 1
805 2050838 m1 70628 0 0.5 p1 4350 1
806 2056877 m1 70794 0 0.5 p1 4353 1
1122 2062799 m1 98982 0 0.5 p1 4356 1
398 2064342 m1 35398 0 0.5 p1 4357 1
480 2066529 m2 42764 -0.0299999993 0.5 p1 4358 1
238 2068614 m2 22870 -0.0299999993 0.5 p1 4359 1
854 2071074 m2 74991 -0.0299999993 0.5 p1 4360 1
3 2072494 m2 220 -0.0299999993 0.5 p1 4361 1
653 2072495 m2 58152 -0.0299999993 0.5 p1 4361 1
918 2072496 m1 80566 0 0.5 p1 4361 1
1115 2080278 m1 98183 0 0.5 p1 4365 1
400 2080279 m1 35443 0 0.5 p1 4365 1
935 2084223 m1 82416 0 0.5 p1 4367 1
638 2084224 m2 56941 -0.0299999993 0.5 p1 4367 1
295 2088766 m1 27091 0 0.5 p1 4369 1
721 2095175 m2 63562 -0.0299999993 0.5 p1 4372 1
697 2096677 m1 61488 0 0.5 p1 4373 1
594 2101045 m2 53284 -0.0299999993 0.5 p1 4375 1
23 2101046 m1 2313 0 0.5 p1 4375 1
385 2102477 m2 34042 -0.0299999993 0.5 p1 4376 1
553 2106529 m2 49018 -0.0299999993 0.5 p1 4378 1
656 2108863 m1 58437 0 0.5 p1 4379 1
320 2110498 m2 28707 -0.0299999993 0.5 p1 4380 1
868 2113171 m1 76313 0 0.5 p1 4381 1
518 2114617 m2 46028 -0.0299999993 0.5 p1 4382 1
1077 2117015 m1 94975 0 0.5 p1 4383 1
270 2122860 m2 25585 -0.0299999993 0.5 p1 4386 1
170 2122861 m2 17105 -0.0299999993 0.5 p1 4386 1
198 2124345 m1 19125 0 0.5 p1 4387 1
20 2124346 m2 1902 -0.0299999993 0.5 p1 4387 1
150 2127119 m1 15034 0 0.5 p1 4388 1
1051 2132788 m2 92911 -0.0299999993 0.5 p1 4391 1
517 2134756 m2 46020 -0.0299999993 0.5 p1 4392 1
489 2142902 m1 43755 0 0.5 p1 4396 1
708 2146347 m1 62732 0 0.5 p1 4398 1
403 2148355 m2 35917 -0.0299999993 0.5 p1 4399 1
68 2150741 m2 7236 -0.0299999993 0.5 p1 4400 1
286 2150742 m1 26598 0 0.5 p1 4400 1
875 2156935 m2 76756 -0.0299999993 0.5 p1 4403 1
1032 2162624 m2 91102 -0.0299999993 0.5 p1 4406 1
1070 2166342 m1 94190 0 0.5 p1 4408 1
568 2166343 m2 50181 -0.0299999993 0.5 p1 4408 1
643 2172430 m1 57470 0 0.5 p1 4411 1
495 2176528 m2 44269 -0.0299999993 0.5 p1 4413 1
142 2176529 m1 14245 0 0.5 p1 4413 1
970 2176530 m1 85738 0 0.5 p1 4413 1
85 2176531 m2 8389 -0.0299999993 0.5 p1 4413 1
813 2182203 m1 71417 0 0.5 p1 4416 1
822 2190414 m2 72504 -0.0299999993 0.5 p1 4420 1
296 2194889 m1 27130 0 0.5 p1 4422 1
896 2200952 m1 78889 0 0.5 p1 4425 1
922 2200953 m1 80827 0 0.5 p1 4425 1
69 2202621 m2 7353 -0.0299999993 0.5 p1 4426 1
334 2204723 m2 29808 -0.0299999993 0.5 p1 4427 1
1067 2206836 m1 94034 0 0.5 p1 4428 1
431 2208038 m2 37704 -0.0299999993 0.5 p1 4429 1
104 2212477 m1 10670 0 0.5 p1 4431 1
864 2216531 m1 75976 0 0.5 p1 4433 1
199 2220395 m2 19203 -0.0299999993 0.5 p1 4435 1
1075 2225034 m1 94873 0 0.5 p1 4437 1
76 2228940 m2 7809 -0.0299999993 0.5 p1 4439 1
422 2230971 m1 37095 0 0.5 p1 4440 1
155 2234875 m1 15514 0 0.5 p1 4442 1
335 2236395 m1 29899 0 0.5 p1 4443 1
963 2236396 m1 85121 0 0.5 p1 4443 1
760 2241053 m1 66894 0 0.5 p1 4445 1
841 2241054 m1 74073 0 0.5 p1 4445 1
192 2241055 m1 18686 0 0.5 p1 4445 1
1005 2242188 m2 88533 -0.0299999993 0.5 p1 4446 1
204 2242189 m1 19396 0 0.5 p1 4446 1
5 2245190 m2 426 -0.0299999993 0.5 p1 4447 1
476 2246970 m2 41968 -0.0299999993 0.5 p1 4448 1
1104 2250372 m2 97498 -0.0299999993 0.5 p1 4450 1
637 2254554 m1 56913 0 0.5 p1 4452 1
975 2256865 m2 86152 -0.0299999993 0.5 p1 4453 1
115 2256866 m1 11451 0 0.5 p1 4453 1
1024 2262151 m1 90071 0 0.5 p1 4456 1
362 2262152 m2 31617 -0.0299999993 0.5 p1 4456 1
67 2271163 m1 7042 0 0.5 p1 4460 1
913 2271164 m1 79953 0 0.5 p1 4460 1
1040 2272718 m1 91789 0 0.5 p1 4461 1
846 2274832 m2 74519 -0.0299999993 0.5 p1 4462 1
853 2279013 m2 74889 -0.0299999993 0.5 p1 4464 1
201 2280311 m1 19301 0 0.5 p1 4465 1
1124 2282860 m2 99383 -0.0299999993 0.5 p1 4466 1
1099 2286565 m2 96930 -0.0299999993 0.5 p1 4468 1
185 2286566 m2 18140 -0.0299999993 0.5 p1 4468 1
408 2288394 m1 36363 0 0.5 p1 4469 1
607 2291011 m2 54114 -0.0299999993 0.5 p1 4470 1
261 2294387 m1 25048 0 0.5 p1 4472 1
979 2298714 m2 86263 -0.0299999993 0.5 p1 4474 1
45 2300808 m1 4534 0 0.5 p1 4475 1
567 2302672 m1 50082 0 0.5 p1 4476 1
369 2307042 m1 32648 0 0.5 p1 4478 1
36 2309365 m1 3870 0 0.5 p1 4479 1
174 2309366 m1 17229 0 0.5 p1 4479 1
54 2312667 m2 5287 -0.0299999993 0.5 p1 4481 1
355 2314836 m2 31003 -0.0299999993 0.5 p1 4482 1
778 2318661 m2 68202 -0.0299999993 0.5 p1 4484 1
555 2318662 m1 49115 0 0.5 p1 4484 1
370 2321149 m2 32673 -0.0299999993 0.5 p1 4485 1
300 2321150 m2 27303 -0.0299999993 0.5 p1 4485 1
773 2323206 m1 67670 0 0.5 p1 4486 1
1 2328557 m1 126 0 0.5 p1 4489 1
123 2328558 m1 12076 0 0.5 p1 4489 1
983 2331063 m2 86518 -0.0299999993 0.5 p1 4490 1
154 2332562 m2 15461 -0.0299999993 0.5 p1 4491 1
630 2335088 m1 56450 0 0.5 p1 4492 1
1113 2340731 m2 97871 -0.0299999993 0.5 p1 4495 1
951 2344485 m2 84379 -0.0299999993 0.5 p1 4497 1
1037 2348907 m2 91610 -0.0299999993 0.5 p1 4499 1
242 2354894 m1 23007 0 0.5 p1 4502 1
315 2356944 m2 28083 -0.0299999993 0.5 p1 4503 1
645 2363339 m1 57587 0 0.5 p1 4506 1
744 2371438 m2 64995 -0.0299999993 0.5 p1 4510 1
539 2372931 m2 47967 -0.0299999993 0.5 p1 4511 1
644 2372932 m2 57520 -0.0299999993 0.5 p1 4511 1
18 2374599 m2 1783 -0.0299999993 0.5 p1 4512 1
188 2376974 m2 18339 -0.0299999993 0.5 p1 4513 1
1046 2380777 m1 92505 0 0.5 p1 4515 1
967 2380778 m2 85344 -0.0299999993 0.5 p1 4515 1
789 2382841 m1 68965 0 0.5 p1 4516 1
358 2384808 m2 31212 -0.0299999993 0.5 p1 4517 1
1058 2386912 m1 93226 0 0.5 p1 4518 1
191 2388751 m2 18586 -0.0299999993 0.5 p1 4519 1
958 2394724 m2 84730 -0.0299999993 0.5 p1 4522 1
308 2396895 m1 27793 0 0.5 p1 4523 1
1034 2398356 m1 91308 0 0.5 p1 4524 1
941 2398357 m1 83791 0 0.5 p1 4524 1
948 2400621 m2 84093 -0.0299999993 0.5 p1 4525 1
593 2415289 m1 53228 0 0.5 p1 4532 1
169 2425120 m2 17045 -0.0299999993 0.5 p1 4537 1
352 2426382 m1 30915 0 0.5 p1 4538 1
925 2436582 m2 81361 -0.0299999993 0.5 p1 4543 1
587 2439020 m1 52358 0 0.5 p1 4544 1
661 2441159 m2 58682 -0.0299999993 0.5 p1 4545 1
420 2444805 m1 37000 0 0.5 p1 4547 1
527 2447023 m2 46317 -0.0299999993 0.5 p1 4548 1
931 2447024 m1 81952 0 0.5 p1 4548 1
159 2449073 m1 16209 0 0.5 p1 4549 1
1031 2450554 m1 91027 0 0.5 p1 4550 1
293 2452422 m2 26986 -0.0299999993 0.5 p1 4551 1
80 2455088 m2 8076 -0.0299999993 0.5 p1 4552 1
1030 2455089 m2 90833 -0.0299999993 0.5 p1 4552 1
357 2458744 m1 31110 0 0.5 p1 4554 1
412 2466435 m1 36503 0 0.5 p1 4558 1
195 2466436 m2 18975 -0.0299999993 0.5 p1 4558 1
131 2468850 m1 13500 0 0.5 p1 4559 1
337 2468851 m2 29959 -0.0299999993 0.5 p1 4559 1
434 2471130 m2 37899 -0.0299999993 0.5 p1 4560 1
397 2484557 m2 35363 -0.0299999993 0.5 p1 4567 1
249 2489158 m1 23501 0 0.5 p1 4569 1
132 2489159 m2 13579 -0.0299999993 0.5 p1 4569 1
165 2490851 m2 16774 -0.0299999993 0.5 p1 4570 1
10 2494522 m2 1113 -0.0299999993 0.5 p1 4572 1
1090 2494523 m1 96263 0 0.5 p1 4572 1
359 2504807 m2 31236 -0.0299999993 0.5 p1 4577 1
1094 2507179 m1 96533 0 0.5 p1 4578 1
881 2507180 m1 78152 0 0.5 p1 4578 1
411 2511049 m2 36467 -0.0299999993 0.5 p1 4580 1
496 2516900 m1 44271 0 0.5 p1 4583 1
336 2516901 m2 29917 -0.0299999993 0.5 p1 4583 1
541 2523395 m2 48042 -0.0299999993 0.5 p1 4586 1
116 2524877 m2 11614 -0.0299999993 0.5 p1 4587 1
1009 2527235 m1 88670 0 0.5 p1 4588 1
365 2541041 m1 32137 0 0.5 p1 4595 1
833 2541042 m2 73673 -0.0299999993 0.5 p1 4595 1
685 2544899 m1 60454 0 0.5 p1 4597 1
47 2544900 m1 4581 0 0.5 p1 4597 1
1096 2549077 m2 96671 -0.0299999993 0.5 p1 4599 1
928 2551017 m1 81577 0 0.5 p1 4600 1
540 2555402 m2 48029 -0.0299999993 0.5 p1 4602 1
604 2556751 m2 53936 -0.0299999993 0.5 p1 4603 1
538 2556752 m2 47910 -0.0299999993 0.5 p1 4603 1
634 2561465 m2 56856 -0.0299999993 0.5 p1 4605 1
460 2564580 m2 40274 -0.0299999993 0.5 p1 4607 1
855 2564581 m1 75001 0 0.5 p1 4607 1
889 2564582 m2 78669 -0.0299999993 0.5 p1 4607 1
89 2568687 m1 8643 0 0.5 p1 4609 1
909 2571208 m1 79795 0 0.5 p1 4610 1
217 2571209 m2 20772 -0.0299999993 0.5 p1 4610 1
824 2573175 m1 72809 0 0.5 p1 4611 1
984 2584801 m2 86544 -0.0299999993 0.5 p1 4617 1
943 2586977 m1 83837 0 0.5 p1 4618 1
136 2591107 m2 13722 -0.0299999993 0.5 p1 4620 1
906 2594871 m2 79531 -0.0299999993 0.5 p1 4622 1
521 2597129 m2 46098 -0.0299999993 0.5 p1 4623 1
565 2598609 m1 50007 0 0.5 p1 4624 1
549 2598610 m2 48633 -0.0299999993 0.5 p1 4624 1
741 2600727 m2 64910 -0.0299999993 0.5 p1 4625 1
247 2602382 m1 23371 0 0.5 p1 4626 1
850 2602383 m2 74681 -0.0299999993 0.5 p1 4626 1
138 2604452 m2 13816 -0.0299999993 0.5 p1 4627 1
534 2607115 m1 46883 0 0.5 p1 4628 1
230 2612833 m1 21575 0 0.5 p1 4631 1
292 2617411 m2 26959 -0.0299999993 0.5 p1 4633 1
838 2617412 m1 73881 0 0.5 p1 4633 1
973 2621067 m1 86114 0 0.5 p1 4635 1
821 2621068 m1 72361 0 0.5 p1 4635 1
399 2624909 m1 35418 0 0.5 p1 4637 1
1029 2626520 m2 90712 -0.0299999993 0.5 p1 4638 1
699 2630380 m2 61551 -0.0299999993 0.5 p1 4640 1
1066 2632638 m2 93899 -0.0299999993 0.5 p1 4641 1
849 2641305 m1 74666 0 0.5 p1 4645 1
631 2641306 m1 56504 0 0.5 p1 4645 1
647 2651295 m1 57737 0 0.5 p1 4650 1
717 2652790 m1 63107 0 0.5 p1 4651 1
206 2652791 m1 19433 0 0.5 p1 4651 1
306 2657096 m1 27602 0 0.5 p1 4653 1
1091 2664463 m2 96339 -0.0299999993 0.5 p1 4657 1
178 2664464 m1 17511 0 0.5 p1 4657 1
474 2671301 m2 41619 -0.0299999993 0.5 p1 4660 1
331 2672922 m1 29686 0 0.5 p1 4661 1
1004 2680682 m1 88531 0 0.5 p1 4665 1
344 2690509 m2 30472 -0.0299999993 0.5 p1 4670 1
113 2692467 m2 11392 -0.0299999993 0.5 p1 4671 1
121 2692468 m1 11977 0 0.5 p1 4671 1
437 2692469 m1 38045 0 0.5 p1 4671 1
725 2692470 m2 63678 -0.0299999993 0.5 p1 4671 1
196 2698913 m2 19053 -0.0299999993 0.5 p1 4674 1
40 2702744 m2 4157 -0.0299999993 0.5 p1 4676 1
477 2704654 m2 42331 -0.0299999993 0.5 p1 4677 1
301 2708266 m2 27326 -0.0299999993 0.5 p1 4679 1
611 2712477 m2 54667 -0.0299999993 0.5 p1 4681 1
99 2726860 m1 10006 0 0.5 p1 4688 1
52 2726861 m1 5231 0 0.5 p1 4688 1
994 2728224 m2 87359 -0.0299999993 0.5 p1 4689 1
705 2731053 m1 61986 0 0.5 p1 4690 1
910 2732658 m1 79831 0 0.5 p1 4691 1
903 2736365 m1 79463 0 0.5 p1 4693 1
614 2741036 m2 54936 -0.0299999993 0.5 p1 4695 1
592 2744618 m2 53220 -0.0299999993 0.5 p1 4697 1
4 2748341 m1 376 0 0.5 p1 4699 1
729 2750468 m1 63821 0 0.5 p1 4700 1
576 2758360 m1 51389 0 0.5 p1 4704 1
41 2758361 m2 4195 -0.0299999993 0.5 p1 4704 1
1027 2760139 m1 90356 0 0.5 p1 4705 1
885 2762274 m1 78411 0 0.5 p1 4706 1
852 2764245 m2 74884 -0.0299999993 0.5 p1 4707 1
664 2766007 m2 58717 -0.0299999993 0.5 p1 4708 1
475 2768579 m1 41819 0 0.5 p1 4709 1
209 2769832 m2 19741 -0.0299999993 0.5 p1 4710 1
246 2774020 m1 23322 0 0.5 p1 4712 1
547 2779670 m2 48619 -0.0299999993 0.5 p1 4715 1
932 2784434 m2 81989 -0.0299999993 0.5 p1 4717 1
550 2785715 m1 48738 0 0.5 p1 4718 1
83 2791565 m2 8136 -0.0299999993 0.5 p1 4721 1
179 2809888 m2 17592 -0.0299999993 0.5 p1 4730 1
62 2809889 m2 6188 -0.0299999993 0.5 p1 4730 1
880 2813969 m1 77914 0 0.5 p1 4732 1
722 2818293 m2 63565 -0.0299999993 0.5 p1 4734 1
981 2819481 m1 86477 0 0.5 p1 4735 1
652 2821821 m1 58146 0 0.5 p1 4736 1
1112 2828068 m2 97826 -0.0299999993 0.5 p1 4739 1
601 2830290 m1 53896 0 0.5 p1 4740 1
388 2833599 m1 34858 0 0.5 p1 4742 1
745 2838287 m2 65001 -0.0299999993 0.5 p1 4744 1
830 2839792 m2 73438 -0.0299999993 0.5 p1 4745 1
993 2849828 m2 87337 -0.0299999993 0.5 p1 4750 1
341 2853546 m2 30278 -0.0299999993 0.5 p1 4752 1
439 2855927 m1 38095 0 0.5 p1 4753 1
213 2864429 m1 20127 0 0.5 p1 4757 1
660 2864430 m2 58645 -0.0299999993 0.5 p1 4757 1
176 2865590 m1 17436 0 0.5 p1 4758 1
101 2865591 m2 10304 -0.0299999993 0.5 p1 4758 1
780 2868225 m1 68254 0 0.5 p1 4759 1
961 2868226 m2 84970 -0.0299999993 0.5 p1 4759 1
491 2872145 m2 43990 -0.0299999993 0.5 p1 4761 1
248 2876083 m2 23455 -0.0299999993 0.5 p1 4763 1
510 2878294 m1 45566 0 0.5 p1 4764 1
831 2886531 m2 73491 -0.0299999993 0.5 p1 4768 1
173 2886532 m2 17183 -0.0299999993 0.5 p1 4768 1
139 2891831 m1 13841 0 0.5 p1 4771 1
969 2896189 m1 85529 0 0.5 p1 4773 1
715 2899938 m2 63089 -0.0299999993 0.5 p1 4775 1
684 2903814 m2 60448 -0.0299999993 0.5 p1 4777 1
598 2903815 m1 53582 0 0.5 p1 4777 1
769 2916444 m1 67467 0 0.5 p1 4783 1
493 2920229 m1 44094 0 0.5 p1 4785 1
755 2920230 m1 66017 0 0.5 p1 4785 1
220 2924338 m1 21028 0 0.5 p1 4787 1
825 2926232 m1 72948 0 0.5 p1 4788 1
49 2930619 m2 5019 -0.0299999993 0.5 p1 4790 1
389 2930620 m2 35021 -0.0299999993 0.5 p1 4790 1
678 2938529 m2 59912 -0.0299999993 0.5 p1 4794 1
990 2944337 m1 87219 0 0.5 p1 4797 1
504 2946645 m2 45030 -0.0299999993 0.5 p1 4798 1
55 2947787 m1 5356 0 0.5 p1 4799 1
243 2949832 m2 23061 -0.0299999993 0.5 p1 4800 1
927 2949833 m2 81546 -0.0299999993 0.5 p1 4800 1
772 2953994 m1 67561 0 0.5 p1 4802 1
312 2958358 m1 27933 0 0.5 p1 4804 1
453 2961968 m1 39736 0 0.5 p1 4806 1
588 2961969 m2 52385 -0.0299999993 0.5 p1 4806 1
235 2961970 m1 22260 0 0.5 p1 4806 1
302 2972230 m1 27340 0 0.5 p1 4811 1
30 2974186 m1 3103 0 0.5 p1 4812 1
425 2974187 m1 37237 0 0.5 p1 4812 1
524 2976176 m1 46133 0 0.5 p1 4813 1
415 2978389 m2 36729 -0.0299999993 0.5 p1 4814 1
1098 2981462 m1 96921 0 0.5 p1 4816 1
102 2986131 m1 10449 0 0.5 p1 4818 1
1092 2986132 m1 96399 0 0.5 p1 4818 1
590 2999985 m1 52970 0 0.5 p1 4825 1
144 3001712 m2 14392 -0.0299999993 0.5 p1 4826 1
783 3001713 m1 68477 0 0.5 p1 4826 1
505 3003600 m2 45052 -0.0299999993 0.5 p1 4827 1
156 3003601 m2 15667 -0.0299999993 0.5 p1 4827 1
172 3005770 m1 17177 0 0.5 p1 4828 1
579 3012426 m2 51732 -0.0299999993 0.5 p1 4831 1
680 3014375 m1 60290 0 0.5 p1 4832 1
1101 3019891 m2 97264 -0.0299999993 0.5 p1 4835 1
79 3019892 m1 8044 0 0.5 p1 4835 1
470 3023775 m2 41420 -0.0299999993 0.5 p1 4837 1
908 3034292 m2 79756 -0.0299999993 0.5 p1 4842 1
619 3037707 m1 55391 0 0.5 p1 4844 1
478 3044250 m2 42354 -0.0299999993 0.5 p1 4847 1
535 3047654 m1 47119 0 0.5 p1 4849 1
902 3050554 m2 79289 -0.0299999993 0.5 p1 4850 1
1036 3054282 m2 91409 -0.0299999993 0.5 p1 4852 1
608 3064430 m1 54311 0 0.5 p1 4857 1
147 3068370 m2 14835 -0.0299999993 0.5 p1 4859 1
585 3069849 m1 52264 0 0.5 p1 4860 1
544 3074561 m2 48526 -0.0299999993 0.5 p1 4862 1
575 3074562 m1 51318 0 0.5 p1 4862 1
945 3075892 m2 83951 -0.0299999993 0.5 p1 4863 1
73 3075893 m1 7618 0 0.5 p1 4863 1
88 3078598 m2 8537 -0.0299999993 0.5 p1 4864 1
624 3080426 m2 55980 -0.0299999993 0.5 p1 4865 1
485 3080427 m1 43518 0 0.5 p1 4865 1
1065 3080428 m1 93828 0 0.5 p1 4865 1
446 3082095 m2 38932 -0.0299999993 0.5 p1 4866 1
1128 3092134 m1 99570 0 0.5 p1 4871 1
791 3099997 m1 69114 0 0.5 p1 4875 1
1018 3099998 m1 89621 0 0.5 p1 4875 1
404 3099999 m1 36184 0 0.5 p1 4875 1
569 3100000 m2 50250 -0.0299999993 0.5 p1 4875 1
670 3101805 m1 59259 0 0.5 p1 4876 1
8 3104430 m2 838 -0.0299999993 0.5 p1 4877 1
737 3107825 m2 64389 -0.0299999993 0.5 p1 4879 1
119 3117891 m1 11831 0 0.5 p1 4884 1
616 3119787 m1 55229 0 0.5 p1 4885 1
599 3119788 m2 53637 -0.0299999993 0.5 p1 4885 1
980 3119789 m2 86357 -0.0299999993 0.5 p1 4885 1
1055 3121795 m2 93081 -0.0299999993 0.5 p1 4886 1
751 3121796 m2 65292 -0.0299999993 0.5 p1 4886 1
625 3123716 m2 55994 -0.0299999993 0.5 p1 4887 1
378 3123717 m1 33427 0 0.5 p1 4887 1
307 3127657 m1 27607 0 0.5 p1 4889 1
469 3129467 m2 41383 -0.0299999993 0.5 p1 4890 1
31 3136251 m1 3276 0 0.5 p1 4893 1
97 3138235 m2 9905 -0.0299999993 0.5 p1 4894 1
413 3139649 m2 36563 -0.0299999993 0.5 p1 4895 1
988 3144227 m2 87022 -0.0299999993 0.5 p1 4897 1
1129 3149682 m1 99629 0 0.5 p1 4900 1
788 3155855 m1 68960 0 0.5 p1 4903 1
577 3155856 m1 51412 0 0.5 p1 4903 1
262 3159750 m2 25049 -0.0299999993 0.5 p1 4905 1
498 3159751 m1 44673 0 0.5 p1 4905 1
901 3159752 m1 79263 0 0.5 p1 4905 1
506 3161660 m1 45253 0 0.5 p1 4906 1
894 3167691 m1 78809 0 0.5 p1 4909 1
860 3167692 m1 75772 0 0.5 p1 4909 1
794 3167693 m2 69438 -0.0299999993 0.5 p1 4909 1
992 3175464 m2 87318 -0.0299999993 0.5 p1 4913 1
563 3177616 m2 49718 -0.0299999993 0.5 p1 4914 1
968 3177617 m1 85485 0 0.5 p1 4914 1
828 3177618 m1 73139 0 0.5 p1 4914 1
723 3191278 m1 63619 0 0.5 p1 4921 1
9 3191279 m2 871 -0.0299999993 0.5 p1 4921 1
290 3194156 m2 26743 -0.0299999993 0.5 p1 4922 1
251 3195378 m2 23737 -0.0299999993 0.5 p1 4923 1
125 3201405 m2 12218 -0.0299999993 0.5 p1 4926 1
1117 3207578 m1 98359 0 0.5 p1 4929 1
310 3207579 m1 27868 0 0.5 p1 4929 1
321 3209763 m2 28835 -0.0299999993 0.5 p1 4930 1
583 3211381 m1 52113 0 0.5 p1 4931 1
1011 3211382 m2 88891 -0.0299999993 0.5 p1 4931 1
971 3217293 m2 85982 -0.0299999993 0.5 p1 4934 1
669 3221586 m1 59234 0 0.5 p1 4936 1
451 3221587 m2 39650 -0.0299999993 0.5 p1 4936 1
393 3223919 m1 35318 0 0.5 p1 4937 1
991 3235525 m1 87295 0 0.5 p1 4943 1
700 3237760 m2 61589 -0.0299999993 0.5 p1 4944 1
514 3239995 m1 45825 0 0.5 p1 4945 1
260 3239996 m1 24701 0 0.5 p1 4945 1
545 3241394 m2 48577 -0.0299999993 0.5 p1 4946 1
177 3241395 m2 17485 -0.0299999993 0.5 p1 4946 1
642 3243881 m2 57437 -0.0299999993 0.5 p1 4947 1
375 3247840 m1 33138 0 0.5 p1 4949 1
965 3251618 m2 85221 -0.0299999993 0.5 p1 4951 1
796 3255638 m1 69613 0 0.5 p1 4953 1
528 3259759 m2 46321 -0.0299999993 0.5 p1 4955 1
712 3261721 m1 62977 0 0.5 p1 4956 1
349 3263932 m2 30820 -0.0299999993 0.5 p1 4957 1
297 3268141 m1 27190 0 0.5 p1 4959 1
621 3269915 m1 55615 0 0.5 p1 4960 1
759 3274170 m1 66868 0 0.5 p1 4962 1
168 3275660 m2 17003 -0.0299999993 0.5 p1 4963 1
740 3275661 m1 64795 0 0.5 p1 4963 1
953 3275662 m1 84443 0 0.5 p1 4963 1
857 3283845 m1 75385 0 0.5 p1 4967 1
986 3285481 m1 86796 0 0.5 p1 4968 1
64 3285482 m2 6678 -0.0299999993 0.5 p1 4968 1
801 3287547 m2 70178 -0.0299999993 0.5 p1 4969 1
771 3287548 m2 67516 -0.0299999993 0.5 p1 4969 1
171 3289616 m2 17171 -0.0299999993 0.5 p1 4970 1
325 3294060 m1 29138 0 0.5 p1 4972 1
1039 3296023 m2 91778 -0.0299999993 0.5 p1 4973 1
698 3296024 m2 61535 -0.0299999993 0.5 p1 4973 1
6 3297789 m1 571 0 0.5 p1 4974 1
466 3301255 m1 40879 0 0.5 p1 4976 1
299 3301256 m2 27259 -0.0299999993 0.5 p1 4976 1
674 3301257 m2 59488 -0.0299999993 0.5 p1 4976 1
767 3306179 m2 67357 -0.0299999993 0.5 p1 4978 1
130 3306180 m2 13431 -0.0299999993 0.5 p1 4978 1
15 3315405 m1 1682 0 0.5 p1 4983 1
691 3315406 m1 61075 0 0.5 p1 4983 1
11 3318252 m1 1118 0 0.5 p1 4984 1
876 3321556 m2 76777 -0.0299999993 0.5 p1 4986 1
106 3323942 m2 10806 -0.0299999993 0.5 p1 4987 1
743 3325308 m1 64972 0 0.5 p1 4988 1
926 3327501 m2 81505 -0.0299999993 0.5 p1 4989 1
623 3327502 m2 55744 -0.0299999993 0.5 p1 4989 1
134 3332227 m2 13693 -0.0299999993 0.5 p1 4991 1
450 3334223 m2 39633 -0.0299999993 0.5 p1 4992 1
127 3334224 m2 12620 -0.0299999993 0.5 p1 4992 1
271 3339750 m2 25615 -0.0299999993 0.5 p1 4995 1
464 3341898 m2 40468 -0.0299999993 0.5 p1 4996 1
639 3341899 m2 57076 -0.0299999993 0.5 p1 4996 1
77 3343837 m1 7868 0 0.5 p1 4997 1
1019 3343838 m1 89629 0 0.5 p1 4997 1
724 3347852 m2 63630 -0.0299999993 0.5 p1 4999 1
765 3350341 m1 67098 0 0.5 p1 5000 1
Genomes:
p1:0 A 0 1 2 3 4 5 6 7 8 9 10 11 12 13 14 15 16 17 18 19 20 21 22 23 24 25 26 27 28 29 30 31 32 33 34 35 36 37 38 39 40 41 42 43 44 45 46 47 48 49 50 51 52 53 54 55 56 57 58 59 60 61 62 63 64 65 66 67 68 69 70 71 72 73 74 75 76 77 78 79 80 81 82 83 84 85 86 87 88 89 90 91 92 93 94 95 96 97 98 99 100 101 102 103 104 105 106 107 108 109 110 111 112 113 114 115 116 117 118 119 120 121 122 123 124 125 126 127 128 129 130 131 132 133 134 135 136 137 138 139 140 141 142 143 144 145 146 147 148 149 150 151 152 153 154 155 156 157 158 159 160 161 162 163 164 165 166 167 168 169 170 171 172 173 174 175 176 177 178 179 180 181 182 183 184 185 186 187 188 189 190 191 192 193 194 195 196 197 198 199 200 201 202 203 204 205 206 207 208 209 210 211 212 213 214 215 216 217 218 219 220 221 222 223 224 225 226 227 228 229 230 231 232 233 234 235 236 237 238 239 240 241 242 243 244 245 246 247 248 249 250 251 252 253 254 255 256 257 258 259 260 261 262 263 264 265 266 267 268 269 270 271 272 273 274 275 276 277 278 279 280 281 282 283 284 285 286 287 288 289 290 291 292 293 294 295 296 297 298 299 300 301 302 303 304 305 306 307 308 309 310 311 312 313 314 315 316 317 318 319 320 321 322 323 324 325 326 327 328 329 330 331 332 333 334 335 336 337 338 339 340 341 342 343 344 345 346 347 348 349 350 351 352 353 354 355 356 357 358 359 360 361 362 363 364 365 366 367 368 369 370 371 372 373 374 375 376 377 378 379 380 381 382 383 384 385 386 387 388 389 390 391 392 393 394 395 396 397 398 399 400 401 402 403 404 405 406 407 408 409 410 411 412 413 414 415 416 417 418 419 420 421 422 423 424 425 426 427 428 429 430 431 432 433 434 435 436 437 438 439 440 441 442 443 444 445 446 447 448 449 450 451 452 453 454 455 456 457 458 459 460 461 462 463 464 465 466 467 468 469 470 471 472 473 474 475 476 477 478 479 480 481 482 483 484 485 486 487 488 489 490 491 492 493 494 495 496 497 498 499 500 501 502 503 504 505 506 507 508 509 510 511 512 513 514 515 516 517 518 519 520 521 522 523 524 525 526 527 528 529 530 531 532 533 534 535 536 537 538 539 540 541 542 543 544 545 546 547 548 549 550 551 552 553 554 555 556 557 558 559 560 561 562 563 564 565 566 567 568 569 570 571 572 573 574 575 576 577 578 579 580 581 582 583 584 585 586 587 588 589 590 591 592 593 594 595 596 597 598 599 600 601 602 603 604 605 606 607 608 609 610 611 612 613 614 615 616 617 618 619 620 621 622 623 624 625 626 627 628 629 630 631 632 633 634 635 636 637 638 639 640 641 642 643 644 645 646 647 648 649 650 651 652 653 654 655 656 657 658 659 660 661 662 663 664 665 666 667 668 669 670 671 672 673 674 675 676 677 678 679 680 681 682 683 684 685 686 687 688 689 690 691 692 693 694 695 696 697 698 699 700 701 702 703 704 705 706 707 708 709 710 711 712 713 714 715 716 717 718 719 720 721 722 723 724 725 726 727 728 729 730 731 732 733 734 735 736 737 738 739 740 741 742 743 744 745 746 747 748 749 750 751 752 753 754 755 756 757 758 759 760 761 762 763 764 765 766 767 768 769 770 771 772 773 774 775 776 777 778 779 780 781 782 783 784 785 786 787 788 789 790 791 792 793 794 795 796 797 798 799 800 801 802 803 804 805 806 807 808 809 810 811 812 813 814 815 816 817 818 819 820 821 822 823 824 825 826 827 828 829 830 831 832 833 834 835 836 837 838 839 840 841 842 843 844 845 846 847 848 849 850 851 852 853 854 855 856 857 858 859 860 861 862 863 864 865 866 867 868 869 870 871 872 873 874 875 876 877 878 879 880 881 882 883 884 885 886 887 888 889 890 891 892 893 894 895 896 897 898 899 900 901 902 903 904 905 906 907 908 909 910 911 912 913 914 915 916 917 918 919 920 921 922 923 924 925 926 927 928 929 930 931 932 933 934 935 936 937 938 939 940 941 942 943 944 945 946 947 948 949 950 951 952 953 954 955 956 957 958 959 960 961 962 963 964 965 966 967 968 969 970 971 972 973 974 975 976 977 978 979 980 981 982 983 984 985 986 987 988 989 990 991 992 993 994 995 996 997 998 999 1000 1001 1002 1003 1004 1005 1006 1007 1008 1009 1010 1011 1012 1013 1014 1015 1016 1017 1018 1019 1020 1021 1022 1023 1024 1025 1026 1027 1028 1029 1030 1031 1032 1033 1034 1035 1036 1037 1038 1039 1040 1041 1042 1043 1044 1045 1046 1047 1048 1049 1050 1051 1052 1053 1054 1055 1056 1057 1058 1059 1060 1061 1062 1063 1064 1065 1066 1067 1068 1069 1070 1071 1072 1073 1074 1075 1076 1077 1078 1079 1080 1081 1082 1083 1084 1085 1086 1087 1088 1089 1090 1091 1092 1093 1094 1095 1096 1097 1098 1099 1100 1101 1102 1103 1104 1105 1106 1107 1108 1109 1110 1111 1112 1113 1114 1115 1116 1117 1118 1119 1120 1121 1122 1123 1124 1125 1126 1127 1128 1129 1130 1131 1132 1133 1134 1135 1136 1137
