#OUT: 1500 SS p69 20 /Users/heinrich/ComputationalGenetics/Group A/Universe Script/New Data/gruntsSample.txt
Mutations:
28 59538 m1 371348 0 0.5 p65 701 20
5 59939 m60 58086 0.0347545259 0.5 p65 703 20
19 61336 m1 284437 0 0.5 p65 710 20
54 62189 m1 743410 0 0.5 p65 714 20
29 62612 m1 376650 0 0.5 p65 716 20
39 65024 m2 514091 0 0.5 p69 727 20
55 65619 m1 743981 0 0.5 p69 730 20
23 65620 m1 297950 0 0.5 p69 730 20
107 71866 m1 830345 0 0.5 p69 760 11
61 74534 m2 796434 0 0.5 p69 772 20
44 84968 m1 632141 0 0.5 p69 812 20
32 85240 m2 407871 0 0.5 p69 813 20
27 86263 m3 352314 -0.00106411427 0.100000001 p69 817 20
50 88597 m2 715316 0 0.5 p69 826 20
42 92388 m1 571769 0 0.5 p69 841 20
1 92636 m1 18270 0 0.5 p69 842 20
6 105179 m2 91583 0 0.5 p69 891 20
24 106243 m1 344826 0 0.5 p69 895 20
7 108283 m1 106383 0 0.5 p69 903 20
3 108284 m1 31356 0 0.5 p69 903 20
21 118164 m1 297035 0 0.5 p69 941 20
15 120787 m1 217204 0 0.5 p69 951 20
43 123892 m1 622592 0 0.5 p69 963 20
51 125962 m2 715506 0 0.5 p69 971 20
0 131596 m50 16950 0.0327844843 0.5 p69 993 20
35 138586 m2 463129 0 0.5 p69 1020 20
26 139911 m1 351746 0 0.5 p69 1025 20
52 140173 m2 722991 0 0.5 p69 1026 20
53 142021 m2 726727 0 0.5 p69 1033 19
59 143841 m1 789009 0 0.5 p69 1040 20
66 144107 m1 172419 0 0.5 p69 1041 1
108 144117 m1 832405 0 0.5 p69 1041 12
77 144613 m2 534000 0 0.5 p69 1043 1
46 145989 m1 681836 0 0.5 p69 1048 19
63 149653 m1 833267 0 0.5 p69 1062 20
38 150469 m1 502435 0 0.5 p69 1065 19
82 153310 m1 684191 0 0.5 p69 1076 1
69 153557 m1 280565 0 0.5 p69 1077 1
78 153558 m2 539616 0 0.5 p69 1077 1
31 154090 m2 398528 0 0.5 p68 1079 19
58 154121 m1 779972 0 0.5 p69 1079 7
49 154604 m1 695465 0 0.5 p68 1081 19
4 155146 m1 36507 0 0.5 p68 1083 20
85 156529 m2 734304 0 0.5 p69 1088 1
70 157528 m1 311647 0 0.5 p69 1092 1
67 159598 m2 185871 0 0.5 p69 1100 1
40 165238 m1 547498 0 0.5 p69 1122 19
25 165500 m1 345113 0 0.5 p69 1123 19
17 165768 m3 245167 -3.69583447e-10 0.100000001 p69 1124 19
99 168325 m1 808076 0 0.5 p69 1134 14
98 170395 m1 806613 0 0.5 p69 1142 14
11 178011 m1 157141 0 0.5 p69 1171 20
76 178270 m1 509098 0 0.5 p69 1172 1
16 178283 m3 230877 -0.00216667308 0.100000001 p69 1172 19
33 184567 m1 412863 0 0.5 p69 1196 19
37 186530 m1 488782 0 0.5 p69 1204 19
86 186818 m1 35309 0 0.5 p69 1205 9
87 190965 m60 38610 0.0224183742 0.5 p69 1221 9
34 192259 m1 416428 0 0.5 p69 1226 19
89 193013 m60 95752 0.00838976447 0.5 p69 1229 9
14 193576 m2 209711 0 0.5 p69 1231 19
18 195059 m2 255736 0 0.5 p69 1237 19
84 195568 m1 704646 0 0.5 p69 1239 1
41 202295 m1 557835 0 0.5 p69 1265 19
12 202561 m1 178841 0 0.5 p69 1266 19
47 203359 m1 682939 0 0.5 p69 1269 19
57 203375 m1 774988 0 0.5 p69 1269 7
9 205936 m1 121757 0 0.5 p69 1279 11
30 206731 m2 392203 0 0.5 p69 1282 19
45 208743 m2 669853 0 0.5 p69 1290 19
74 212374 m1 377576 0 0.5 p69 1304 1
97 216764 m1 762242 0 0.5 p69 1321 13
62 219301 m1 818755 0 0.5 p69 1331 6
36 222077 m1 482070 0 0.5 p69 1342 19
83 223113 m1 696317 0 0.5 p69 1346 1
64 225742 m2 74800 0 0.5 p69 1356 1
8 226539 m1 119710 0 0.5 p69 1359 10
22 227111 m1 297154 0 0.5 p69 1361 19
90 227116 m1 116292 0 0.5 p69 1361 9
73 230732 m1 372292 0 0.5 p69 1375 1
75 230974 m1 435781 0 0.5 p69 1376 1
105 232478 m1 759217 0 0.5 p69 1382 8
72 234564 m1 365065 0 0.5 p69 1390 1
91 237665 m1 127312 0 0.5 p69 1402 9
126 238974 m1 778414 0 0.5 p69 1407 3
68 241582 m3 239933 -2.53662183e-05 0.100000001 p69 1417 1
20 241864 m1 285380 0 0.5 p69 1418 12
106 243384 m1 808185 0 0.5 p69 1424 9
96 244450 m1 505958 0 0.5 p69 1428 7
111 244451 m1 845692 0 0.5 p69 1428 1
10 245744 m1 144834 0 0.5 p69 1433 3
127 247298 m1 829496 0 0.5 p69 1439 3
60 247782 m2 796177 0 0.5 p69 1441 2
88 247785 m60 47910 0.00332791521 0.5 p69 1441 9
2 249136 m1 21969 0 0.5 p69 1446 3
13 249403 m2 192286 0 0.5 p69 1447 3
132 249411 m1 360220 0 0.5 p69 1447 2
101 249416 m1 115586 0 0.5 p69 1447 4
81 249663 m2 671558 0 0.5 p69 1448 1
123 249672 m1 802750 0 0.5 p69 1448 1
56 249923 m1 757877 0 0.5 p69 1449 3
135 250209 m2 603022 0 0.5 p69 1450 2
136 250488 m2 603569 0 0.5 p69 1451 2
134 251271 m2 594903 0 0.5 p69 1454 2
80 251782 m1 635736 0 0.5 p69 1456 1
119 252537 m2 404648 0 0.5 p69 1459 1
103 253325 m1 697842 0 0.5 p69 1462 8
48 254321 m1 693425 0 0.5 p69 1466 2
112 254557 m2 65259 0 0.5 p69 1467 6
93 255587 m1 369606 0 0.5 p69 1471 3
133 256641 m2 524266 0 0.5 p69 1475 1
100 257190 m1 827017 0 0.5 p69 1477 3
65 257945 m1 164175 0 0.5 p69 1480 1
137 257952 m60 58041 0.00497628516 0.5 p69 1480 1
92 258207 m3 297833 -0.031105455 0.100000001 p69 1481 3
130 258210 m1 175788 0 0.5 p69 1481 1
125 258214 m1 231792 0 0.5 p69 1481 2
94 259216 m2 384831 0 0.5 p69 1485 2
138 260207 m1 165891 0 0.5 p69 1489 1
109 260435 m1 305285 0 0.5 p69 1490 1
115 260444 m1 366001 0 0.5 p69 1490 1
121 260711 m1 683400 0 0.5 p69 1491 1
139 260986 m2 202467 0 0.5 p69 1492 1
79 261227 m81 595498 -0.00227151113 0.5 p69 1493 1
124 261506 m1 114033 0 0.5 p69 1494 1
95 261734 m1 437096 0 0.5 p69 1495 2
114 261969 m3 680580 -0.000484858989 0.100000001 p69 1496 1
110 261973 m2 536402 0 0.5 p69 1496 1
122 261975 m3 685302 -0.00113111839 0.100000001 p69 1496 1
116 262214 m3 624274 -0.00147763337 0.100000001 p69 1497 1
129 262223 m1 73407 0 0.5 p69 1497 1
141 262224 m2 204647 0 0.5 p69 1497 1
113 262225 m1 116839 0 0.5 p69 1497 1
128 262233 m2 457595 0 0.5 p69 1497 1
71 262455 m2 331459 0 0.5 p69 1498 1
104 262460 m81 722159 -0.000588629802 0.5 p69 1498 1
118 262694 m1 848798 0 0.5 p69 1499 1
131 262695 m1 294143 0 0.5 p69 1499 1
117 262697 m1 701292 0 0.5 p69 1499 1
120 262699 m1 508299 0 0.5 p69 1499 1
140 262951 m1 741800 0 0.5 p69 1500 1
102 262955 m1 242855 0 0.5 p69 1500 1
Genomes:
p69:0 A 0 1 2 3 4 5 6 7 8 9 10 11 12 13 14 15 16 17 18 19 20 21 22 23 24 25 26 27 28 29 30 31 32 33 34 35 36 37 38 39 40 41 42 43 44 45 46 47 48 49 50 51 52 53 54 55 56 57 58 59 60 61 62 63
p69:1 A 0 1 3 4 5 64 6 7 9 11 65 66 67 15 68 69 19 21 23 70 71 24 26 27 72 28 73 29 74 32 75 35 76 39 77 78 42 79 43 44 80 81 82 83 84 50 51 52 85 54 55 57 58 59 61 62 63
p69:2 A 0 1 3 86 4 87 88 5 6 89 7 90 91 11 12 14 15 16 17 18 19 21 22 92 23 24 25 26 27 93 28 29 94 30 31 32 33 34 95 35 36 37 38 96 39 40 41 42 43 44 45 46 47 49 50 51 52 53 54 55 97 59 61 98 99 100 63
p69:3 A 0 1 3 4 5 6 7 101 8 9 11 12 14 15 16 102 17 18 19 20 21 22 23 24 25 26 27 28 29 30 31 32 33 34 35 36 37 38 39 40 41 42 43 44 45 46 47 49 103 50 51 104 52 53 54 55 105 97 59 61 98 99 106 107 108 63
p69:4 A 0 1 3 4 5 6 7 101 8 9 11 12 14 15 16 17 18 19 20 21 22 23 109 24 25 26 27 28 29 30 31 32 33 34 35 36 37 38 39 110 40 41 42 43 44 45 46 47 49 103 50 51 52 53 54 55 97 59 61 98 99 107 108 63 111
p69:5 A 0 1 3 86 4 87 88 5 112 6 89 7 90 91 11 12 14 15 16 17 18 19 20 21 22 23 24 25 26 27 28 29 30 31 32 33 34 35 36 37 38 39 40 41 42 43 44 45 46 47 49 103 50 51 52 53 54 55 105 97 59 61 98 99 106 107 108 63
p69:6 A 0 1 3 86 4 87 88 5 6 89 7 90 113 91 11 12 14 15 16 17 18 19 21 22 92 23 24 25 26 27 93 28 29 30 31 32 33 34 35 36 37 38 96 39 40 41 42 43 44 45 114 46 47 49 50 51 52 53 54 55 97 59 61 98 99 100 63
p69:7 A 0 1 3 4 5 6 7 101 8 9 11 12 14 15 16 17 18 19 20 21 22 23 24 25 26 27 115 28 29 30 31 32 33 34 35 36 37 38 39 40 41 42 43 116 44 45 46 47 49 103 117 50 51 52 53 54 55 105 97 59 61 98 99 106 107 108 63
p69:8 A 0 1 2 3 4 5 6 7 8 9 10 11 12 13 14 15 16 17 18 19 20 21 22 23 24 25 26 27 28 29 30 31 32 33 34 35 36 37 38 39 40 41 42 43 44 45 46 47 48 49 50 51 52 53 54 55 56 57 58 59 60 61 62 108 63 118
p69:9 A 0 1 2 3 4 5 6 7 8 9 10 11 12 13 14 15 16 17 18 19 20 21 22 23 24 25 26 27 28 29 30 31 119 32 33 34 35 36 37 38 120 39 40 41 42 43 44 45 46 47 121 122 49 50 51 52 53 54 55 56 57 58 59 61 123 98 99 107 108 63
p69:10 A 0 1 3 86 4 87 88 5 112 6 89 7 124 90 91 11 12 14 15 16 17 18 19 20 21 22 23 24 25 26 27 28 29 30 31 32 33 34 35 36 37 38 39 40 41 42 43 44 45 46 47 49 103 50 51 52 53 54 55 105 97 59 61 98 99 106 107 108 63
p69:11 A 0 1 3 86 4 87 88 5 112 6 89 7 90 91 11 12 14 15 16 125 17 18 19 21 22 23 24 25 26 27 28 29 30 31 32 33 34 35 36 37 38 96 39 40 41 42 43 44 45 46 47 49 50 51 52 53 54 55 57 126 58 59 61 62 127 63
p69:12 A 0 1 3 86 4 87 88 5 112 6 89 7 90 91 11 12 14 15 16 17 18 19 20 21 22 23 24 25 26 27 28 29 30 31 32 33 34 35 36 37 38 39 40 41 42 43 44 45 46 47 49 103 50 51 52 53 54 55 105 97 59 61 98 99 106 107 108 63
p69:13 A 0 1 3 4 5 6 7 8 9 11 12 14 15 16 17 18 19 20 21 22 23 24 25 26 27 28 29 30 31 32 33 34 128 35 36 37 38 39 40 41 42 43 44 45 46 47 49 50 51 52 53 54 55 105 97 59 61 98 99 106 107 108 63
p69:14 A 0 1 3 4 5 129 6 7 8 9 11 130 12 14 15 16 17 18 19 131 21 22 23 24 25 26 27 132 28 29 30 31 32 33 34 35 36 37 38 96 39 133 40 41 42 134 135 136 43 44 45 46 47 49 50 51 52 53 54 55 97 59 61 98 99 106 107 108 63
p69:15 A 0 1 3 4 137 5 6 7 8 9 11 138 12 139 14 15 16 17 18 19 21 22 23 24 25 26 27 132 28 29 30 31 32 33 34 35 36 37 38 96 39 40 41 42 134 135 136 43 44 45 46 47 49 50 51 52 53 140 54 55 57 126 58 59 61 62 127 63
p69:16 A 0 1 3 86 4 87 88 5 112 6 89 7 90 91 11 12 14 15 16 17 18 19 20 21 22 23 24 25 26 27 28 29 30 31 32 33 34 35 36 37 38 39 40 41 42 43 44 45 46 47 49 103 50 51 52 53 54 55 105 97 59 61 98 99 106 107 108 63
p69:17 A 0 1 3 86 4 87 88 5 6 89 7 90 91 11 12 14 15 16 17 18 19 21 22 92 23 24 25 26 27 93 28 29 94 30 31 32 33 34 95 35 36 37 38 96 39 40 41 42 43 44 45 46 47 49 50 51 52 53 54 55 97 59 61 98 99 100 63
p69:18 A 0 1 3 4 5 6 7 101 8 9 11 12 141 14 15 16 17 18 19 20 21 22 23 24 25 26 27 28 29 30 31 32 33 34 35 36 37 38 39 40 41 42 43 44 45 46 47 49 103 50 51 52 53 54 55 105 97 59 61 98 99 106 107 108 63
p69:19 A 0 1 3 86 4 87 88 5 112 6 89 7 90 91 11 12 14 15 16 125 17 18 19 21 22 23 24 25 26 27 28 29 30 31 32 33 34 35 36 37 38 96 39 40 41 42 43 44 45 46 47 49 50 51 52 53 54 55 57 126 58 59 61 62 127 63
