#OUT: 1500 SS p67 20 /Users/heinrich/ComputationalGenetics/Group A/Universe Script/New Data/brutesSample.txt
Mutations:
66 63153 m2 530025 0 0.5 p67 718 13
95 64386 m1 749916 0 0.5 p67 724 13
133 64978 m80 377837 0.0213514939 0.5 p67 727 7
1 65138 m50 16816 0.0191575326 0.5 p66 728 19
22 65148 m81 189981 -0.014533245 0.5 p67 728 13
118 66167 m80 207064 0.0124329021 0.5 p67 733 7
225 66537 m60 93360 0.000536609848 0.5 p66 735 1
152 66789 m80 517842 0.00206552329 0.5 p67 736 7
138 66790 m80 407233 0.0203652624 0.5 p67 736 7
9 69503 m60 59946 0.006104053 0.5 p66 749 19
161 69523 m81 531284 -0.00188567699 0.5 p67 749 7
201 69708 m81 731715 -0.000893817865 0.5 p67 750 6
15 70131 m3 85420 -0.0194251649 0.100000001 p66 752 19
32 70987 m80 269222 0.0374093838 0.5 p67 756 13
42 70988 m80 320767 0.00837557577 0.5 p67 756 13
98 71177 m1 791807 0 0.5 p67 757 19
11 73432 m61 67206 -0.00694520446 0.5 p66 768 19
44 74012 m80 335583 0.018022269 0.5 p67 770 13
12 75778 m1 70439 0 0.5 p66 777 19
70 76548 m1 566294 0 0.5 p67 780 13
246 77027 m90 770812 0.00485997787 0.5 p66 782 1
65 77313 m80 522831 0.0611279495 0.5 p67 783 13
245 82014 m1 752227 0 0.5 p66 801 1
8 82015 m60 53196 0.00780201098 0.5 p66 801 19
29 82307 m81 255781 -0.0213084295 0.5 p67 802 13
77 82308 m80 606200 0.000596708269 0.5 p67 802 13
222 82560 m60 81998 0.00718700094 0.5 p66 803 1
191 83362 m3 700197 -3.15208945e-06 0.100000001 p67 806 6
221 84621 m2 74407 0 0.5 p66 811 1
164 84666 m3 566722 -0.00196984154 0.100000001 p67 811 7
17 86177 m1 106249 0 0.5 p66 817 19
71 86966 m1 568643 0 0.5 p67 820 13
33 87992 m80 273561 0.0176522452 0.5 p67 824 13
235 88807 m80 643830 0.0202023834 0.5 p67 827 1
184 90076 m80 665243 0.0200297777 0.5 p67 832 6
35 90339 m1 282812 0 0.5 p67 833 13
165 90341 m81 578359 -0.00180353248 0.5 p67 833 7
121 91790 m80 265120 0.0227891766 0.5 p67 839 7
177 93581 m81 606402 -0.0114345998 0.5 p67 846 7
124 94064 m1 288483 0 0.5 p67 848 7
236 95081 m2 651130 0 0.5 p67 852 1
99 96090 m2 795963 0 0.5 p67 856 19
183 96091 m2 660710 0 0.5 p67 856 6
86 96363 m3 680371 -0.000133172114 0.100000001 p67 857 13
6 96585 m60 48154 0.0103721367 0.5 p66 858 19
238 96602 m3 679544 -2.23613029e-07 0.100000001 p67 858 1
140 97362 m80 449520 0.00490578264 0.5 p67 861 7
24 99476 m80 199021 0.066833429 0.5 p67 869 13
7 100467 m60 52632 0.00792963151 0.5 p66 873 19
87 101235 m1 682606 0 0.5 p67 876 13
92 101510 m80 714930 0.00722289179 0.5 p67 877 13
248 102221 m1 774990 0 0.5 p66 880 1
141 104893 m81 455716 -0.0150171239 0.5 p67 890 7
137 105677 m81 403386 -0.00713949744 0.5 p67 893 7
97 105929 m1 775898 0 0.5 p67 894 19
120 106740 m1 241256 0 0.5 p67 897 7
240 106751 m1 703882 0 0.5 p67 897 1
47 107752 m1 355566 0 0.5 p67 901 13
135 108473 m80 392638 0.0114439921 0.5 p67 904 7
116 109015 m81 205661 -0.00357372733 0.5 p67 906 7
72 109489 m80 576773 0.0216349345 0.5 p67 908 13
89 109734 m3 698009 -0.00289359083 0.100000001 p67 909 13
168 110800 m80 589919 0.00363784353 0.5 p67 913 7
219 111314 m60 69291 0.00803527888 0.5 p66 915 1
244 111597 m80 736521 0.0141357584 0.5 p67 916 1
194 113728 m80 707711 0.00665781926 0.5 p67 924 6
58 113984 m1 442078 0 0.5 p67 925 13
46 116296 m81 337453 -0.000841287605 0.5 p67 934 13
83 117112 m80 663556 0.00609319378 0.5 p67 937 13
176 117853 m81 603472 -0.0177971516 0.5 p67 940 7
4 119376 m1 31188 0 0.5 p66 946 19
78 119657 m80 607704 0.00041319002 0.5 p67 947 13
125 119675 m80 317341 0.01080669 0.5 p67 947 7
94 120207 m2 720004 0 0.5 p67 949 13
52 122840 m80 405480 0.00152893737 0.5 p67 959 13
134 123083 m80 387116 0.00714562228 0.5 p67 960 7
142 124130 m80 458240 0.0161689166 0.5 p67 964 7
57 124642 m1 429108 0 0.5 p67 966 13
123 124891 m1 286798 0 0.5 p67 967 7
144 125407 m80 461819 0.00782089401 0.5 p67 969 7
193 125674 m3 705476 -0.16821745 0.100000001 p67 970 6
169 127686 m80 589960 0.0133955078 0.5 p67 978 7
151 130756 m80 512362 0.0211454518 0.5 p67 990 7
85 130772 m2 668963 0 0.5 p67 990 13
55 132808 m1 412028 0 0.5 p67 998 13
217 134839 m60 52411 0.00323134288 0.5 p66 1006 1
84 135641 m80 664140 0.00109911372 0.5 p67 1009 13
181 137788 m1 641602 0 0.5 p67 1017 7
40 138028 m81 316378 -0.0025657434 0.5 p67 1018 13
49 138798 m81 392918 -0.0079114344 0.5 p67 1021 13
197 139855 m81 724816 -5.57929343e-05 0.5 p67 1025 6
53 140413 m81 406345 -0.00238540163 0.5 p67 1027 13
202 140664 m81 732023 -0.00281944219 0.5 p67 1028 6
150 142467 m80 511684 0.0100176819 0.5 p67 1035 7
90 142978 m81 708345 -0.000402231875 0.5 p67 1037 13
3 143010 m1 18896 0 0.5 p67 1037 19
31 143523 m80 261687 0.0265377443 0.5 p67 1039 13
189 143778 m1 694160 0 0.5 p67 1040 6
34 144054 m1 280442 0 0.5 p67 1041 13
163 145145 m1 560870 0 0.5 p67 1045 7
127 146456 m80 322102 0.0175490826 0.5 p67 1050 7
75 146724 m80 587550 0.0281936284 0.5 p67 1051 13
172 147011 m80 596364 0.00086551084 0.5 p67 1052 7
13 147265 m60 74797 0.0146575812 0.5 p67 1053 19
237 147515 m2 652319 0 0.5 p66 1054 1
37 149594 m3 293790 -0.00054584397 0.100000001 p67 1062 13
43 150689 m80 333825 0.00437960494 0.5 p67 1066 13
200 151457 m81 728101 -0.00205842243 0.5 p67 1069 6
48 151761 m1 372098 0 0.5 p67 1070 13
27 151762 m1 216721 0 0.5 p67 1070 13
166 152542 m2 586241 0 0.5 p67 1073 7
158 152765 m81 523415 -0.0203850809 0.5 p67 1074 7
204 153010 m1 749386 0 0.5 p67 1075 6
59 154330 m81 451579 -0.0130790882 0.5 p67 1080 13
38 156210 m3 302501 -5.71373166e-05 0.100000001 p67 1087 13
51 157466 m2 404535 0 0.5 p67 1092 13
198 157739 m81 725990 -0.0113116605 0.5 p67 1093 6
162 159034 m2 537219 0 0.5 p67 1098 7
23 159545 m2 191006 0 0.5 p67 1100 13
154 159798 m80 519585 0.0371598192 0.5 p67 1101 7
145 160345 m80 461904 0.0155702066 0.5 p67 1103 7
155 161917 m2 520129 0 0.5 p67 1109 7
247 162149 m2 772381 0 0.5 p66 1110 1
146 162718 m80 467464 0.0116669768 0.5 p67 1112 7
139 163187 m1 431570 0 0.5 p67 1114 7
19 165204 m70 130355 0.0108508905 0.5 p67 1122 19
88 166490 m1 685859 0 0.5 p67 1127 13
147 166754 m81 472654 -0.000313464116 0.5 p67 1128 7
220 168240 m60 71473 0.00181681628 0.5 p66 1134 1
36 168538 m1 289431 0 0.5 p67 1135 13
5 169113 m1 35144 0 0.5 p67 1137 19
171 170065 m80 591426 0.00736616552 0.5 p67 1141 7
215 170591 m2 39021 0 0.5 p66 1143 1
249 171092 m1 801428 0 0.5 p66 1145 1
130 171446 m80 342149 0.00556373456 0.5 p67 1146 7
113 173199 m81 191127 -0.00169712573 0.5 p67 1153 7
50 176383 m80 401776 0.00263996073 0.5 p67 1165 13
115 177962 m80 201789 0.00113091513 0.5 p67 1171 7
224 178702 m61 88841 -0.0100348573 0.5 p66 1174 1
81 179286 m81 659420 -0.0011737874 0.5 p67 1176 13
73 180869 m2 582660 0 0.5 p67 1182 13
223 181362 m3 85554 -0.0347427987 0.100000001 p66 1184 1
196 185028 m81 717475 -0.00381579227 0.5 p67 1198 6
91 186215 m80 710689 0.00392495561 0.5 p67 1203 13
143 187829 m80 458321 0.0109777935 0.5 p67 1209 7
131 189130 m1 361407 0 0.5 p67 1214 7
199 190651 m80 727365 0.00182713196 0.5 p67 1220 6
241 191666 m81 724745 -0.00568187423 0.5 p66 1224 1
62 191963 m1 479126 0 0.5 p67 1225 13
213 192681 m1 2249 0 0.5 p66 1228 1
80 193765 m81 649946 -0.00494569726 0.5 p67 1232 13
28 194260 m80 248257 0.055429928 0.5 p67 1234 13
185 195008 m81 671372 -0.00289152912 0.5 p67 1237 6
111 195251 m81 184111 -0.00104959193 0.5 p67 1238 7
41 197581 m81 317433 -0.00657164445 0.5 p67 1247 12
30 197582 m80 255952 0.00176119024 0.5 p67 1247 12
187 197835 m1 688180 0 0.5 p67 1248 6
2 199383 m1 18328 0 0.5 p67 1254 19
96 199620 m1 752608 0 0.5 p67 1255 13
63 199621 m1 492595 0 0.5 p67 1255 12
227 201376 m1 152180 0 0.5 p66 1262 1
25 201415 m2 210199 0 0.5 p67 1262 12
182 201430 m80 657479 0.00109721383 0.5 p67 1262 6
231 201974 m80 471761 0.0212488137 0.5 p67 1264 1
159 205107 m80 524574 0.0148950592 0.5 p67 1276 7
64 205116 m80 516387 0.00471144868 0.5 p67 1276 12
100 205367 m2 796009 0 0.5 p67 1277 17
216 206624 m60 43243 0.00440522656 0.5 p66 1282 1
76 207181 m2 594633 0 0.5 p67 1284 12
179 207744 m1 613548 0 0.5 p67 1286 7
233 208179 m1 574780 0 0.5 p66 1288 1
148 208671 m1 477525 0 0.5 p67 1290 7
136 209210 m81 397504 -0.0162629653 0.5 p67 1292 7
128 209939 m80 322573 0.001064579 0.5 p67 1295 7
132 210729 m1 374511 0 0.5 p67 1298 7
174 210970 m2 600722 0 0.5 p67 1299 7
180 211777 m1 616123 0 0.5 p67 1302 7
226 213569 m1 105174 0 0.5 p66 1309 1
26 213875 m80 210813 0.0149403969 0.5 p67 1310 12
39 214109 m1 310097 0 0.5 p67 1311 12
160 214395 m80 528333 0.00658549694 0.5 p67 1312 7
173 214396 m81 600501 -0.0257890504 0.5 p67 1312 7
45 216459 m2 336907 0 0.5 p67 1320 12
74 216987 m81 586587 -0.00575301656 0.5 p67 1322 12
230 218444 m1 434710 0 0.5 p66 1328 1
190 219236 m1 698899 0 0.5 p67 1331 6
156 219761 m2 520756 0 0.5 p67 1333 7
250 219982 m1 802244 0 0.5 p66 1334 1
262 220216 m2 788348 0 0.5 p67 1335 2
242 221746 m81 726492 -0.00676460424 0.5 p66 1341 1
61 223065 m80 476002 0.00162572961 0.5 p67 1346 12
192 223317 m1 702488 0 0.5 p67 1347 6
82 223339 m80 662364 0.0125930635 0.5 p67 1347 13
104 223845 m60 86642 0.0145562412 0.5 p67 1349 11
229 229097 m1 244707 0 0.5 p66 1369 1
56 229891 m1 416998 0 0.5 p67 1372 12
0 229899 m1 2655 0 0.5 p67 1372 8
54 230147 m80 410293 0.000191076339 0.5 p67 1373 12
218 230893 m60 57720 0.0267865807 0.5 p66 1376 1
119 231942 m1 221309 0 0.5 p67 1380 7
60 233977 m80 454447 0.00629526516 0.5 p67 1388 12
67 235053 m81 530912 -0.0209749341 0.5 p67 1392 12
112 235323 m80 189432 0.00122745906 0.5 p67 1393 7
21 235580 m80 187128 0.00181675167 0.5 p67 1394 12
188 235821 m1 691381 0 0.5 p67 1395 6
170 237614 m81 591025 -0.0101945167 0.5 p67 1402 7
186 238154 m1 680448 0 0.5 p67 1404 6
10 238393 m2 62283 0 0.5 p67 1405 6
153 238399 m81 519136 -0.0102376016 0.5 p67 1405 7
126 239471 m80 321259 0.00269725453 0.5 p67 1409 7
232 239980 m1 494375 0 0.5 p66 1411 1
105 240002 m2 125420 0 0.5 p67 1411 11
254 241038 m1 845090 0 0.5 p67 1415 3
234 241268 m1 610281 0 0.5 p66 1416 1
260 241297 m81 663930 -0.0174680594 0.5 p67 1416 2
79 243092 m80 648811 0.00296125328 0.5 p67 1423 11
106 243100 m1 158936 0 0.5 p67 1423 11
195 243889 m80 711817 0.0199679136 0.5 p67 1426 6
167 245209 m80 589894 0.00211745896 0.5 p67 1431 7
255 245450 m80 261378 0.0140008377 0.5 p67 1432 2
257 245451 m2 457399 0 0.5 p67 1432 2
93 245921 m80 719838 0.0016861615 0.5 p67 1434 11
107 248008 m81 275964 -0.000925658213 0.5 p67 1442 4
261 248783 m1 690356 0 0.5 p67 1445 2
207 249061 m1 234668 0 0.5 p67 1446 2
259 249361 m1 633661 0 0.5 p67 1447 2
243 249588 m81 735774 -0.00351986871 0.5 p66 1448 1
102 249890 m1 820400 0 0.5 p67 1449 6
175 250162 m81 602428 -0.0131611088 0.5 p67 1450 5
214 250386 m1 5528 0 0.5 p66 1451 1
129 250697 m81 338827 -0.00116602215 0.5 p67 1452 5
275 251727 m1 161523 0 0.5 p67 1456 2
208 252725 m81 271128 -0.0101164347 0.5 p67 1460 1
205 252994 m1 761573 0 0.5 p67 1461 5
114 252995 m81 194229 -0.0125780553 0.5 p67 1461 5
270 253533 m81 276858 -0.00180801097 0.5 p67 1463 1
251 253727 m1 845418 0 0.5 p66 1464 1
228 253731 m2 195525 0 0.5 p66 1464 1
108 254023 m81 511793 -0.00444076676 0.5 p67 1465 4
69 254776 m1 559803 0 0.5 p67 1468 4
18 254777 m1 117056 0 0.5 p67 1468 4
157 255280 m81 522108 -0.00208600448 0.5 p67 1470 5
277 255821 m1 345745 0 0.5 p67 1472 2
212 256054 m81 535496 -0.00849404372 0.5 p67 1473 1
272 256325 m1 552530 0 0.5 p67 1474 1
206 256343 m2 82059 0 0.5 p67 1474 1
117 256574 m2 206013 0 0.5 p67 1475 5
266 256598 m1 156748 0 0.5 p67 1475 1
210 257143 m2 332729 0 0.5 p67 1477 1
209 257144 m1 290151 0 0.5 p67 1477 1
103 257366 m1 10642 0 0.5 p67 1478 2
278 257901 m1 746327 0 0.5 p67 1480 1
258 257919 m80 598357 0.00404019654 0.5 p67 1480 2
211 258148 m80 390138 0.0188524462 0.5 p67 1481 1
280 258164 m3 294628 -0.0385087691 0.100000001 p67 1481 1
268 258906 m1 813673 0 0.5 p67 1484 3
267 258914 m1 560757 0 0.5 p67 1484 1
16 258917 m1 99301 0 0.5 p67 1484 4
14 258918 m3 83235 -5.75929903e-07 0.100000001 p67 1484 4
110 258932 m1 162306 0 0.5 p67 1484 4
178 258933 m1 610549 0 0.5 p67 1484 4
68 259159 m80 539126 0.0076775006 0.5 p67 1485 4
263 259647 m2 532724 0 0.5 p67 1487 1
274 259662 m1 362058 0 0.5 p67 1487 1
271 259663 m80 337097 0.00866768882 0.5 p67 1487 1
279 259919 m80 265116 0.012785132 0.5 p67 1488 1
264 260152 m2 589754 0 0.5 p67 1489 1
101 260158 m1 799575 0 0.5 p67 1489 1
265 260167 m2 52838 0 0.5 p67 1489 1
276 260181 m80 319698 0.000329100469 0.5 p67 1489 1
20 260654 m2 181131 0 0.5 p67 1491 1
149 260659 m1 503004 0 0.5 p67 1491 2
203 260921 m1 745546 0 0.5 p67 1492 2
256 261164 m1 303638 0 0.5 p67 1493 2
253 261438 m80 532741 0.021517653 0.5 p67 1494 1
252 261439 m1 280987 0 0.5 p67 1494 1
109 261454 m1 620651 0 0.5 p67 1494 1
269 261467 m2 317090 0 0.5 p67 1494 1
239 262371 m3 686158 -0.0148210097 0.100000001 p66 1498 1
122 262421 m81 271710 -0.00999788754 0.5 p67 1498 2
273 262886 m81 723603 -0.017444279 0.5 p67 1500 1
281 262893 m81 603328 -0.0234382097 0.5 p67 1500 1
Genomes:
p67:0 A 0 1 2 3 4 5 6 7 8 9 10 11 12 13 14 15 16 17 18 19 20 21 22 23 24 25 26 27 28 29 30 31 32 33 34 35 36 37 38 39 40 41 42 43 44 45 46 47 48 49 50 51 52 53 54 55 56 57 58 59 60 61 62 63 64 65 66 67 68 69 70 71 72 73 74 75 76 77 78 79 80 81 82 83 84 85 86 87 88 89 90 91 92 93 94 95 96 97 98 99 100 101 102
p67:1 A 103 1 2 3 4 5 6 7 8 9 11 12 13 15 104 17 105 19 106 21 22 23 24 25 26 27 28 29 30 31 32 33 107 34 35 36 37 38 39 40 41 42 43 44 45 46 47 48 49 50 51 52 53 54 55 56 57 58 59 60 61 62 63 108 64 65 66 67 70 71 72 73 74 75 76 77 78 79 80 81 82 83 84 85 86 87 88 89 90 91 92 93 94 95 96 97 98 99 100
p67:2 A 0 1 2 3 4 5 6 7 8 9 10 11 12 13 14 15 16 17 18 19 21 22 23 24 25 26 27 28 29 30 31 32 33 34 35 36 37 38 39 40 41 42 43 44 45 46 47 48 49 50 51 52 53 54 55 56 57 58 59 60 61 62 63 64 65 66 67 68 69 70 71 72 73 74 75 76 77 78 109 79 80 81 82 83 84 85 86 87 88 89 90 91 92 93 94 95 96 97 98 99 100 102
p67:3 A 1 2 3 4 5 6 7 8 9 11 12 13 15 104 17 105 19 106 110 111 112 113 114 115 116 117 118 119 120 121 122 123 124 125 126 127 128 129 130 131 132 133 134 135 136 137 138 139 140 141 142 143 144 145 146 147 148 149 150 151 152 153 154 155 156 157 158 159 160 161 162 163 164 165 166 167 168 169 170 171 172 173 174 175 176 177 178 179 180 181 182 183 184 185 186 187 188 189 190 191 192 193 194 195 196 197 198 199 200 201 202 203 204 205 97 98 99 100
p67:4 A 1 2 3 4 5 6 7 8 9 11 12 13 206 15 104 17 105 19 106 111 112 113 115 116 118 119 207 120 121 208 123 124 209 125 126 127 128 210 130 131 132 133 134 211 135 136 137 138 139 140 141 142 143 144 145 146 147 148 150 151 152 153 154 155 156 158 159 160 161 212 162 163 164 165 166 167 168 169 170 171 172 173 174 176 177 179 180 181 182 183 184 185 186 187 188 189 190 191 192 193 194 195 196 197 198 199 200 201 202 204 97 98 99 100
p67:5 A 213 214 215 216 217 218 219 220 221 222 223 224 225 226 227 22 23 228 24 27 229 28 29 31 32 33 34 35 36 37 38 40 42 43 44 46 47 48 49 50 51 52 53 55 57 230 58 59 231 62 232 65 66 70 71 233 72 73 75 77 78 234 235 236 237 238 239 240 241 242 243 244 245 246 247 248 249 250 251
p67:6 A 1 2 3 4 5 6 7 8 9 11 12 13 15 104 17 105 19 106 110 111 112 113 114 115 116 117 118 119 120 121 252 123 124 125 126 127 128 129 130 131 132 133 134 135 136 137 138 139 140 141 142 143 144 145 146 147 148 150 151 152 153 154 155 156 157 158 159 160 161 253 162 163 164 165 166 167 168 169 170 171 172 173 174 175 176 177 178 179 180 181 182 183 184 185 186 187 188 189 190 191 192 193 194 195 196 197 198 199 200 201 202 204 205 97 98 99 100 254
p67:7 A 103 1 2 3 4 5 6 7 8 9 11 12 13 15 104 17 105 19 106 21 22 23 24 25 26 27 28 29 30 31 32 33 107 34 35 36 37 38 39 40 41 42 43 44 45 46 47 48 49 50 51 52 53 54 55 56 57 58 59 60 61 62 63 108 64 65 66 67 70 71 72 73 74 75 76 77 78 79 80 81 82 83 84 85 86 87 88 89 90 91 92 93 94 95 96 97 98 99 100
p67:8 A 0 1 2 3 4 5 6 7 8 9 11 12 13 15 17 19 21 22 23 24 25 26 27 28 29 30 255 31 32 33 34 35 36 37 38 256 39 40 41 42 43 44 45 46 47 48 49 50 51 52 53 54 55 56 57 58 59 60 257 61 62 63 64 65 66 67 70 71 72 73 74 75 76 258 77 78 259 80 81 82 83 260 84 85 86 87 88 261 89 90 91 92 94 95 96 97 262 98 99 254
p67:9 A 1 2 3 4 5 6 7 8 9 11 12 13 15 104 17 105 19 106 111 112 113 114 115 116 117 118 119 120 121 123 124 125 126 127 128 129 130 131 132 133 134 135 136 137 138 139 140 141 142 143 144 145 146 147 148 150 151 152 153 154 155 156 157 158 159 160 161 263 162 163 164 165 166 264 167 168 169 170 171 172 173 174 175 176 177 179 180 181 182 183 184 185 186 187 188 189 190 191 192 193 194 195 196 197 198 199 200 201 202 204 205 97 98 99 100
p67:10 A 1 2 3 4 5 6 7 265 8 9 11 12 13 15 104 17 105 19 266 106 21 22 23 24 25 26 27 28 29 30 31 32 33 107 34 35 36 37 38 39 40 41 42 43 44 45 46 47 48 49 50 51 52 53 54 55 56 57 58 59 60 61 62 63 108 64 65 66 67 267 70 71 72 73 74 75 76 77 78 79 80 81 82 83 84 85 86 87 88 89 90 91 92 93 94 95 96 97 98 99 100 268
p67:11 A 1 2 3 4 5 6 7 8 9 11 12 13 15 104 17 105 19 106 110 111 112 113 114 115 116 117 118 119 120 121 123 124 269 125 126 127 128 129 130 131 132 133 134 135 136 137 138 139 140 141 142 143 144 145 146 147 148 150 151 152 153 154 155 156 157 158 159 160 161 162 163 164 165 166 167 168 169 170 171 172 173 174 175 176 177 178 179 180 181 182 183 184 185 186 187 188 189 190 191 192 193 194 195 196 197 198 199 200 201 202 204 205 97 98 99 100
p67:12 A 0 1 2 3 4 5 6 7 8 9 10 11 12 13 14 15 16 17 18 19 21 22 23 24 25 26 27 28 29 30 31 32 33 34 35 36 37 38 39 40 41 42 43 44 45 46 47 48 49 50 51 52 53 54 55 56 57 58 59 60 61 62 63 64 65 66 67 68 69 70 71 72 73 74 75 76 77 78 79 80 81 82 83 84 85 86 87 88 89 90 91 92 93 94 95 96 97 98 99 100 102
p67:13 A 1 2 3 4 5 6 7 8 9 11 12 13 15 104 17 105 19 106 111 112 113 115 116 118 119 207 120 121 270 123 124 125 126 127 128 271 130 131 132 133 134 135 136 137 138 139 140 141 142 143 144 145 146 147 148 150 151 152 153 154 155 156 158 159 160 161 162 272 163 164 165 166 167 168 169 170 171 172 173 174 176 177 179 180 181 79 80 81 82 83 84 85 86 87 88 89 90 91 92 93 94 95 96 97 98 99 100 268
p67:14 A 0 1 2 3 4 5 6 7 8 9 10 11 12 13 14 15 16 17 18 19 21 22 23 24 25 26 27 28 29 30 31 32 33 34 35 36 37 38 39 40 41 42 43 44 45 46 47 48 49 50 51 52 53 54 55 56 57 58 59 60 61 62 63 64 65 66 67 68 69 70 71 72 73 74 75 76 77 78 79 80 81 82 83 84 85 86 87 88 89 90 91 92 93 94 273 95 96 97 98 99 100 102
p67:15 A 1 2 3 4 5 6 7 8 9 11 12 13 15 104 17 105 19 106 110 111 112 113 114 115 116 117 118 119 120 121 122 123 124 125 126 127 128 129 130 131 132 133 134 135 136 137 138 139 140 141 142 143 144 145 146 147 148 149 150 151 152 153 154 155 156 157 158 159 160 161 162 163 164 165 166 167 168 169 170 171 172 173 174 175 176 177 178 179 180 181 182 183 184 185 186 187 188 189 190 191 192 193 194 195 196 197 198 199 200 201 202 203 204 205 97 98 99 100
p67:16 A 1 2 3 4 5 6 7 8 9 11 12 13 15 104 17 105 19 106 21 22 23 24 25 26 27 28 29 30 31 32 33 107 34 35 36 37 38 39 40 41 42 43 44 45 46 47 274 48 49 50 51 52 53 54 55 56 57 58 59 60 61 62 63 108 64 65 66 67 70 71 72 73 74 75 76 77 78 79 80 81 82 83 84 85 86 87 88 89 90 91 92 93 94 95 96 97 98 99 100 268
p67:17 A 0 1 2 3 4 5 6 7 8 9 11 12 13 15 17 19 21 22 23 24 25 26 27 28 29 30 255 31 32 33 34 35 36 37 38 256 39 40 41 42 43 44 45 46 47 48 49 50 51 52 53 54 55 56 57 58 59 60 257 61 62 63 64 65 66 67 70 71 72 73 74 75 76 258 77 78 259 80 81 82 83 260 84 85 86 87 88 261 89 90 91 92 94 95 96 97 262 98 99 254
p67:18 A 0 1 2 3 4 5 6 7 8 9 10 11 12 13 15 17 19 275 21 22 23 24 25 26 27 28 29 30 31 32 33 34 35 36 37 38 39 40 41 276 42 43 44 45 46 277 47 48 49 50 51 52 53 54 55 56 57 58 59 60 61 62 63 64 65 66 67 70 71 72 73 74 75 76 77 78 79 80 81 82 83 84 85 86 87 88 89 90 91 92 93 94 278 95 96 97 98 99 100 102
p67:19 A 0 1 2 3 4 5 6 7 8 9 10 11 12 13 15 17 19 275 21 22 23 24 25 26 27 28 29 30 31 279 32 33 34 35 36 37 280 38 39 40 41 42 43 44 45 46 277 47 48 49 50 51 52 53 54 55 56 57 58 59 60 61 62 63 64 65 66 67 70 71 72 73 74 75 76 281 77 78 79 80 81 82 83 84 85 86 87 88 89 90 91 92 93 94 95 96 97 98 99 100 102
