#OUT: 1500 SS p66 20 /Users/heinrich/ComputationalGenetics/Group A/Universe Script/New Data/elitesSample.txt
Mutations:
55 63153 m2 530025 0 0.5 p67 718 8
80 64386 m1 749916 0 0.5 p67 724 5
146 65138 m50 16816 0.0191575326 0.5 p66 728 8
16 65148 m81 189981 -0.014533245 0.5 p67 728 20
13 66537 m60 93360 0.000536609848 0.5 p66 735 12
108 66789 m80 517842 0.00206552329 0.5 p67 736 12
98 66790 m80 407233 0.0203652624 0.5 p67 736 12
81 67650 m1 762579 0 0.5 p67 740 5
157 69503 m60 59946 0.006104053 0.5 p66 749 8
110 69714 m2 523983 0 0.5 p67 750 12
107 69911 m80 516659 0.0045249234 0.5 p67 751 12
160 70131 m3 85420 -0.0194251649 0.100000001 p66 752 8
27 70987 m80 269222 0.0374093838 0.5 p67 756 20
35 70988 m80 320767 0.00837557577 0.5 p67 756 20
84 71177 m1 791807 0 0.5 p67 757 5
117 71610 m80 603306 0.00305043021 0.5 p67 759 12
158 73432 m61 67206 -0.00694520446 0.5 p66 768 8
37 74012 m80 335583 0.018022269 0.5 p67 770 20
112 75300 m2 536215 0 0.5 p67 775 12
159 75778 m1 70439 0 0.5 p66 777 8
56 76548 m1 566294 0 0.5 p67 780 8
127 77027 m90 770812 0.00485997787 0.5 p66 782 15
54 77313 m80 522831 0.0611279495 0.5 p67 783 8
99 78957 m1 411851 0 0.5 p67 789 12
126 82014 m1 752227 0 0.5 p66 801 15
155 82015 m60 53196 0.00780201098 0.5 p66 801 8
25 82307 m81 255781 -0.0213084295 0.5 p67 802 20
62 82308 m80 606200 0.000596708269 0.5 p67 802 8
10 82560 m60 81998 0.00718700094 0.5 p66 803 12
9 84621 m2 74407 0 0.5 p66 811 12
97 85681 m2 403214 0 0.5 p67 815 12
165 86177 m1 106249 0 0.5 p66 817 8
57 86966 m1 568643 0 0.5 p67 820 8
28 87992 m80 273561 0.0176522452 0.5 p67 824 20
118 88807 m80 643830 0.0202023834 0.5 p67 827 12
30 90339 m1 282812 0 0.5 p67 833 20
119 95081 m2 651130 0 0.5 p67 852 12
85 96090 m2 795963 0 0.5 p67 856 5
70 96363 m3 680371 -0.000133172114 0.100000001 p67 857 8
151 96585 m60 48154 0.0103721367 0.5 p66 858 8
114 96601 m2 585808 0 0.5 p67 858 12
121 96602 m3 679544 -2.23613029e-07 0.100000001 p67 858 12
18 99476 m80 199021 0.066833429 0.5 p67 869 20
154 100467 m60 52632 0.00792963151 0.5 p66 873 8
71 101235 m1 682606 0 0.5 p67 876 8
78 101510 m80 714930 0.00722289179 0.5 p67 877 8
129 102221 m1 774990 0 0.5 p66 880 15
82 105929 m1 775898 0 0.5 p67 894 5
122 106751 m1 703882 0 0.5 p67 897 12
39 107752 m1 355566 0 0.5 p67 901 20
106 109485 m2 515271 0 0.5 p67 908 12
59 109489 m80 576773 0.0216349345 0.5 p67 908 8
75 109734 m3 698009 -0.00289359083 0.100000001 p67 909 8
7 111314 m60 69291 0.00803527888 0.5 p66 915 12
125 111597 m80 736521 0.0141357584 0.5 p67 916 12
115 112924 m80 595843 0.00817682315 0.5 p67 921 12
49 113984 m1 442078 0 0.5 p67 925 8
148 115039 m1 35212 0 0.5 p66 929 8
38 116296 m81 337453 -0.000841287605 0.5 p67 934 20
67 117112 m80 663556 0.00609319378 0.5 p67 937 8
153 118610 m61 50874 -0.0183290783 0.5 p66 943 8
63 119657 m80 607704 0.00041319002 0.5 p67 947 8
79 120207 m2 720004 0 0.5 p67 949 8
164 120957 m1 103283 0 0.5 p66 952 8
44 122840 m80 405480 0.00152893737 0.5 p67 959 8
47 124642 m1 429108 0 0.5 p67 966 8
161 130224 m61 93732 -0.010234003 0.5 p66 988 8
69 130772 m2 668963 0 0.5 p67 990 8
46 132808 m1 412028 0 0.5 p67 998 8
5 134839 m60 52411 0.00323134288 0.5 p66 1006 12
68 135641 m80 664140 0.00109911372 0.5 p67 1009 8
34 138028 m81 316378 -0.0025657434 0.5 p67 1018 8
41 138798 m81 392918 -0.0079114344 0.5 p67 1021 8
149 139290 m60 38779 0.00617183512 0.5 p66 1023 8
45 140413 m81 406345 -0.00238540163 0.5 p67 1027 8
76 142978 m81 708345 -0.000402231875 0.5 p67 1037 8
26 143523 m80 261687 0.0265377443 0.5 p67 1039 8
29 144054 m1 280442 0 0.5 p67 1041 8
101 145117 m81 445614 -0.00701511838 0.5 p66 1045 12
61 146724 m80 587550 0.0281936284 0.5 p67 1051 8
120 147515 m2 652319 0 0.5 p66 1054 12
95 148016 m3 376797 -3.29525828e-05 0.100000001 p66 1056 12
32 149594 m3 293790 -0.00054584397 0.100000001 p67 1062 8
36 150689 m80 333825 0.00437960494 0.5 p67 1066 8
40 151761 m1 372098 0 0.5 p67 1070 8
22 151762 m1 216721 0 0.5 p67 1070 7
100 151983 m1 430728 0 0.5 p66 1071 12
96 152269 m80 390918 0.017024802 0.5 p66 1072 12
50 154330 m81 451579 -0.0130790882 0.5 p67 1080 8
33 156210 m3 302501 -5.71373166e-05 0.100000001 p67 1087 8
43 157466 m2 404535 0 0.5 p67 1092 8
17 159545 m2 191006 0 0.5 p67 1100 7
128 162149 m2 772381 0 0.5 p66 1110 15
73 166490 m1 685859 0 0.5 p67 1127 8
8 168240 m60 71473 0.00181681628 0.5 p66 1134 12
31 168538 m1 289431 0 0.5 p67 1135 8
3 170591 m2 39021 0 0.5 p66 1143 12
130 171092 m1 801428 0 0.5 p66 1145 15
86 175344 m1 800491 0 0.5 p67 1161 5
163 175548 m60 97899 0.00188704545 0.5 p66 1162 8
42 176383 m80 401776 0.00263996073 0.5 p67 1165 8
12 178702 m61 88841 -0.0100348573 0.5 p66 1174 12
66 179286 m81 659420 -0.0011737874 0.5 p67 1176 8
150 179991 m2 46065 0 0.5 p66 1179 8
60 180869 m2 582660 0 0.5 p67 1182 8
11 181362 m3 85554 -0.0347427987 0.100000001 p66 1184 12
113 185463 m80 538987 0.00839299522 0.5 p66 1200 12
77 186215 m80 710689 0.00392495561 0.5 p67 1203 8
116 189373 m2 598181 0 0.5 p66 1215 12
123 191666 m81 724745 -0.00568187423 0.5 p66 1224 12
103 191920 m2 467508 0 0.5 p66 1225 12
52 191963 m1 479126 0 0.5 p67 1225 8
0 192681 m1 2249 0 0.5 p66 1228 12
65 193765 m81 649946 -0.00494569726 0.5 p67 1232 8
24 194260 m80 248257 0.055429928 0.5 p67 1234 8
15 201376 m1 152180 0 0.5 p66 1262 19
51 201974 m80 471761 0.0212488137 0.5 p67 1264 8
4 206624 m60 43243 0.00440522656 0.5 p66 1282 12
58 208179 m1 574780 0 0.5 p66 1288 8
72 210950 m1 684508 0 0.5 p66 1299 8
14 213569 m1 105174 0 0.5 p66 1309 12
74 215131 m1 690838 0 0.5 p66 1315 8
102 215413 m80 449316 0.0144308796 0.5 p66 1316 12
147 215630 m1 30615 0 0.5 p66 1317 8
156 217446 m60 57192 0.0305791572 0.5 p66 1324 8
90 217926 m1 220106 0 0.5 p66 1326 13
48 218444 m1 434710 0 0.5 p66 1328 8
92 219729 m2 252248 0 0.5 p66 1333 12
131 219982 m1 802244 0 0.5 p66 1334 15
105 220992 m1 496481 0 0.5 p66 1338 12
94 221489 m2 334156 0 0.5 p66 1340 12
124 221746 m81 726492 -0.00676460424 0.5 p66 1341 12
166 227559 m1 120960 0 0.5 p66 1363 8
23 229097 m1 244707 0 0.5 p66 1369 8
138 229605 m1 415881 0 0.5 p66 1371 2
188 230125 m1 680907 0 0.5 p66 1373 1
6 230893 m60 57720 0.0267865807 0.5 p66 1376 12
141 231913 m2 579541 0 0.5 p66 1380 1
136 232901 m1 280509 0 0.5 p66 1384 1
143 234464 m2 709540 0 0.5 p66 1390 1
191 234775 m1 781179 0 0.5 p66 1391 1
140 236298 m1 435542 0 0.5 p66 1397 1
137 237585 m1 356993 0 0.5 p66 1402 1
183 237831 m1 482213 0 0.5 p66 1403 1
87 238122 m1 821569 0 0.5 p66 1404 5
139 238132 m1 432705 0 0.5 p66 1404 1
167 239194 m1 127107 0 0.5 p66 1408 8
53 239980 m1 494375 0 0.5 p66 1411 8
64 241268 m1 610281 0 0.5 p66 1416 8
162 241523 m60 95924 0.0192345195 0.5 p66 1417 8
93 243058 m2 270030 0 0.5 p66 1423 10
190 245167 m2 772299 0 0.5 p66 1431 1
180 248219 m1 113648 0 0.5 p66 1443 1
142 248222 m2 607993 0 0.5 p66 1443 1
185 248484 m1 610641 0 0.5 p66 1444 1
91 249044 m1 227010 0 0.5 p66 1446 9
83 249050 m1 776982 0 0.5 p66 1446 4
1 250386 m1 5528 0 0.5 p66 1451 4
168 251455 m1 133281 0 0.5 p66 1455 2
169 251709 m70 137117 0.00230602198 0.5 p66 1456 2
89 252197 m1 123339 0 0.5 p66 1458 6
19 252712 m2 201861 0 0.5 p66 1460 4
152 252965 m60 50045 0.0060465727 0.5 p66 1461 2
193 254247 m1 767940 0 0.5 p66 1466 1
175 254480 m61 86226 -9.76079318e-05 0.5 p66 1467 6
172 254492 m2 673514 0 0.5 p66 1467 2
205 254495 m2 447959 0 0.5 p66 1467 1
174 255242 m1 39405 0 0.5 p66 1470 6
109 255505 m80 519910 0.0168545507 0.5 p66 1471 8
133 255766 m80 208528 0.0044871252 0.5 p66 1472 1
171 255788 m2 594939 0 0.5 p66 1472 2
144 256025 m1 791709 0 0.5 p66 1473 1
2 257100 m1 22120 0 0.5 p66 1477 2
184 257866 m2 533879 0 0.5 p66 1480 1
181 257867 m70 125942 0.0385825075 0.5 p66 1480 1
111 257870 m81 526460 -0.00315518561 0.5 p66 1480 8
200 257882 m81 187860 -0.00625855615 0.5 p66 1480 3
132 257896 m1 114945 0 0.5 p66 1480 1
20 258379 m2 203741 0 0.5 p66 1482 2
21 258380 m81 206951 -9.05046545e-05 0.5 p66 1482 2
189 258607 m1 690061 0 0.5 p66 1483 1
187 258608 m3 641278 -0.101196557 0.100000001 p66 1483 1
134 258619 m1 224258 0 0.5 p66 1483 1
170 258885 m2 378486 0 0.5 p66 1484 1
145 259608 m2 796642 0 0.5 p66 1487 1
192 259611 m1 542794 0 0.5 p66 1487 1
104 259887 m1 491738 0 0.5 p66 1488 4
176 260382 m1 841201 0 0.5 p66 1490 1
195 260627 m3 684269 -2.06637264e-06 0.100000001 p66 1491 1
135 260875 m2 246624 0 0.5 p66 1492 1
196 260876 m1 698757 0 0.5 p66 1492 1
182 260895 m2 182297 0 0.5 p66 1492 1
204 260899 m2 204991 0 0.5 p66 1492 1
198 261144 m80 343006 0.00549341273 0.5 p66 1493 1
178 261895 m2 277821 0 0.5 p66 1496 2
202 261896 m2 272402 0 0.5 p66 1496 1
177 261902 m80 339225 0.00687691616 0.5 p66 1496 1
179 262138 m1 626146 0 0.5 p66 1497 1
173 262382 m1 748425 0 0.5 p66 1498 1
199 262385 m1 141905 0 0.5 p66 1498 2
88 262608 m1 99799 0 0.5 p66 1499 1
197 262611 m1 290670 0 0.5 p66 1499 1
186 262843 m1 638138 0 0.5 p66 1500 1
203 262854 m1 503108 0 0.5 p66 1500 1
194 262857 m2 392517 0 0.5 p66 1500 1
201 262864 m2 534822 0 0.5 p66 1500 1
Genomes:
p66:0 A 0 1 2 3 4 5 6 7 8 9 10 11 12 13 14 15 16 17 18 19 20 21 22 23 24 25 26 27 28 29 30 31 32 33 34 35 36 37 38 39 40 41 42 43 44 45 46 47 48 49 50 51 52 53 54 55 56 57 58 59 60 61 62 63 64 65 66 67 68 69 70 71 72 73 74 75 76 77 78 79 80 81 82 83 84 85 86 87
p66:1 A 0 3 4 5 6 7 8 9 10 11 12 13 88 14 89 15 16 18 90 91 92 25 27 93 28 30 35 94 37 38 39 95 96 97 98 99 100 101 102 103 104 105 106 107 108 109 110 111 112 113 114 115 116 117 118 119 120 121 122 123 124 125 126 127 128 129 130 131
p66:2 A 0 3 4 5 6 7 8 9 10 11 12 13 14 132 16 18 133 90 134 135 92 25 27 28 136 30 35 94 37 38 39 137 95 96 97 98 99 138 100 139 140 101 102 103 105 106 107 108 110 112 113 141 114 115 116 117 142 118 119 120 121 122 143 123 124 125 126 127 128 129 144 145 130 131
p66:3 A 146 147 148 149 150 151 152 153 154 155 156 157 158 159 160 161 162 163 164 165 166 167 168 169 15 16 18 90 92 25 27 93 28 30 35 94 37 38 39 95 170 96 97 98 99 100 101 102 103 105 106 107 108 110 112 113 114 171 115 116 117 118 119 120 172 121 122 123 124 125 173 126 127 128 129 130 131
p66:4 A 146 147 148 149 174 150 151 153 154 155 156 157 158 159 160 175 161 162 163 164 165 166 167 15 16 18 90 91 92 25 27 93 28 30 35 94 37 38 39 95 96 97 98 99 100 101 102 103 105 106 107 108 109 110 111 112 113 114 115 116 117 118 119 120 121 122 123 124 125 126 127 128 129 130 131 176
p66:5 A 146 147 148 149 174 150 151 153 154 155 156 157 158 159 160 175 161 162 163 164 165 166 167 15 16 18 90 91 92 25 27 93 28 30 35 94 37 38 177 39 95 96 97 98 99 100 101 102 103 105 106 107 108 109 110 111 112 113 114 115 116 117 118 119 120 121 122 123 124 125 126 127 128 129 130 131
p66:6 A 0 3 4 5 6 7 8 9 10 11 12 13 14 89 15 16 18 90 91 92 25 27 93 28 178 30 35 94 37 38 39 95 96 97 98 99 100 101 102 103 104 105 106 107 108 109 110 111 112 113 114 115 116 117 118 119 120 121 122 123 124 125 126 127 128 129 130 131
p66:7 A 146 147 148 149 174 150 151 153 154 155 156 157 158 159 160 175 161 162 163 164 165 166 167 15 16 18 90 91 92 25 27 93 28 30 35 94 37 38 39 95 96 97 98 99 100 101 102 103 105 106 107 108 109 110 111 112 113 114 115 116 117 179 118 119 120 121 122 123 124 125 126 127 128 129 130 131
p66:8 A 0 3 4 5 6 7 8 9 10 11 12 13 14 180 181 15 182 16 18 90 92 25 27 28 30 35 94 37 38 39 95 96 97 98 99 138 100 101 102 103 183 105 106 107 108 110 184 112 113 114 115 116 117 185 186 187 118 119 120 121 188 189 122 123 124 125 126 127 190 128 129 191 130 131
p66:9 A 146 147 148 149 150 151 152 153 154 155 156 157 158 159 160 161 162 163 164 165 166 167 168 169 15 16 18 90 92 25 27 93 28 30 35 94 37 38 39 95 96 97 98 99 100 101 102 103 105 106 107 108 110 112 113 192 114 171 115 116 117 118 119 120 172 121 122 123 124 125 126 193 127 128 129 130 131
p66:10 A 0 3 4 5 6 7 8 9 10 11 12 13 14 89 15 16 18 90 91 92 25 27 93 28 178 30 35 94 37 38 39 95 96 194 97 98 99 100 101 102 103 104 105 106 107 108 109 110 111 112 113 114 115 116 117 118 119 120 121 122 123 124 125 126 127 128 129 130 131
p66:11 A 146 147 148 149 174 150 151 153 154 155 156 157 158 159 160 175 161 162 163 164 165 166 167 15 16 18 90 91 92 25 27 93 28 30 35 94 37 38 39 95 96 97 98 99 100 101 102 103 105 106 107 108 109 110 111 112 113 114 115 116 117 118 119 120 121 195 196 122 123 124 125 126 127 128 129 130 131
p66:12 A 0 1 2 3 4 5 6 7 8 9 10 11 12 13 14 15 16 17 18 19 20 21 22 23 24 25 26 27 28 29 30 31 197 32 33 34 35 36 37 38 39 40 41 42 43 44 45 46 47 48 49 50 51 52 53 54 55 56 57 58 59 60 61 62 63 64 65 66 67 68 69 70 71 72 73 74 75 76 77 78 79 80 81 82 83 84 85 86 87
p66:13 A 0 1 3 4 5 6 7 8 9 10 11 12 13 14 15 16 17 18 19 22 23 24 25 26 27 28 29 30 31 32 33 34 35 36 37 38 39 40 41 42 43 44 45 46 47 48 49 50 51 52 53 54 55 56 57 58 59 60 61 62 63 64 65 66 67 68 69 70 71 72 73 74 75 76 77 78 79 80 81 82 83 84 85 86 87
p66:14 A 146 147 148 149 174 150 151 153 154 155 156 157 158 159 160 175 161 162 163 164 165 166 167 15 16 18 90 91 92 25 27 93 28 30 35 94 37 38 198 39 95 96 97 98 99 100 101 102 103 104 105 106 107 108 109 110 111 112 113 114 115 116 117 118 119 120 121 122 123 124 125 126 127 128 129 130 131
p66:15 A 0 3 4 5 6 7 8 9 10 11 12 13 14 89 199 15 200 16 17 18 22 23 24 25 26 27 28 29 30 31 32 33 34 35 36 37 38 39 40 41 42 43 44 45 46 47 48 49 50 51 52 53 54 55 201 56 57 58 59 60 61 62 63 64 65 66 67 68 69 70 71 72 73 74 75 76 77 78 79 126 127 128 129 130 131
p66:16 A 0 3 4 5 6 7 8 9 10 11 12 13 14 89 199 15 200 16 17 18 22 23 24 25 26 27 28 29 30 31 32 33 34 35 36 37 38 39 40 41 42 43 44 45 46 47 48 49 50 51 52 53 54 55 56 57 58 59 60 61 62 63 64 65 66 67 68 69 70 71 72 73 74 75 76 77 78 79 126 127 128 129 130 131
p66:17 A 0 1 3 4 5 6 7 8 9 10 11 12 13 14 15 16 17 18 19 22 23 24 25 26 27 28 29 30 31 32 33 34 35 36 37 38 39 40 41 42 43 44 45 46 47 48 49 50 51 52 53 54 55 56 57 58 59 60 61 62 63 64 65 66 67 68 69 70 71 72 73 74 75 76 77 78 79 80 81 82 83 84 85 86 87
p66:18 A 0 3 4 5 6 7 8 9 10 11 12 13 14 89 15 200 16 17 18 22 23 24 25 26 27 202 28 29 30 31 32 33 34 35 36 37 38 39 40 41 42 43 44 45 46 47 48 49 50 51 52 53 203 54 55 56 57 58 59 60 61 62 63 64 65 66 67 68 69 70 71 72 73 74 75 76 77 78 79 126 127 128 129 130 131
p66:19 A 146 147 148 149 174 150 151 153 154 155 156 157 158 159 160 175 161 162 163 164 165 166 167 15 16 18 204 90 91 23 24 25 26 27 28 29 30 31 32 33 34 35 36 37 38 39 40 41 42 43 44 45 46 47 48 49 205 50 51 52 53 54 55 56 57 58 59 60 61 62 63 64 65 66 67 68 69 70 71 72 73 74 75 76 77 78 79 80 81 82 84 85 86 87
