#OUT: 1500 SS p72 20 /Users/heinrich/ComputationalGenetics/Group A/Universe Script/New Data/humansSample.txt
Mutations:
21 209 m60 54960 0.00302705495 0.5 p72 2 14
170 987 m60 69809 0.00234701601 0.5 p72 6 6
40 5528 m60 90822 0.0141814351 0.5 p72 33 14
20 5722 m2 53099 0 0.5 p72 34 14
35 6974 m2 85928 0 0.5 p72 42 14
164 9022 m61 55258 -0.00178879243 0.5 p72 54 6
146 13058 m1 19360 0 0.5 p72 77 6
15 13184 m61 48418 -0.00260581472 0.5 p72 78 14
53 14159 m1 165667 0 0.5 p72 83 20
46 14164 m61 96646 -0.0018309576 0.5 p72 83 14
171 14825 m61 71626 -0.00570011884 0.5 p72 87 6
157 21264 m60 45994 0.0248277746 0.5 p72 125 6
31 21746 m60 79387 0.00792532135 0.5 p72 128 14
32 25342 m60 81802 0.0037064245 0.5 p72 149 14
156 26897 m60 45549 0.00966010429 0.5 p72 158 6
182 31317 m61 93546 -0.015159253 0.5 p72 184 6
169 34156 m1 67877 0 0.5 p72 201 6
13 34397 m60 43265 0.00489641819 0.5 p72 202 14
143 35910 m1 11091 0 0.5 p72 211 6
161 37464 m60 50897 0.0177810043 0.5 p72 220 6
43 38498 m60 93258 0.00437953742 0.5 p72 226 14
41 43114 m60 93120 0.0017093654 0.5 p72 268 14
131 43232 m1 766917 0 0.5 p72 271 20
172 43829 m60 72336 0.00135129073 0.5 p72 288 6
125 44447 m80 719823 0.00450872583 0.5 p72 306 20
137 44500 m1 823718 0 0.5 p72 308 18
140 44734 m1 836171 0 0.5 p72 315 20
38 44832 m60 89183 0.00461837137 0.5 p72 318 14
110 45192 m80 598222 0.0171372481 0.5 p72 328 20
93 45245 m2 450988 0 0.5 p72 329 20
81 45301 m1 370830 0 0.5 p72 331 20
138 45552 m1 827059 0 0.5 p72 338 20
88 45790 m2 409981 0 0.5 p72 344 20
80 45866 m1 364184 0 0.5 p72 346 20
153 46554 m60 42817 0.0125908013 0.5 p72 364 6
173 47164 m60 72589 0.00416240375 0.5 p72 382 6
87 47484 m2 407092 0 0.5 p72 392 20
10 47492 m1 36454 0 0.5 p72 392 14
144 47539 m1 11221 0 0.5 p72 393 6
49 47725 m1 111338 0 0.5 p72 398 20
0 47968 m1 3751 0 0.5 p72 404 14
132 48090 m1 769798 0 0.5 p72 407 20
23 48152 m60 57954 0.0129287941 0.5 p72 409 14
116 48258 m1 638336 0 0.5 p72 412 20
86 48333 m81 383730 -0.00402893079 0.5 p72 414 20
54 48370 m1 175409 0 0.5 p72 415 20
166 48401 m60 57626 0.00891054235 0.5 p72 416 6
102 48687 m1 505742 0 0.5 p72 424 20
50 49222 m1 117687 0 0.5 p72 439 20
115 49324 m1 636320 0 0.5 p72 442 20
48 49331 m1 102979 0 0.5 p72 442 20
2 49358 m1 12694 0 0.5 p72 443 14
26 49649 m60 64377 0.0172759444 0.5 p72 450 14
4 49761 m1 17182 0 0.5 p72 453 14
97 49786 m80 470248 0.0342406221 0.5 p72 454 20
66 49874 m2 254086 0 0.5 p72 456 20
179 50104 m60 84341 0.00992860831 0.5 p72 462 6
177 50705 m1 82936 0 0.5 p72 478 6
128 51569 m1 753481 0 0.5 p72 501 20
64 52017 m1 243510 0 0.5 p72 513 20
94 52321 m80 458618 0.0080623636 0.5 p72 521 20
77 52588 m2 342115 0 0.5 p72 529 20
63 53293 m1 241668 0 0.5 p72 548 20
167 53598 m60 62153 0.00550172478 0.5 p72 557 6
107 53767 m1 557100 0 0.5 p72 562 20
150 53910 m1 32127 0 0.5 p72 565 6
85 54108 m2 378425 0 0.5 p72 570 20
28 54138 m60 69469 0.0244454686 0.5 p72 571 14
122 54151 m1 687214 0 0.5 p72 571 20
249 54580 m1 823172 0 0.5 p72 582 2
55 54997 m2 181339 0 0.5 p72 593 20
73 55455 m81 313432 -0.00107299932 0.5 p72 604 20
60 55565 m2 202962 0 0.5 p72 607 20
136 55779 m1 808657 0 0.5 p72 612 20
76 55876 m2 331334 0 0.5 p72 615 20
99 55936 m1 481143 0 0.5 p72 617 20
180 55951 m60 88645 0.0186729096 0.5 p72 617 6
34 56049 m2 85906 0 0.5 p72 620 14
106 56084 m1 556793 0 0.5 p72 621 20
145 56498 m1 16118 0 0.5 p72 632 6
6 56758 m1 24170 0 0.5 p72 638 14
79 57251 m1 363867 0 0.5 p72 649 20
147 59185 m1 23346 0 0.5 p72 697 6
148 60896 m1 25220 0 0.5 p72 707 6
29 63388 m60 69913 0.0262827482 0.5 p72 719 14
84 66676 m1 376330 0 0.5 p72 735 20
165 67322 m60 57234 0.00197957247 0.5 p72 738 6
133 69013 m1 770046 0 0.5 p72 746 20
121 69621 m80 670501 0.0119294114 0.5 p72 749 19
22 69826 m60 55313 0.00259401137 0.5 p72 750 14
100 75940 m1 497529 0 0.5 p72 777 20
142 78241 m1 9287 0 0.5 p72 786 6
185 78829 m60 98680 0.00320731942 0.5 p72 788 6
184 79529 m60 95750 0.0128417658 0.5 p72 791 6
19 79545 m60 53004 0.0105867088 0.5 p72 791 14
244 80110 m1 699481 0 0.5 p72 793 1
83 86321 m1 373776 0 0.5 p72 817 20
67 86322 m2 259650 0 0.5 p72 817 20
134 88472 m1 770708 0 0.5 p73 825 20
176 90406 m2 79846 0 0.5 p72 833 6
71 93476 m1 284530 0 0.5 p72 845 20
8 93501 m1 31878 0 0.5 p72 845 14
126 93519 m80 724752 0.00290949573 0.5 p73 845 19
160 97028 m60 49876 0.0105747813 0.5 p72 859 6
47 97732 m60 97909 0.0631264001 0.5 p72 862 14
130 98342 m1 766189 0 0.5 p73 864 20
69 104762 m2 265893 0 0.5 p72 889 19
68 105244 m2 265084 0 0.5 p72 891 19
158 105543 m60 47745 0.0257005151 0.5 p72 892 6
72 106659 m1 286731 0 0.5 p72 896 19
103 107138 m81 518406 -0.00139036274 0.5 p72 898 19
70 108144 m2 269903 0 0.5 p72 902 19
90 110118 m1 423435 0 0.5 p72 910 19
222 110436 m80 211250 0.000312004238 0.5 p72 911 1
127 112844 m2 728569 0 0.5 p73 920 19
149 114133 m1 25778 0 0.5 p72 925 6
17 114627 m60 50083 0.0195610821 0.5 p72 927 14
75 116447 m2 327133 0 0.5 p72 934 19
162 117682 m60 52893 0.0287752356 0.5 p72 939 6
226 118307 m1 297390 0 0.5 p72 941 1
61 118722 m2 209679 0 0.5 p72 943 19
234 118737 m2 542560 0 0.5 p72 943 1
33 119570 m60 83769 0.0112277269 0.5 p72 946 14
65 120336 m2 249708 0 0.5 p72 949 19
235 121134 m1 552507 0 0.5 p72 952 1
168 122680 m61 67288 -0.00110298139 0.5 p72 958 6
62 125231 m1 221089 0 0.5 p72 968 19
39 125232 m60 89358 0.00814743526 0.5 p72 968 14
111 129345 m1 608740 0 0.5 p72 984 19
3 129769 m2 15885 0 0.5 p72 986 14
91 131428 m1 436912 0 0.5 p72 992 19
227 131622 m2 330046 0 0.5 p72 993 1
178 136269 m61 83878 -0.019139789 0.5 p72 1011 6
246 136755 m1 702087 0 0.5 p72 1013 1
250 137936 m1 826672 0 0.5 p72 1017 2
120 138175 m80 658468 0.00219681347 0.5 p72 1018 19
245 138979 m1 700538 0 0.5 p72 1021 1
229 139680 m1 347684 0 0.5 p72 1024 1
44 143112 m60 95832 0.00539121684 0.5 p72 1037 14
14 145809 m2 47709 0 0.5 p72 1047 14
248 146030 m1 827866 0 0.5 p72 1048 1
92 148430 m80 444782 0.00539190415 0.5 p72 1057 19
141 149502 m1 4540 0 0.5 p72 1061 6
247 149952 m80 724394 0.0237024035 0.5 p72 1063 1
237 149953 m1 572430 0 0.5 p72 1063 1
242 149954 m2 660908 0 0.5 p72 1063 1
27 150846 m60 64766 0.0018204723 0.5 p72 1066 14
108 151030 m1 564472 0 0.5 p72 1067 19
236 151874 m1 554402 0 0.5 p72 1070 1
101 152366 m1 499824 0 0.5 p72 1072 19
183 156104 m60 94116 0.00735951401 0.5 p72 1086 6
52 157373 m1 131849 0 0.5 p72 1091 20
231 158387 m1 418796 0 0.5 p72 1095 1
59 158648 m80 202681 0.0100965425 0.5 p72 1096 19
219 160133 m80 179825 0.0121351713 0.5 p72 1102 1
220 161038 m80 180795 0.012215036 0.5 p72 1105 1
42 163075 m60 93126 0.00824688002 0.5 p72 1113 14
159 163515 m60 48282 0.00570523599 0.5 p72 1115 6
37 164072 m2 86968 0 0.5 p72 1117 14
96 166138 m80 465033 0.025064582 0.5 p72 1125 19
232 168084 m3 433037 -0.000291268341 0.100000001 p72 1133 1
105 173844 m80 522583 0.0228767805 0.5 p72 1155 19
243 173888 m2 673730 0 0.5 p72 1155 1
240 174136 m2 591097 0 0.5 p72 1156 1
119 174942 m2 653552 0 0.5 p72 1159 19
129 175183 m1 760193 0 0.5 p72 1160 20
1 175437 m1 7896 0 0.5 p72 1161 14
151 175647 m60 40662 0.00575331226 0.5 p72 1162 6
78 179169 m1 355723 0 0.5 p72 1175 10
56 181006 m2 188233 0 0.5 p72 1182 10
135 182301 m1 775479 0 0.5 p72 1187 19
188 183309 m1 156701 0 0.5 p72 1191 6
89 184068 m1 417273 0 0.5 p72 1194 10
118 185557 m2 641820 0 0.5 p72 1200 11
139 186089 m1 835670 0 0.5 p72 1202 16
192 186352 m1 244682 0 0.5 p72 1203 9
123 186353 m3 690495 -2.49948751e-09 0.100000001 p72 1203 19
191 186655 m1 229714 0 0.5 p72 1204 9
224 188460 m80 246430 0.003822661 0.5 p72 1211 1
45 190310 m60 96345 0.00716405408 0.5 p72 1218 14
190 190754 m1 214170 0 0.5 p72 1220 9
174 191059 m60 74464 0.0113002155 0.5 p72 1221 6
241 191300 m1 623839 0 0.5 p72 1222 1
221 194406 m2 192723 0 0.5 p72 1234 1
25 196695 m60 62827 0.0494354554 0.5 p72 1243 14
181 197974 m60 89367 0.0234517306 0.5 p72 1248 6
74 199223 m2 318292 0 0.5 p72 1253 10
196 200482 m1 508774 0 0.5 p72 1258 9
209 203935 m80 740345 0.0105478 0.5 p72 1271 8
201 204403 m1 615132 0 0.5 p72 1273 9
11 204762 m60 38824 0.00699873874 0.5 p72 1274 14
200 205986 m2 606846 0 0.5 p72 1279 9
152 207634 m60 41238 0.0249658208 0.5 p72 1285 6
82 207831 m1 372577 0 0.5 p72 1286 10
205 209101 m1 641312 0 0.5 p72 1291 8
203 209571 m1 628421 0 0.5 p72 1293 9
18 210013 m61 52940 -0.00258749933 0.5 p72 1295 14
109 210584 m80 578713 0.0048909015 0.5 p72 1297 10
5 213203 m1 21950 0 0.5 p72 1307 14
193 213694 m2 272608 0 0.5 p72 1309 9
186 216593 m1 100341 0 0.5 p72 1320 6
210 218351 m1 746478 0 0.5 p72 1327 8
154 220099 m60 43708 0.00500983605 0.5 p72 1334 6
7 220351 m1 25414 0 0.5 p72 1335 14
36 220352 m61 86330 -0.011224445 0.5 p72 1335 14
194 220647 m2 339539 0 0.5 p72 1336 9
238 224298 m2 577328 0 0.5 p72 1350 1
199 225014 m1 564606 0 0.5 p72 1353 9
9 225234 m1 34613 0 0.5 p72 1354 14
225 225337 m80 264957 0.00251252367 0.5 p72 1354 1
112 225842 m1 629792 0 0.5 p72 1356 10
187 225850 m1 126271 0 0.5 p72 1356 6
204 226563 m1 628867 0 0.5 p72 1359 9
57 226920 m80 196259 0.0075388453 0.5 p72 1360 10
202 227165 m1 618418 0 0.5 p72 1361 9
239 229235 m80 586193 0.00319766765 0.5 p72 1369 1
206 231273 m2 648580 0 0.5 p72 1377 8
51 234890 m1 127259 0 0.5 p72 1391 14
58 235130 m80 200019 0.00965426862 0.5 p72 1392 10
198 235678 m1 547972 0 0.5 p72 1394 9
230 235738 m81 395869 -0.00315007963 0.5 p72 1394 1
117 237955 m1 641489 0 0.5 p72 1403 10
155 238537 m60 45327 0.0053070737 0.5 p72 1405 6
95 240440 m2 458633 0 0.5 p72 1412 9
271 241902 m2 715516 0 0.5 p72 1418 1
223 241912 m1 238944 0 0.5 p72 1418 1
104 241943 m81 521819 -0.00301891938 0.5 p72 1418 9
24 243229 m60 59789 0.00372572313 0.5 p72 1423 14
272 243404 m2 718462 0 0.5 p72 1424 1
114 243475 m1 634915 0 0.5 p72 1424 10
270 244790 m1 699626 0 0.5 p72 1429 1
113 244814 m1 632822 0 0.5 p72 1429 9
30 245088 m60 74750 0.0243382379 0.5 p72 1430 14
218 246587 m1 839982 0 0.5 p72 1436 3
197 247811 m1 547463 0 0.5 p72 1441 5
98 248694 m1 478636 0 0.5 p72 1444 9
278 248959 m1 176057 0 0.5 p72 1445 1
233 248979 m1 443422 0 0.5 p72 1445 1
275 249462 m1 835323 0 0.5 p72 1447 1
175 250238 m60 77217 0.0137866735 0.5 p72 1450 6
281 250566 m1 801309 0 0.5 p72 1451 1
208 251079 m1 693598 0 0.5 p72 1453 1
269 251086 m2 409875 0 0.5 p72 1453 1
212 251545 m1 829114 0 0.5 p72 1455 5
265 251575 m1 442333 0 0.5 p72 1455 1
216 252122 m1 700651 0 0.5 p72 1457 1
252 252343 m80 668597 0.00185476674 0.5 p72 1458 1
267 252375 m61 78874 -0.0051278281 0.5 p72 1458 2
268 252877 m2 602964 0 0.5 p72 1460 2
274 253136 m2 788438 0 0.5 p72 1461 1
12 253176 m60 43059 0.000511749007 0.5 p72 1461 4
189 253432 m1 176094 0 0.5 p72 1462 1
251 254601 m1 122938 0 0.5 p72 1467 1
258 254668 m3 44179 -1.68040401e-07 0.100000001 p72 1467 3
215 254854 m1 615803 0 0.5 p72 1468 1
259 255121 m61 45780 -0.00269325264 0.5 p72 1469 3
16 255156 m1 49376 0 0.5 p72 1469 4
163 255407 m60 53354 0.00604925491 0.5 p72 1470 1
262 255669 m1 759852 0 0.5 p72 1471 3
260 255925 m2 194384 0 0.5 p72 1472 3
264 255961 m1 155296 0 0.5 p72 1472 1
273 256148 m2 782427 0 0.5 p72 1473 1
213 256778 m61 74395 -0.0109715471 0.5 p72 1475 1
228 257460 m2 339953 0 0.5 p72 1478 1
282 257499 m2 16036 0 0.5 p72 1478 1
257 257820 m1 41765 0 0.5 p72 1479 1
266 257993 m1 743427 0 0.5 p72 1480 1
279 258072 m2 390820 0 0.5 p72 1480 1
195 258563 m1 505283 0 0.5 p72 1482 1
263 258720 m1 787185 0 0.5 p72 1483 1
207 258728 m1 676304 0 0.5 p72 1483 1
217 258974 m1 702014 0 0.5 p72 1484 1
124 259966 m1 706366 0 0.5 p72 1488 2
285 260021 m2 95503 0 0.5 p72 1488 1
254 260031 m81 334043 -0.00383111532 0.5 p72 1488 2
283 260328 m3 310608 -0.0233108066 0.100000001 p72 1489 1
261 260461 m3 551616 -2.19534395e-05 0.100000001 p72 1490 1
255 260730 m2 786029 0 0.5 p72 1491 1
211 261309 m2 771926 0 0.5 p72 1493 1
253 261321 m1 142079 0 0.5 p72 1493 1
276 261844 m2 607858 0 0.5 p72 1495 1
286 262037 m3 298022 -0.0584619902 0.100000001 p72 1496 1
280 262257 m80 467083 0.0102555882 0.5 p72 1497 1
214 262471 m80 185333 0.0014004698 0.5 p72 1498 1
256 262483 m1 238895 0 0.5 p72 1498 1
284 263008 m1 36332 0 0.5 p72 1500 1
277 263017 m1 154730 0 0.5 p72 1500 1
Genomes:
p72:0 A 0 1 2 3 4 5 6 7 8 9 10 11 12 13 14 15 16 17 18 19 20 21 22 23 24 25 26 27 28 29 30 31 32 33 34 35 36 37 38 39 40 41 42 43 44 45 46 47 48 49 50 51 52 53 54 55 56 57 58 59 60 61 62 63 64 65 66 67 68 69 70 71 72 73 74 75 76 77 78 79 80 81 82 83 84 85 86 87 88 89 90 91 92 93 94 95 96 97 98 99 100 101 102 103 104 105 106 107 108 109 110 111 112 113 114 115 116 117 118 119 120 121 122 123 124 125 126 127 128 129 130 131 132 133 134 135 136 137 138 139 140
p72:1 A 141 142 143 144 145 146 147 148 149 150 151 152 153 154 155 156 157 158 159 160 161 162 163 164 165 166 167 168 169 170 171 172 173 174 175 176 177 178 179 180 181 182 183 184 185 186 48 49 50 187 52 188 53 54 189 55 59 60 61 190 62 191 63 64 192 65 66 67 68 69 70 193 71 72 73 75 76 194 77 79 80 81 83 84 85 86 87 88 90 91 92 93 94 96 97 99 100 101 195 102 196 103 105 197 198 106 107 108 199 110 200 111 201 202 203 204 115 116 205 206 119 120 121 207 122 123 208 125 126 127 209 210 128 129 130 131 132 133 134 211 135 136 137 138 212 139 140
p72:2 A 141 142 143 144 145 146 147 148 149 150 151 152 153 154 155 156 157 158 159 160 161 162 164 165 166 167 168 169 170 171 172 173 213 174 175 176 177 178 179 180 181 182 183 184 185 186 48 49 50 187 52 188 53 54 55 214 59 60 61 190 62 191 63 64 192 65 66 67 68 69 70 193 71 72 73 75 76 194 77 79 80 81 83 84 85 86 87 88 90 91 92 93 94 96 97 99 100 101 102 196 103 105 197 198 106 107 108 199 110 200 111 201 215 202 203 204 115 116 205 206 119 120 121 122 123 216 217 125 126 127 209 210 128 129 130 131 132 133 134 135 136 137 138 139 140 218
p72:3 A 0 1 2 3 4 5 6 7 8 9 10 11 13 14 15 17 18 19 20 21 22 23 24 25 26 27 28 29 30 31 32 33 34 35 36 37 38 39 40 41 42 43 44 45 46 47 48 49 50 51 52 53 54 219 220 55 221 60 222 223 63 64 224 66 67 225 71 226 73 227 76 228 77 229 79 80 81 83 84 85 86 230 87 88 231 232 233 93 94 97 99 100 102 234 235 236 106 107 237 238 239 240 110 241 115 116 242 243 122 244 245 246 125 247 128 129 130 131 132 133 134 136 137 138 248 140
p72:4 A 0 1 2 3 4 5 6 7 8 9 10 11 13 14 15 17 18 19 20 21 22 23 24 25 26 27 28 29 30 31 32 33 34 35 36 37 38 39 40 41 42 43 44 45 46 47 48 49 50 51 52 53 54 55 56 57 58 59 60 61 62 63 64 65 66 67 68 69 70 71 72 73 74 75 76 77 78 79 80 81 82 83 84 85 86 87 88 89 90 91 92 93 94 95 96 97 98 99 100 101 102 103 104 105 106 107 108 109 110 111 112 113 114 115 116 117 118 119 120 121 122 123 125 126 127 128 129 130 131 132 133 134 135 136 249 250 138 140
p72:5 A 141 142 143 144 145 146 147 148 149 150 151 152 153 154 155 156 157 158 159 160 161 162 164 165 166 167 168 169 170 171 172 173 174 175 176 177 178 179 180 181 182 183 184 185 186 48 49 50 251 187 52 188 53 54 55 59 60 61 190 62 191 63 64 192 65 66 67 68 69 70 193 71 72 73 75 76 194 77 79 80 81 83 84 85 86 87 88 90 91 92 93 94 96 97 99 100 101 102 196 103 105 197 198 106 107 108 199 110 200 111 201 202 203 204 114 115 116 117 118 119 120 252 121 122 123 125 126 127 128 129 130 131 132 133 134 135 136 249 250 138 140
p72:6 A 0 1 2 3 4 5 6 7 8 9 10 11 12 13 14 15 16 17 18 19 20 21 22 23 24 25 26 27 28 29 30 31 32 33 34 35 36 37 38 39 40 41 42 43 44 45 46 47 48 49 50 51 52 253 53 54 55 56 57 58 59 60 61 62 63 64 65 66 67 68 69 70 71 72 73 74 75 76 254 77 78 79 80 81 82 83 84 85 86 87 88 89 90 91 92 93 94 95 96 97 98 99 100 101 102 103 104 105 106 107 108 109 110 111 112 113 114 115 116 117 118 119 120 121 122 123 125 126 127 128 129 130 131 132 133 134 135 255 136 137 138 139 140
p72:7 A 141 142 143 144 145 146 147 148 149 150 151 152 153 154 155 156 157 158 159 160 161 162 164 165 166 167 168 169 170 171 172 173 174 175 176 177 178 179 180 181 182 183 184 185 186 48 49 50 187 52 188 53 54 55 56 57 58 59 60 61 62 63 64 65 66 67 68 69 70 71 72 73 74 75 76 77 78 79 80 81 82 83 84 85 86 87 88 89 90 91 92 93 94 95 96 97 98 99 100 101 102 103 104 105 106 107 108 109 110 111 112 113 114 115 116 117 118 119 120 121 122 123 124 125 126 127 128 129 130 131 132 133 134 135 136 137 138 139 140
p72:8 A 141 142 143 144 145 146 147 148 149 150 151 152 153 154 155 156 157 158 159 160 161 162 164 165 166 167 168 169 170 171 172 173 174 175 176 177 178 179 180 181 182 183 184 185 186 48 49 50 187 52 188 53 54 55 59 60 61 190 62 191 256 63 64 192 65 66 67 68 69 70 193 71 72 73 75 76 194 77 79 80 81 83 84 85 86 87 88 90 91 92 93 94 96 97 99 100 101 102 196 103 105 197 198 106 107 108 199 110 200 111 201 202 203 204 115 116 205 206 119 120 121 122 123 125 126 127 209 210 128 129 130 131 132 133 134 135 136 137 138 212 139 140
p72:9 A 0 1 2 3 4 5 6 7 8 9 10 11 257 13 258 259 14 15 17 18 19 20 21 22 23 24 25 26 27 28 29 30 31 32 33 34 35 36 37 38 39 40 41 42 43 44 45 46 47 48 49 50 51 52 53 54 55 56 260 57 58 59 60 61 62 63 64 65 66 67 68 69 70 71 72 73 74 75 76 77 78 79 80 81 82 83 84 85 86 87 88 89 90 91 92 93 94 95 96 97 98 99 100 101 102 103 104 105 261 106 107 108 109 110 111 112 113 114 115 116 117 118 119 120 121 122 123 125 126 127 128 262 129 130 131 132 133 134 135 263 136 137 138 139 140
p72:10 A 0 1 2 3 4 5 6 7 8 9 10 11 13 14 15 17 18 19 20 21 22 23 24 25 26 27 28 29 30 31 32 33 34 35 36 37 38 39 40 41 42 43 44 45 46 47 48 49 50 51 52 264 53 54 55 59 60 61 190 62 191 63 64 192 65 66 67 68 69 70 193 71 72 73 75 76 194 77 79 80 81 83 84 85 86 87 88 90 91 265 92 93 94 96 97 99 100 101 102 196 103 105 198 106 107 108 199 110 200 111 201 202 203 204 115 116 205 206 119 120 121 122 123 125 126 127 209 266 210 128 129 130 131 132 133 134 135 136 137 138 139 140 218
p72:11 A 0 1 2 3 4 5 6 7 8 9 10 11 13 14 15 17 18 19 20 21 22 23 24 25 26 27 28 29 30 267 31 32 33 34 35 36 37 38 39 40 41 42 43 44 45 46 47 48 49 50 51 52 53 54 55 59 60 61 190 62 191 63 64 192 65 66 67 68 69 70 193 71 72 73 75 76 194 77 79 80 81 83 84 85 86 87 88 90 91 92 93 94 96 97 99 100 101 102 196 103 105 198 106 107 108 199 110 268 200 111 201 202 203 204 115 116 205 206 119 120 121 122 123 125 126 127 209 210 128 129 130 131 132 133 134 135 136 137 138 139 140
p72:12 A 0 1 2 3 4 5 6 7 8 9 10 11 13 14 15 17 18 19 20 21 22 23 24 25 26 27 28 29 30 31 32 33 34 35 36 37 38 39 40 41 42 43 44 45 46 47 48 49 50 51 52 53 54 55 56 57 58 59 60 61 62 63 64 65 66 67 68 69 70 71 72 73 74 75 76 77 78 79 80 81 82 83 84 85 86 87 269 88 89 90 91 92 93 94 96 97 99 100 101 102 103 105 106 107 108 109 110 111 112 115 116 118 119 120 121 122 123 270 271 272 125 126 127 128 129 130 131 132 133 134 135 273 274 136 137 138 275 140
p72:13 A 141 142 143 144 145 146 147 148 149 150 151 152 153 154 155 156 157 158 159 160 161 162 164 165 166 167 168 169 170 171 172 173 174 175 176 177 178 179 180 181 182 183 184 185 186 48 49 50 187 52 188 53 54 55 59 60 61 190 62 191 63 64 192 65 66 67 68 69 70 193 71 72 73 75 76 194 77 79 80 81 83 84 85 86 87 88 90 91 92 93 94 96 97 99 100 101 102 196 103 105 197 198 106 107 108 199 110 200 276 111 201 202 203 204 115 116 205 206 119 120 121 122 123 125 126 127 209 210 128 129 130 131 132 133 134 135 136 137 138 212 139 140
p72:14 A 0 1 2 3 4 5 6 7 8 9 10 11 13 14 15 17 18 19 20 21 22 23 24 25 26 27 28 29 30 31 32 33 34 35 36 37 38 39 40 41 42 43 44 45 46 47 48 49 50 51 52 277 53 54 278 55 59 60 61 190 62 191 63 64 192 65 66 67 68 69 70 193 71 72 73 75 76 194 77 79 80 81 83 84 85 86 279 87 88 90 91 92 93 94 96 280 97 99 100 101 102 196 103 105 198 106 107 108 199 110 200 111 201 202 203 204 115 116 205 206 119 120 121 122 123 125 126 127 209 210 128 129 130 131 132 133 134 135 281 136 137 138 139 140 218
p72:15 A 0 1 2 3 282 4 5 6 7 8 9 10 11 13 14 15 17 18 19 20 21 22 23 24 25 26 27 28 29 30 267 31 32 33 34 35 36 37 38 39 40 41 42 43 44 45 46 47 48 49 50 51 52 53 54 55 59 60 61 190 62 191 63 64 192 65 66 67 68 69 70 193 71 72 283 73 75 76 194 77 79 80 81 83 84 85 86 87 88 90 91 92 93 94 96 97 99 100 101 102 196 103 105 198 106 107 108 199 110 268 200 111 201 202 203 204 115 116 205 206 119 120 121 122 123 125 126 127 209 210 128 129 130 131 132 133 134 135 136 137 138 139 140
p72:16 A 0 1 2 3 4 5 6 7 8 9 10 11 13 258 259 14 15 17 18 19 20 21 22 23 24 25 26 27 28 29 30 31 32 33 34 35 36 37 38 39 40 41 42 43 44 45 46 47 48 49 50 51 52 53 54 55 56 260 57 58 59 60 61 62 63 64 65 66 67 68 69 70 71 72 73 74 75 76 77 78 79 80 81 82 83 84 85 86 87 88 89 90 91 92 93 94 95 96 97 98 99 100 101 102 103 104 105 106 107 108 109 110 111 112 113 114 115 116 117 118 119 120 121 122 123 125 126 127 128 262 129 130 131 132 133 134 135 136 137 138 212 139 140
p72:17 A 0 1 2 3 4 5 6 7 8 9 10 11 13 258 259 14 15 17 18 19 20 21 22 23 24 25 26 27 28 29 30 31 32 33 34 35 36 37 38 39 40 41 42 43 44 45 46 47 48 49 50 51 52 53 54 55 56 260 57 58 59 60 61 62 63 64 65 66 67 68 69 70 71 72 73 74 75 76 77 78 79 80 81 82 83 84 85 86 87 88 89 90 91 92 93 94 95 96 97 98 99 100 101 102 103 104 105 106 107 108 109 110 111 112 113 114 115 116 117 118 119 120 121 122 123 125 126 127 128 262 129 130 131 132 133 134 135 136 137 138 212 139 140
p72:18 A 0 1 2 3 4 5 6 7 8 9 284 10 11 12 13 14 15 16 17 18 19 20 21 22 23 24 25 26 27 28 29 30 31 32 33 34 35 36 37 38 39 40 41 42 43 285 44 45 46 47 48 49 50 51 52 53 54 55 56 57 58 59 60 61 62 63 64 65 66 67 68 69 70 71 72 73 74 75 76 77 78 79 80 81 82 83 84 85 86 87 88 89 90 91 92 93 94 95 96 97 98 99 100 101 102 103 104 105 106 107 108 109 110 111 112 113 114 115 116 117 118 119 120 121 122 123 125 126 127 128 129 130 131 132 133 134 135 136 137 138 139 140
p72:19 A 0 1 2 3 4 5 6 7 8 9 10 11 12 13 14 15 16 17 18 19 20 21 22 23 24 25 26 27 28 29 30 31 32 33 34 35 36 37 38 39 40 41 42 43 44 45 46 47 48 49 50 51 52 53 54 55 56 57 58 59 60 61 62 63 64 65 66 67 68 69 70 71 72 286 73 74 75 76 254 77 78 79 80 81 82 83 84 85 86 87 88 89 90 91 92 93 94 95 96 97 98 99 100 101 102 103 104 105 106 107 108 109 110 111 112 113 114 115 116 117 118 119 120 121 122 123 125 126 127 128 129 130 131 132 133 134 135 136 137 138 139 140
