#OUT: 1500 SS p68 20 /Users/heinrich/ComputationalGenetics/Group A/Universe Script/New Data/jackalsSample.txt
Mutations:
5 59939 m60 58086 0.0347545259 0.5 p65 703 20
51 60757 m1 690700 0 0.5 p65 707 11
7 60987 m1 163609 0 0.5 p65 708 20
6 62588 m2 72430 0 0.5 p65 716 20
35 64422 m1 480883 0 0.5 p68 724 20
19 67054 m1 304818 0 0.5 p68 737 20
45 68948 m80 589361 0.00334468856 0.5 p68 746 20
44 70834 m81 576428 -0.00847665966 0.5 p68 755 20
142 72269 m2 589440 0 0.5 p68 762 9
40 74516 m2 528704 0 0.5 p68 772 11
130 74521 m2 459172 0 0.5 p68 772 9
140 75822 m1 567044 0 0.5 p68 777 9
149 76313 m2 665950 0 0.5 p68 779 9
34 77641 m80 451586 0.000520768517 0.5 p68 784 11
37 78431 m1 500286 0 0.5 p68 787 11
9 79995 m1 171366 0 0.5 p68 793 20
57 80267 m1 751981 0 0.5 p68 794 13
69 81832 m1 834599 0 0.5 p68 800 20
151 82091 m1 704222 0 0.5 p68 801 9
67 84161 m1 821936 0 0.5 p68 809 20
64 84170 m101 786068 -0.00690867146 0.5 p68 809 13
138 84678 m2 532725 0 0.5 p68 811 9
121 86244 m2 325721 0 0.5 p68 817 9
11 86486 m2 187596 0 0.5 p68 818 20
117 90848 m1 301519 0 0.5 p68 835 9
59 92063 m1 762999 0 0.5 p68 840 13
18 92615 m1 299809 0 0.5 p68 842 11
33 93381 m2 449961 0 0.5 p68 845 11
72 94334 m1 843330 0 0.5 p68 849 20
147 96883 m2 654899 0 0.5 p68 859 9
43 98194 m1 569938 0 0.5 p68 864 11
23 101281 m2 341893 0 0.5 p68 876 11
122 102555 m2 339471 0 0.5 p68 881 9
152 107526 m80 712265 0.0190708693 0.5 p68 900 9
56 107784 m2 730475 0 0.5 p68 901 11
32 108513 m1 435579 0 0.5 p68 904 11
31 109492 m1 430198 0 0.5 p68 908 11
63 114572 m1 784018 0 0.5 p68 927 13
125 114829 m81 388736 -0.00114292675 0.5 p68 928 9
137 115076 m2 532662 0 0.5 p68 929 9
14 118685 m1 230672 0 0.5 p68 943 20
153 119433 m2 723660 0 0.5 p68 946 9
132 119947 m1 490818 0 0.5 p68 948 9
22 121522 m2 333030 0 0.5 p68 954 11
4 123615 m1 36137 0 0.5 p68 962 13
118 124916 m1 301741 0 0.5 p68 967 9
42 127240 m1 554021 0 0.5 p68 976 11
94 128947 m100 796263 0.00369722513 0.5 p68 983 7
73 132073 m1 844406 0 0.5 p68 995 20
148 133572 m2 656303 0 0.5 p68 1001 9
131 133573 m1 476908 0 0.5 p68 1001 9
134 135158 m1 497593 0 0.5 p68 1007 9
2 135166 m1 12576 0 0.5 p68 1007 13
92 140150 m101 785851 -0.00452057645 0.5 p68 1026 7
111 142484 m1 177759 0 0.5 p68 1035 9
13 145421 m3 220389 -9.19611648e-06 0.100000001 p68 1046 11
120 145698 m2 315379 0 0.5 p68 1047 9
89 146199 m1 758002 0 0.5 p68 1049 7
0 146470 m1 11004 0 0.5 p68 1050 13
91 148595 m1 770169 0 0.5 p68 1058 7
49 149102 m2 671793 0 0.5 p68 1060 11
123 149108 m1 353184 0 0.5 p68 1060 9
93 150962 m101 787666 -0.0314374119 0.5 p68 1067 7
124 151229 m1 364725 0 0.5 p68 1068 9
139 152809 m80 538575 0.00729042478 0.5 p68 1074 9
155 153286 m81 737633 -0.00233060867 0.5 p68 1076 9
95 153301 m1 799866 0 0.5 p68 1076 9
52 154087 m1 692103 0 0.5 p68 1079 11
25 158002 m1 372525 0 0.5 p68 1094 11
126 160873 m81 393426 -0.00757238735 0.5 p68 1105 9
88 162974 m1 754525 0 0.5 p68 1113 7
71 164244 m1 839271 0 0.5 p68 1118 15
65 168559 m100 793584 0.0181603804 0.5 p68 1135 13
186 169860 m1 172942 0 0.5 p68 1140 1
114 173230 m1 218182 0 0.5 p68 1153 9
1 173476 m1 12411 0 0.5 p68 1154 13
105 174350 m1 94958 0 0.5 p68 1157 7
135 175378 m2 523335 0 0.5 p68 1161 9
17 177201 m1 281009 0 0.5 p68 1168 11
74 179813 m1 845552 0 0.5 p68 1178 11
113 180068 m2 194921 0 0.5 p68 1179 9
39 181670 m2 518087 0 0.5 p68 1185 11
144 181918 m1 622371 0 0.5 p68 1186 9
110 182175 m1 176339 0 0.5 p68 1187 9
119 186012 m1 302145 0 0.5 p68 1202 9
141 186499 m80 580410 0.0160264187 0.5 p68 1204 9
70 188115 m1 837820 0 0.5 p68 1210 15
16 189416 m2 276379 0 0.5 p68 1215 11
50 190148 m1 681441 0 0.5 p68 1218 11
97 190149 m1 22475 0 0.5 p68 1218 7
133 191179 m1 494752 0 0.5 p68 1222 9
41 192458 m1 544569 0 0.5 p68 1227 11
30 192733 m1 419006 0 0.5 p68 1228 11
76 192998 m1 112145 0 0.5 p68 1229 10
128 194014 m81 398050 -0.00287298183 0.5 p68 1233 9
48 194777 m2 649950 0 0.5 p68 1236 11
112 196360 m2 192870 0 0.5 p68 1242 9
12 196365 m2 190011 0 0.5 p68 1242 11
163 197867 m1 847592 0 0.5 p68 1248 4
47 199891 m80 597942 4.66451056e-05 0.5 p68 1256 11
78 201188 m1 140363 0 0.5 p68 1261 8
77 201189 m1 114634 0 0.5 p68 1261 10
66 202000 m1 820681 0 0.5 p68 1264 11
154 202001 m2 725312 0 0.5 p68 1264 9
58 202002 m1 761975 0 0.5 p68 1264 13
36 204874 m1 494091 0 0.5 p68 1275 11
62 205661 m100 783465 0.00785429217 0.5 p68 1278 13
162 207501 m1 846836 0 0.5 p68 1285 4
146 210754 m1 636152 0 0.5 p68 1298 9
24 211800 m1 350344 0 0.5 p68 1302 11
160 211819 m1 840382 0 0.5 p68 1302 5
90 213118 m1 759628 0 0.5 p68 1307 7
156 213125 m1 742086 0 0.5 p68 1307 9
136 213126 m81 532593 -3.87096006e-05 0.5 p68 1307 9
127 213127 m2 394233 0 0.5 p68 1307 9
99 215444 m60 55185 0.00611493876 0.5 p68 1316 4
61 216223 m100 783357 0.00886759255 0.5 p68 1319 13
145 216748 m1 635059 0 0.5 p68 1321 9
29 218750 m1 413384 0 0.5 p68 1329 4
82 218996 m1 294509 0 0.5 p68 1330 7
80 219778 m2 252491 0 0.5 p68 1333 7
157 223091 m1 762902 0 0.5 p68 1346 7
116 224120 m1 291014 0 0.5 p68 1350 9
102 224419 m1 65782 0 0.5 p68 1351 4
10 225999 m1 176453 0 0.5 p68 1357 4
143 227620 m80 591089 0.000833068334 0.5 p68 1363 7
54 227883 m2 718000 0 0.5 p68 1364 4
60 228906 m1 781739 0 0.5 p68 1368 6
26 229686 m2 378649 0 0.5 p68 1371 4
107 230443 m2 125402 0 0.5 p68 1374 1
85 232706 m1 630284 0 0.5 p68 1383 7
3 233450 m1 26265 0 0.5 p68 1386 4
211 235081 m1 802800 0 0.5 p68 1392 1
115 235082 m2 256108 0 0.5 p68 1392 7
79 235846 m81 246101 -0.00736946845 0.5 p68 1395 7
129 236109 m2 400233 0 0.5 p68 1396 7
165 237376 m1 51561 0 0.5 p68 1401 5
27 238163 m2 378895 0 0.5 p68 1404 4
21 238427 m80 321092 0.00113456522 0.5 p68 1405 4
75 238428 m1 87452 0 0.5 p68 1405 4
194 239245 m1 764113 0 0.5 p68 1408 2
38 239246 m80 514740 0.0296918955 0.5 p68 1408 4
68 239503 m1 832225 0 0.5 p68 1409 8
109 240559 m1 166483 0 0.5 p68 1413 8
150 241341 m1 702985 0 0.5 p68 1416 7
166 242346 m1 92700 0 0.5 p68 1420 5
159 245240 m1 781981 0 0.5 p68 1431 4
83 245473 m2 456475 0 0.5 p68 1432 7
189 245951 m1 419289 0 0.5 p68 1434 2
169 246735 m1 979 0 0.5 p68 1437 2
103 247494 m61 76397 -0.00120401743 0.5 p68 1440 1
172 247764 m2 255430 0 0.5 p68 1441 2
84 247777 m1 563493 0 0.5 p68 1441 7
176 248025 m1 747305 0 0.5 p68 1442 2
108 248033 m1 143243 0 0.5 p68 1442 1
161 248284 m1 841980 0 0.5 p68 1443 4
106 250441 m1 124338 0 0.5 p68 1451 1
209 250442 m1 417195 0 0.5 p68 1451 1
173 250454 m1 288318 0 0.5 p68 1451 2
98 250708 m1 24478 0 0.5 p68 1452 1
178 250717 m1 281759 0 0.5 p68 1452 2
158 251239 m1 780385 0 0.5 p68 1454 4
81 251502 m80 254269 0.0150865782 0.5 p68 1455 5
20 251750 m81 319884 -0.0203626789 0.5 p68 1456 4
164 251997 m2 41166 0 0.5 p68 1457 2
192 252010 m2 583628 0 0.5 p68 1457 2
210 252017 m81 725418 -0.0138841579 0.5 p68 1457 1
86 252518 m2 659338 0 0.5 p68 1459 5
15 253040 m80 254560 0.0144399488 0.5 p68 1461 4
190 253550 m2 450814 0 0.5 p68 1463 2
185 253551 m1 156684 0 0.5 p68 1463 1
87 253787 m1 745497 0 0.5 p68 1464 5
208 254055 m2 320532 0 0.5 p68 1465 1
174 254317 m1 477830 0 0.5 p68 1466 2
191 254543 m1 549273 0 0.5 p68 1467 2
175 254802 m1 740998 0 0.5 p68 1468 2
53 255284 m1 697062 0 0.5 p68 1470 4
196 255287 m2 186336 0 0.5 p68 1470 1
187 255583 m2 199155 0 0.5 p68 1471 2
193 255584 m2 672223 0 0.5 p68 1471 2
199 255828 m2 793514 0 0.5 p68 1472 1
200 256083 m1 123770 0 0.5 p68 1473 1
201 256084 m2 275944 0 0.5 p68 1473 1
100 256347 m2 57688 0 0.5 p68 1474 1
104 256348 m1 92083 0 0.5 p68 1474 1
96 256627 m1 20298 0 0.5 p68 1475 1
203 257665 m81 540295 -0.00402013119 0.5 p68 1479 1
167 257671 m1 767690 0 0.5 p68 1479 3
198 258192 m1 436609 0 0.5 p68 1481 1
180 258413 m1 686917 0 0.5 p68 1482 1
188 258418 m81 331222 -0.0333864577 0.5 p68 1482 1
204 258674 m2 649103 0 0.5 p68 1483 1
220 258951 m80 600365 0.00290933345 0.5 p68 1484 1
184 259195 m1 139100 0 0.5 p68 1485 1
202 259204 m1 285159 0 0.5 p68 1485 1
217 259205 m1 554433 0 0.5 p68 1485 1
170 259424 m61 64736 -0.00419953465 0.5 p68 1486 1
207 259437 m1 243916 0 0.5 p68 1486 1
171 259672 m2 205331 0 0.5 p68 1487 1
101 259925 m61 61871 -0.00253773225 0.5 p68 1488 1
215 260185 m80 328310 0.0129861487 0.5 p68 1489 1
218 260192 m2 315673 0 0.5 p68 1489 1
168 260200 m1 797622 0 0.5 p68 1489 2
28 260205 m1 412102 0 0.5 p68 1489 4
179 260426 m1 611521 0 0.5 p68 1490 1
46 260685 m2 592672 0 0.5 p68 1491 4
183 261492 m1 44866 0 0.5 p68 1494 1
214 261709 m1 29647 0 0.5 p68 1495 1
213 261710 m1 810731 0 0.5 p68 1495 1
181 261717 m1 25727 0 0.5 p68 1495 1
216 261956 m81 319194 -0.0021428063 0.5 p68 1496 1
219 262199 m2 585553 0 0.5 p68 1497 1
182 262202 m2 517862 0 0.5 p68 1497 1
212 262208 m1 807310 0 0.5 p68 1497 1
195 262439 m1 545906 0 0.5 p68 1498 1
197 262674 m1 363209 0 0.5 p68 1499 1
206 262678 m1 117178 0 0.5 p68 1499 1
55 262685 m80 720298 0.029080661 0.5 p68 1499 1
205 262916 m2 661897 0 0.5 p68 1500 1
8 262919 m1 165337 0 0.5 p68 1500 1
177 262931 m1 176232 0 0.5 p68 1500 1
Genomes:
p68:0 A 0 1 2 3 4 5 6 7 8 9 10 11 12 13 14 15 16 17 18 19 20 21 22 23 24 25 26 27 28 29 30 31 32 33 34 35 36 37 38 39 40 41 42 43 44 45 46 47 48 49 50 51 52 53 54 55 56 57 58 59 60 61 62 63 64 65 66 67 68 69 70 71 72 73 74
p68:1 A 0 1 2 4 5 6 75 76 77 78 7 9 11 12 13 14 79 80 81 16 17 82 18 19 22 23 24 25 30 31 32 33 34 83 35 36 37 39 40 41 42 84 43 44 45 47 85 48 86 49 50 51 52 56 87 88 89 90 91 92 93 94 95 67 69 70 71 72 73
p68:2 A 96 97 98 99 100 5 101 102 6 103 104 105 76 77 106 107 78 108 7 109 9 110 111 11 112 113 114 14 115 116 117 118 119 19 120 121 122 123 124 125 126 127 128 129 130 131 35 132 133 134 135 136 137 138 139 140 44 141 45 142 143 144 145 146 147 148 149 150 151 152 153 154 155 156 57 58 157 59 158 159 61 62 63 64 65 66 67 68 69 70 71 72 73 74
p68:3 A 97 99 5 102 6 105 7 109 9 11 12 13 14 79 80 81 16 17 82 18 19 22 23 24 25 30 31 32 33 34 83 35 36 37 39 40 41 42 84 43 44 45 47 85 48 86 49 50 51 52 56 87 88 89 90 91 92 93 94 95 67 69 160 161 72 73 162 163
p68:4 A 0 1 2 4 164 165 5 6 166 76 77 7 9 10 11 12 13 14 15 16 17 18 19 20 21 22 23 24 25 26 27 28 29 30 31 32 33 34 35 36 37 38 39 40 41 42 43 44 45 46 47 48 49 50 51 52 53 54 56 57 58 59 60 61 62 63 64 65 66 67 68 69 70 71 72 73 74
p68:5 A 0 1 2 3 4 5 6 78 7 109 9 110 111 11 112 113 114 14 115 116 117 118 119 19 120 121 122 123 124 125 126 127 128 129 130 131 35 132 133 134 135 136 137 138 139 140 44 141 45 142 143 144 145 146 147 148 149 150 151 152 153 154 155 156 57 58 157 59 167 158 159 61 62 63 64 65 168 66 67 68 69 70 71 72 73 74
p68:6 A 169 97 5 170 6 105 7 109 9 110 111 11 112 113 171 114 14 172 115 173 116 117 118 119 19 120 121 122 123 124 125 126 127 128 129 130 131 174 35 132 133 134 135 136 137 138 139 140 44 141 45 142 143 144 145 146 147 148 149 150 151 152 153 154 155 175 156 176 57 58 157 59 61 62 63 64 65 95 67 69 160 161 72 73 162 163
p68:7 A 0 1 2 4 165 5 6 166 76 77 7 9 177 11 12 13 14 79 80 16 17 178 82 18 19 22 23 24 25 30 31 32 33 34 83 35 36 37 39 40 41 42 84 43 44 45 47 179 85 48 49 50 180 51 52 56 88 89 90 91 92 93 94 95 67 69 70 71 72 73 74
p68:8 A 0 1 2 181 4 5 6 75 76 77 78 7 9 11 12 13 14 79 80 81 16 17 82 18 19 22 23 24 25 30 31 32 33 34 83 35 36 37 182 39 40 41 42 84 43 44 45 47 85 48 86 49 50 51 52 56 87 88 89 90 91 92 93 94 95 67 69 70 71 72 73
p68:9 A 0 1 2 3 4 183 5 6 184 78 185 7 9 186 110 111 11 112 113 187 114 14 116 117 118 119 19 120 121 188 122 123 124 125 126 127 128 189 190 130 131 35 132 133 134 135 136 137 138 139 191 140 44 141 192 45 142 144 145 146 147 148 149 193 151 152 153 154 155 156 57 58 59 194 60 61 62 63 64 65 66 67 69 70 71 72 73
p68:10 A 0 1 2 4 5 6 75 76 77 78 7 9 11 12 13 14 79 80 81 16 17 82 18 19 22 23 24 25 30 31 32 33 34 83 35 36 37 39 40 41 195 42 84 43 44 45 47 85 48 86 49 50 51 52 56 87 88 89 90 91 92 93 94 95 67 69 160 72 73 74
p68:11 A 97 5 6 105 7 109 9 110 111 196 11 112 113 114 14 172 115 173 116 117 118 119 19 120 121 122 123 197 124 125 126 127 128 129 198 130 131 174 35 132 133 134 135 136 137 138 139 140 44 141 45 142 143 144 145 146 147 148 149 150 151 152 153 154 155 175 156 176 57 58 157 59 61 62 63 64 199 65 95 67 69 160 161 72 73 162 163
p68:12 A 0 1 2 4 165 5 6 166 76 77 200 7 9 11 12 13 14 79 80 201 16 17 178 202 82 18 19 22 23 24 25 30 31 32 33 34 83 35 36 37 39 40 203 41 42 84 43 44 45 47 85 204 48 205 49 50 51 52 56 88 89 90 91 92 93 94 95 67 69 160 161 72 73 162 163
p68:13 A 169 97 5 6 105 206 7 109 9 110 111 11 112 113 114 14 207 115 116 117 118 119 19 120 208 121 122 123 124 125 126 127 128 129 209 130 131 35 132 133 134 135 136 137 138 139 140 44 141 45 142 143 144 145 146 147 148 149 150 151 152 153 154 210 155 156 57 58 157 59 61 62 63 64 65 211 212 213 66 67 69 70 71 72 73 74
p68:14 A 97 214 99 5 102 6 105 7 109 9 110 111 11 112 113 114 14 115 116 117 118 119 19 120 121 122 123 124 125 126 127 128 129 130 131 35 132 133 134 135 136 137 138 139 140 44 141 45 142 143 144 145 146 147 148 149 150 151 152 153 154 155 156 57 58 157 59 167 158 159 61 62 63 64 65 168 66 67 68 69 70 71 72 73 74
p68:15 A 0 1 2 4 5 6 75 76 77 78 7 9 110 111 11 112 113 187 114 14 116 117 118 119 19 120 121 215 122 123 124 125 126 127 128 189 190 130 131 35 132 133 134 135 136 137 138 139 191 140 44 141 192 45 142 144 145 146 147 148 149 193 151 152 153 154 155 156 57 58 59 194 60 61 62 63 64 65 66 67 69 70 71 72 73
p68:16 A 0 1 2 4 164 165 5 6 166 76 77 7 9 10 11 12 13 14 15 16 17 18 19 20 21 22 23 24 25 26 27 28 29 30 31 32 33 34 35 36 37 38 39 40 41 42 43 44 45 46 47 48 49 50 51 52 53 54 56 57 58 59 60 61 62 63 64 65 66 67 68 69 70 71 72 73 74
p68:17 A 0 1 2 4 165 5 6 166 76 77 7 109 9 110 111 11 112 113 114 14 115 116 117 118 119 19 120 216 121 122 123 124 125 126 127 128 129 130 131 35 132 133 134 135 136 137 138 139 217 140 44 141 45 142 143 144 145 146 147 148 149 150 151 152 153 154 155 156 57 58 157 59 167 158 159 61 62 63 64 65 66 67 69 70 71 72 73
p68:18 A 97 99 5 102 6 105 78 7 9 11 12 13 14 79 80 81 16 17 82 18 19 218 22 23 24 25 30 31 32 33 34 83 35 36 37 39 40 41 42 84 43 44 219 45 47 220 85 48 86 49 50 51 52 56 87 88 89 90 91 92 93 94 95 67 68 69 70 71 72 73 74
p68:19 A 0 1 2 3 4 5 6 7 9 10 11 12 13 14 15 16 17 18 19 20 21 22 23 24 25 26 27 28 29 30 31 32 33 34 35 36 37 38 39 40 41 42 43 44 45 46 47 48 49 50 51 52 53 54 56 57 58 59 60 61 62 63 64 65 66 67 68 69 70 71 72 73 74
