#OUT: 25000 SS p5 10 /Users/josephzou/Desktop/Sample_data/Abed-p5-Sample.txt
Mutations:
279 22872 m1 83896 0 0.5 p1 1147 10
267 24247 m1 78776 0 0.5 p1 1217 10
240 27886 m1 67063 0 0.5 p1 1400 10
255 36205 m7 74548 0 0.5 p1 1822 10
235 37753 m1 63630 0 0.5 p1 1897 10
213 46768 m1 56628 0 0.5 p1 2343 10
256 49565 m7 74748 0 0.5 p1 2481 10
287 54734 m2 86638 0 0.5 p1 2739 10
233 55790 m1 62993 0 0.5 p1 2792 10
110 58834 m1 34504 0 0.5 p1 2951 10
28 59599 m3 7494 0.00999999978 0.5 p1 2988 10
8 60951 m1 3158 0 0.5 p1 3061 10
225 67133 m1 60240 0 0.5 p1 3339 10
281 72285 m1 84290 0 0.5 p1 3478 10
42 75287 m3 9052 0.00999999978 0.5 p1 3559 10
251 76654 m7 72813 0 0.5 p1 3597 10
163 79530 m6 50353 0.00999999978 0.5 p1 3678 10
108 80151 m1 32973 0 0.5 p1 3695 10
221 82220 m1 59644 0 0.5 p1 3751 10
277 82853 m1 82303 0 0.5 p1 3769 10
178 94191 m6 51765 0.00999999978 0.5 p1 4078 10
244 94229 m1 70249 0 0.5 p1 4079 10
81 95422 m1 19810 0 0.5 p1 4112 10
79 99286 m1 19050 0 0.5 p1 4217 10
260 99690 m2 76517 0 0.5 p1 4229 10
188 101988 m6 52390 0.00999999978 0.5 p1 4293 10
315 104339 m1 96930 0 0.5 p1 4358 10
130 104570 m1 42575 0 0.5 p1 4364 10
4 112018 m1 1413 0 0.5 p1 4572 10
140 113303 m1 46311 0 0.5 p1 4607 10
180 114287 m6 52042 0.00999999978 0.5 p1 4633 10
105 116398 m1 31777 0 0.5 p1 4689 10
50 118334 m3 9570 0.00999999978 0.5 p1 4741 10
91 120999 m1 25451 0 0.5 p1 4816 10
262 121492 m1 77459 0 0.5 p1 4829 10
250 121956 m2 72780 0 0.5 p1 4841 10
230 122416 m1 61772 0 0.5 p1 4854 10
6 123004 m1 2397 0 0.5 p1 4869 10
320 123129 m1 99272 0 0.5 p1 4872 10
179 124809 m6 51774 0.00999999978 0.5 p1 4917 10
241 133935 m1 67114 0 0.5 p5 5100 10
264 145590 m1 77766 0 0.5 p5 5288 10
101 149689 m1 30361 0 0.5 p5 5356 10
283 155185 m8 85229 0 0.5 p5 5445 10
102 156580 m1 30373 0 0.5 p5 5467 10
192 160253 m2 52525 0 0.5 p5 5528 10
2 165005 m1 1233 0 0.5 p5 5605 10
27 169313 m3 7407 0.00999999978 0.5 p5 5676 10
0 181401 m1 228 0 0.5 p5 5872 10
117 181863 m1 37886 0 0.5 p5 5880 10
245 182664 m1 70364 0 0.5 p5 5893 10
321 186923 m1 99283 0 0.5 p5 5962 10
210 190708 m1 55952 0 0.5 p5 6025 10
159 191090 m6 50082 0.00999999978 0.5 p5 6031 10
116 194543 m1 37790 0 0.5 p5 6089 10
171 195215 m6 51081 0.00999999978 0.5 p5 6100 10
77 204466 m1 18000 0 0.5 p5 6252 10
109 207335 m1 33076 0 0.5 p5 6298 10
68 207649 m3 11610 0.00999999978 0.5 p5 6303 10
10 211001 m1 3620 0 0.5 p5 6357 10
106 212726 m1 31884 0 0.5 p5 6385 10
253 215064 m2 72990 0 0.5 p5 6422 10
176 215404 m6 51343 0.00999999978 0.5 p5 6428 10
289 224358 m1 88138 0 0.5 p5 6571 10
190 227470 m6 52455 0.00999999978 0.5 p5 6617 10
56 233626 m3 10177 0.00999999978 0.5 p5 6696 10
294 240175 m1 89353 0 0.5 p5 6781 10
83 242026 m1 21895 0 0.5 p5 6805 10
1 246093 m1 581 0 0.5 p5 6858 10
234 250440 m1 63002 0 0.5 p5 6915 10
202 257024 m6 52898 0.00999999978 0.5 p5 6999 10
127 259063 m1 40846 0 0.5 p5 7025 10
164 261098 m6 50357 0.00999999978 0.5 p5 7051 10
236 268288 m1 63880 0 0.5 p5 7142 10
286 278124 m8 85988 0 0.5 p5 7268 10
185 279732 m6 52254 0.00999999978 0.5 p5 7289 10
311 283498 m1 95572 0 0.5 p5 7338 10
95 287088 m1 28681 0 0.5 p5 7384 10
62 287331 m3 11064 0.00999999978 0.5 p5 7387 10
137 293679 m1 45487 0 0.5 p5 7469 10
21 295787 m3 7190 0.00999999978 0.5 p5 7496 10
231 301141 m1 61857 0 0.5 p5 7564 10
284 301493 m2 85441 0 0.5 p5 7569 10
135 301578 m1 45016 0 0.5 p5 7570 10
98 302942 m1 28953 0 0.5 p5 7588 10
69 304375 m1 11942 0 0.5 p5 7605 10
44 306975 m3 9139 0.00999999978 0.5 p5 7639 10
282 309921 m8 84985 0 0.5 p5 7676 10
12 310072 m1 4588 0 0.5 p5 7678 10
16 312921 m1 5613 0 0.5 p5 7715 10
247 325241 m1 70531 0 0.5 p5 7871 10
243 328359 m1 69365 0 0.5 p5 7911 10
88 328694 m1 23494 0 0.5 p5 7915 10
149 329014 m6 49424 0.00999999978 0.5 p5 7919 10
181 336417 m6 52056 0.00999999978 0.5 p5 8014 10
189 336907 m6 52439 0.00999999978 0.5 p5 8020 10
58 338392 m3 10231 0.00999999978 0.5 p5 8039 10
258 340045 m2 74860 0 0.5 p5 8060 10
198 359035 m6 52740 0.00999999978 0.5 p5 8303 10
66 366398 m3 11284 0.00999999978 0.5 p5 8366 10
226 367931 m1 60522 0 0.5 p5 8379 10
298 387152 m1 90400 0 0.5 p5 8540 10
223 399753 m1 59814 0 0.5 p5 8647 10
300 408265 m1 90688 0 0.5 p5 8720 10
103 408278 m1 30446 0 0.5 p5 8720 10
114 409456 m1 37159 0 0.5 p5 8730 10
7 421477 m1 2915 0 0.5 p5 8833 10
70 426511 m1 12519 0 0.5 p5 8875 10
310 439781 m1 95130 0 0.5 p5 8988 10
224 443408 m1 60235 0 0.5 p5 9019 10
263 445436 m1 77657 0 0.5 p5 9036 10
152 445448 m6 49753 0.00999999978 0.5 p5 9036 10
196 448454 m6 52717 0.00999999978 0.5 p5 9062 10
61 450901 m3 10486 0.00999999978 0.5 p5 9083 10
100 463221 m1 30109 0 0.5 p5 9188 10
206 469979 m6 53509 0.00999999978 0.5 p5 9245 10
150 474057 m6 49438 0.00999999978 0.5 p5 9279 10
78 479659 m1 19038 0 0.5 p5 9327 10
227 526004 m1 60649 0 0.5 p5 9719 10
99 526377 m1 29113 0 0.5 p5 9722 10
22 532405 m3 7259 0.00999999978 0.5 p5 9774 10
148 541722 m6 49403 0.00999999978 0.5 p5 9853 10
30 547486 m2 7664 0 0.5 p5 9902 10
92 554862 m1 25557 0 0.5 p5 9965 10
266 555501 m1 78412 0 0.5 p5 9970 10
252 569399 m2 72891 0 0.5 p5 10076 10
275 570389 m1 81925 0 0.5 p5 10083 10
41 612987 m3 8991 0.00999999978 0.5 p5 10391 10
295 630637 m1 89501 0 0.5 p5 10521 10
157 652272 m6 49937 0.00999999978 0.5 p5 10678 10
303 654513 m1 92582 0 0.5 p5 10694 10
278 664207 m1 83292 0 0.5 p5 10765 10
318 667081 m1 98101 0 0.5 p5 10785 10
94 679980 m1 28050 0 0.5 p5 10879 10
124 693305 m1 39258 0 0.5 p5 10976 10
129 698646 m1 42375 0 0.5 p5 11014 10
162 700574 m6 50320 0.00999999978 0.5 p5 11028 10
153 706600 m6 49766 0.00999999978 0.5 p5 11071 10
104 718326 m1 31235 0 0.5 p5 11154 10
9 753950 m1 3329 0 0.5 p5 11414 10
29 770663 m3 7537 0.00999999978 0.5 p5 11535 10
217 778417 m1 57867 0 0.5 p5 11592 10
71 781889 m1 12924 0 0.5 p5 11617 10
183 785330 m6 52124 0.00999999978 0.5 p5 11642 10
25 790110 m3 7372 0.00999999978 0.5 p5 11676 10
272 791591 m1 81760 0 0.5 p5 11687 10
242 792869 m1 69158 0 0.5 p5 11696 10
302 816003 m1 92419 0 0.5 p5 11865 10
222 856271 m1 59795 0 0.5 p5 12154 10
249 857901 m1 72637 0 0.5 p5 12166 10
270 858877 m1 80647 0 0.5 p5 12173 10
166 879126 m6 50717 0.00999999978 0.5 p5 12321 10
111 885171 m1 35058 0 0.5 p5 12366 10
136 913473 m1 45448 0 0.5 p5 12571 10
49 913480 m3 9545 0.00999999978 0.5 p5 12571 10
169 914700 m6 50905 0.00999999978 0.5 p5 12580 10
261 958593 m7 76838 0 0.5 p5 12900 10
35 958744 m3 7832 0.00999999978 0.5 p5 12901 10
151 970097 m6 49682 0.00999999978 0.5 p5 12983 10
121 982576 m1 38645 0 0.5 p5 13074 10
246 991363 m1 70387 0 0.5 p5 13138 10
142 994308 m1 46818 0 0.5 p5 13159 10
200 998469 m6 52782 0.00999999978 0.5 p5 13190 10
304 999805 m1 93321 0 0.5 p5 13200 10
84 1009034 m1 22241 0 0.5 p5 13266 10
259 1022703 m7 76400 0 0.5 p5 13366 10
54 1024612 m3 9896 0.00999999978 0.5 p5 13380 10
125 1028772 m1 40206 0 0.5 p5 13410 10
314 1036709 m1 96810 0 0.5 p5 13467 10
59 1070544 m2 10291 0 0.5 p5 13714 10
93 1072740 m1 27802 0 0.5 p5 13730 10
228 1075787 m1 60932 0 0.5 p5 13752 10
64 1081559 m3 11102 0.00999999978 0.5 p5 13795 10
201 1089223 m2 52829 0 0.5 p5 13851 10
43 1105527 m3 9126 0.00999999978 0.5 p5 13968 10
239 1121968 m1 64854 0 0.5 p5 14087 10
182 1129018 m6 52063 0.00999999978 0.5 p5 14139 10
307 1129442 m1 93673 0 0.5 p5 14142 10
212 1145558 m1 56386 0 0.5 p5 14260 10
122 1147820 m1 38768 0 0.5 p5 14277 10
297 1157816 m1 89997 0 0.5 p5 14349 10
167 1171841 m6 50728 0.00999999978 0.5 p5 14450 10
322 1174435 m1 99636 0 0.5 p5 14469 10
74 1177665 m1 14526 0 0.5 p5 14492 10
118 1179121 m1 37927 0 0.5 p5 14503 10
276 1185947 m1 82072 0 0.5 p5 14553 10
65 1203019 m3 11250 0.00999999978 0.5 p5 14677 10
317 1236116 m1 97446 0 0.5 p5 14917 10
209 1244187 m1 55632 0 0.5 p5 14977 10
120 1249737 m1 38084 0 0.5 p5 15009 10
97 1250473 m1 28933 0 0.5 p5 15012 10
107 1263417 m1 32560 0 0.5 p5 15064 10
291 1272581 m1 88583 0 0.5 p5 15101 10
20 1286541 m3 7132 0.00999999978 0.5 p5 15158 10
57 1316470 m3 10212 0.00999999978 0.5 p5 15280 10
72 1352824 m1 13524 0 0.5 p5 15429 10
19 1358469 m3 7108 0.00999999978 0.5 p5 15452 10
119 1386091 m1 38064 0 0.5 p5 15562 10
208 1394545 m1 54714 0 0.5 p5 15595 10
33 1398397 m3 7745 0.00999999978 0.5 p5 15610 10
53 1410258 m3 9727 0.00999999978 0.5 p5 15657 10
290 1421641 m1 88327 0 0.5 p5 15702 10
134 1423455 m1 44715 0 0.5 p5 15709 10
145 1427764 m1 48151 0 0.5 p5 15726 10
207 1434282 m6 53662 0.00999999978 0.5 p5 15752 10
160 1518568 m6 50175 0.00999999978 0.5 p5 16077 10
87 1539248 m1 23477 0 0.5 p5 16157 10
313 1604956 m1 96566 0 0.5 p5 16410 10
24 1608202 m3 7321 0.00999999978 0.5 p5 16422 10
220 1642438 m1 59165 0 0.5 p5 16554 10
96 1651035 m1 28764 0 0.5 p5 16587 10
296 1695132 m1 89612 0 0.5 p5 16758 10
11 1696467 m1 4188 0 0.5 p5 16763 10
280 1710209 m1 83901 0 0.5 p5 16816 10
319 1731157 m1 98823 0 0.5 p5 16896 10
211 1774548 m1 56130 0 0.5 p5 17064 10
34 1787624 m3 7791 0.00999999978 0.5 p5 17114 10
38 1791558 m3 8644 0.00999999978 0.5 p5 17129 10
86 1793395 m1 23278 0 0.5 p5 17136 10
5 1806323 m1 2136 0 0.5 p5 17186 10
172 1813419 m6 51104 0.00999999978 0.5 p5 17213 10
219 1867741 m1 58178 0 0.5 p5 17423 10
39 1873885 m3 8692 0.00999999978 0.5 p5 17447 10
132 1876507 m1 43283 0 0.5 p5 17457 10
204 1953957 m2 52944 0 0.5 p5 17756 10
173 1955214 m6 51207 0.00999999978 0.5 p5 17761 10
144 1960611 m1 47499 0 0.5 p5 17782 10
248 1980887 m1 71493 0 0.5 p5 17860 10
82 1990404 m1 20586 0 0.5 p5 17897 10
112 1994825 m5 36613 0 0.5 p5 17914 10
158 2013034 m6 49945 0.00999999978 0.5 p5 17984 10
215 2049191 m1 57600 0 0.5 p5 18123 10
15 2087387 m1 5458 0 0.5 p5 18271 10
195 2095610 m6 52701 0.00999999978 0.5 p5 18302 10
265 2095611 m1 78237 0 0.5 p5 18302 10
31 2141481 m3 7679 0.00999999978 0.5 p5 18479 10
299 2145205 m1 90448 0 0.5 p5 18493 10
138 2157809 m1 45742 0 0.5 p5 18541 10
174 2186071 m6 51291 0.00999999978 0.5 p5 18650 10
40 2199469 m3 8708 0.00999999978 0.5 p5 18702 10
48 2244610 m3 9520 0.00999999978 0.5 p5 18878 10
306 2248319 m1 93615 0 0.5 p5 18892 10
131 2273995 m1 43194 0 0.5 p5 18992 10
271 2280049 m1 81035 0 0.5 p5 19015 10
143 2283692 m1 47377 0 0.5 p5 19029 10
73 2312899 m1 13891 0 0.5 p5 19142 10
161 2314175 m6 50258 0.00999999978 0.5 p5 19147 10
168 2328531 m6 50785 0.00999999978 0.5 p5 19202 10
269 2339162 m1 80349 0 0.5 p5 19243 10
238 2348345 m1 64220 0 0.5 p5 19278 10
18 2364281 m1 6700 0 0.5 p5 19339 10
115 2391879 m1 37557 0 0.5 p5 19445 10
308 2414900 m1 93753 0 0.5 p5 19534 10
146 2441505 m1 48375 0 0.5 p5 19637 10
156 2484469 m6 49852 0.00999999978 0.5 p5 19804 10
3 2499024 m1 1369 0 0.5 p5 19861 10
274 2559711 m1 81890 0 0.5 p5 20054 10
26 2560186 m3 7398 0.00999999978 0.5 p5 20055 10
177 2627115 m6 51737 0.00999999978 0.5 p5 20202 10
254 2672493 m7 73010 0 0.5 p5 20301 10
126 2726881 m1 40472 0 0.5 p5 20420 10
257 2735465 m2 74842 0 0.5 p5 20439 10
36 2792161 m3 8005 0.00999999978 0.5 p5 20563 10
194 2852872 m6 52569 0.00999999978 0.5 p5 20695 10
170 2863436 m6 50915 0.00999999978 0.5 p5 20718 10
312 2893317 m1 95868 0 0.5 p5 20783 10
133 2894200 m1 43926 0 0.5 p5 20785 10
63 2937245 m3 11081 0.00999999978 0.5 p5 20879 10
85 2944975 m1 22277 0 0.5 p5 20896 10
205 3059011 m6 53315 0.00999999978 0.5 p5 21146 10
51 3114594 m3 9610 0.00999999978 0.5 p5 21268 10
45 3185567 m2 9185 0 0.5 p5 21424 10
89 3197432 m1 24127 0 0.5 p5 21450 10
175 3243883 m6 51315 0.00999999978 0.5 p5 21552 10
52 3245264 m3 9626 0.00999999978 0.5 p5 21555 10
309 3268493 m1 94665 0 0.5 p5 21606 10
288 3292795 m8 86798 0 0.5 p5 21659 10
191 3322320 m6 52472 0.00999999978 0.5 p5 21724 10
301 3329256 m1 92396 0 0.5 p5 21739 10
32 3343875 m3 7717 0.00999999978 0.5 p5 21771 10
128 3359882 m1 41947 0 0.5 p5 21806 10
305 3362219 m1 93570 0 0.5 p5 21811 10
316 3369432 m1 97275 0 0.5 p5 21827 10
232 3409727 m1 62937 0 0.5 p5 21915 10
293 3487739 m1 89250 0 0.5 p5 22086 10
193 3594884 m6 52556 0.00999999978 0.5 p5 22320 10
123 3603944 m1 39005 0 0.5 p5 22340 10
47 3640546 m3 9513 0.00999999978 0.5 p5 22421 10
113 3719236 m2 36852 0 0.5 p5 22594 10
186 3753152 m6 52355 0.00999999978 0.5 p5 22668 10
139 3763921 m1 46153 0 0.5 p5 22692 10
165 3792471 m6 50645 0.00999999978 0.5 p5 22755 10
154 3916936 m6 49783 0.00999999978 0.5 p5 23028 10
17 3926902 m1 6028 0 0.5 p5 23050 10
67 3953542 m3 11356 0.00999999978 0.5 p5 23109 10
155 3978552 m6 49799 0.00999999978 0.5 p5 23164 10
214 4018521 m1 56916 0 0.5 p5 23252 10
141 4093357 m1 46443 0 0.5 p5 23416 10
199 4113424 m6 52747 0.00999999978 0.5 p5 23460 10
23 4128923 m3 7285 0.00999999978 0.5 p5 23494 10
218 4165415 m1 57890 0 0.5 p5 23574 10
203 4207678 m6 52911 0.00999999978 0.5 p5 23666 10
292 4225681 m1 88762 0 0.5 p5 23706 10
75 4229749 m2 14950 0 0.5 p5 23715 10
237 4238038 m1 63899 0 0.5 p5 23733 8
187 4240341 m6 52373 0.00999999978 0.5 p5 23738 10
340 4261795 m1 99659 0 0.5 p5 23785 2
13 4270210 m1 4619 0 0.5 p5 23803 10
147 4317545 m6 49238 0.00999999978 0.5 p5 23907 10
46 4358744 m3 9480 0.00999999978 0.5 p5 23997 10
76 4371945 m1 17698 0 0.5 p5 24026 10
184 4390506 m2 52201 0 0.5 p5 24067 8
285 4393243 m2 85505 0 0.5 p5 24073 8
14 4429776 m1 5121 0 0.5 p5 24153 8
339 4438368 m1 92849 0 0.5 p5 24172 2
55 4452021 m3 10060 0.00999999978 0.5 p5 24202 8
337 4552761 m7 72805 0 0.5 p5 24423 2
336 4556917 m1 62567 0 0.5 p5 24432 2
324 4571421 m1 26599 0 0.5 p5 24464 5
323 4581390 m3 7076 0.00999999978 0.5 p5 24486 5
216 4603737 m1 57818 0 0.5 p5 24535 3
341 4618284 m3 11204 0.00999999978 0.5 p5 24567 3
352 4623299 m1 58676 0 0.5 p5 24578 2
329 4635381 m1 38984 0 0.5 p5 24604 2
332 4639461 m1 48303 0 0.5 p5 24613 2
334 4645857 m6 53500 0.00999999978 0.5 p5 24627 2
328 4647227 m1 27472 0 0.5 p5 24630 2
349 4648597 m1 28093 0 0.5 p5 24633 1
348 4660387 m1 655 0 0.5 p5 24659 1
90 4671822 m1 24272 0 0.5 p5 24684 2
333 4693114 m2 51891 0 0.5 p5 24731 2
345 4695911 m8 84659 0 0.5 p5 24737 1
37 4695912 m2 8314 0 0.5 p5 24737 2
268 4695913 m1 79413 0 0.5 p5 24737 2
350 4716036 m7 73554 0 0.5 p5 24781 1
80 4719705 m1 19166 0 0.5 p5 24789 2
331 4722932 m1 44865 0 0.5 p5 24796 2
343 4725117 m1 31267 0 0.5 p5 24801 1
273 4732684 m1 81812 0 0.5 p5 24818 1
327 4736716 m1 14054 0 0.5 p5 24827 2
342 4738036 m1 11966 0 0.5 p5 24830 1
338 4741656 m7 76797 0 0.5 p5 24838 2
60 4744726 m3 10408 0.00999999978 0.5 p5 24845 2
353 4747772 m1 25838 0 0.5 p5 24852 1
335 4766898 m1 60822 0 0.5 p5 24896 2
325 4770553 m1 34394 0 0.5 p5 24904 2
330 4773540 m1 39283 0 0.5 p5 24911 2
346 4781875 m1 1329 0 0.5 p5 24930 1
197 4782777 m2 52739 0 0.5 p5 24932 2
351 4789703 m2 84901 0 0.5 p5 24948 1
326 4791385 m1 37853 0 0.5 p5 24952 1
347 4806750 m7 74845 0 0.5 p5 24987 1
229 4807626 m1 61464 0 0.5 p5 24989 1
344 4812460 m1 71654 0 0.5 p5 25000 1
Genomes:
p5:0 A 0 1 2 3 4 5 6 7 8 9 10 11 12 13 14 15 16 17 18 19 20 21 22 23 24 25 26 27 28 29 30 31 32 33 34 35 36 37 38 39 40 41 42 43 44 45 46 47 48 49 50 51 52 53 54 55 56 57 58 59 60 61 62 63 64 65 66 67 68 69 70 71 72 73 74 75 76 77 78 79 80 81 82 83 84 85 86 87 88 89 90 91 92 93 94 95 96 97 98 99 100 101 102 103 104 105 106 107 108 109 110 111 112 113 114 115 116 117 118 119 120 121 122 123 124 125 126 127 128 129 130 131 132 133 134 135 136 137 138 139 140 141 142 143 144 145 146 147 148 149 150 151 152 153 154 155 156 157 158 159 160 161 162 163 164 165 166 167 168 169 170 171 172 173 174 175 176 177 178 179 180 181 182 183 184 185 186 187 188 189 190 191 192 193 194 195 196 197 198 199 200 201 202 203 204 205 206 207 208 209 210 211 212 213 214 215 216 217 218 219 220 221 222 223 224 225 226 227 228 229 230 231 232 233 234 235 236 237 238 239 240 241 242 243 244 245 246 247 248 249 250 251 252 253 254 255 256 257 258 259 260 261 262 263 264 265 266 267 268 269 270 271 272 273 274 275 276 277 278 279 280 281 282 283 284 285 286 287 288 289 290 291 292 293 294 295 296 297 298 299 300 301 302 303 304 305 306 307 308 309 310 311 312 313 314 315 316 317 318 319 320 321 322
p5:1 A 0 1 2 3 4 5 6 7 8 9 10 11 12 13 14 15 16 17 18 323 19 20 21 22 23 24 25 26 27 28 29 30 31 32 33 34 35 36 38 39 40 41 42 43 44 45 46 47 48 49 50 51 52 53 54 55 56 57 58 59 61 62 63 64 65 66 67 68 69 70 71 72 73 74 75 76 77 78 79 81 82 83 84 85 86 87 88 89 91 92 324 93 94 95 96 97 98 99 100 101 102 103 104 105 106 107 108 109 325 110 111 112 113 114 115 116 326 117 118 119 120 121 122 123 124 125 126 127 128 129 130 131 132 133 134 135 136 137 138 139 140 141 142 143 144 145 146 147 148 149 150 151 152 153 154 155 156 157 158 159 160 161 162 163 164 165 166 167 168 169 170 171 172 173 174 175 176 177 178 179 180 181 182 183 184 185 186 187 188 189 190 191 192 193 194 195 196 198 199 200 201 202 203 204 205 206 207 208 209 210 211 212 213 214 215 217 218 219 220 221 222 223 224 225 226 227 228 230 231 232 233 234 235 236 237 238 239 240 241 242 243 244 245 246 247 248 249 250 251 252 253 254 255 256 257 258 259 260 261 262 263 264 265 266 267 269 270 271 272 274 275 276 277 278 279 280 281 282 283 284 285 286 287 288 289 290 291 292 293 294 295 296 297 298 299 300 301 302 303 304 305 306 307 308 309 310 311 312 313 314 315 316 317 318 319 320 321 322
p5:2 A 0 1 2 3 4 5 6 7 8 9 10 11 12 13 15 16 17 18 19 20 21 22 23 24 25 26 27 28 29 30 31 32 33 34 35 36 38 39 40 41 42 43 44 45 46 47 48 49 50 51 52 53 54 56 57 58 59 61 62 63 64 65 66 67 68 69 70 71 72 73 327 74 75 76 77 78 79 81 82 83 84 85 86 87 88 89 91 92 328 93 94 95 96 97 98 99 100 101 102 103 104 105 106 107 108 109 110 111 112 113 114 115 116 117 118 119 120 121 122 329 123 124 330 125 126 127 128 129 130 131 132 133 134 331 135 136 137 138 139 140 141 142 143 144 145 332 146 147 148 149 150 151 152 153 154 155 156 157 158 159 160 161 162 163 164 165 166 167 168 169 170 171 172 173 174 175 176 177 178 179 333 180 181 182 183 185 186 187 188 189 190 191 192 193 194 195 196 198 199 200 201 202 203 204 205 334 206 207 208 209 210 211 212 213 214 215 217 218 219 220 221 222 223 224 225 226 227 335 228 230 231 336 232 233 234 235 236 238 239 240 241 242 243 244 245 246 247 248 249 250 337 251 252 253 254 255 256 257 258 259 260 338 261 262 263 264 265 266 267 269 270 271 272 274 275 276 277 278 279 280 281 282 283 284 286 287 288 289 290 291 292 293 294 295 296 297 298 299 300 301 302 303 339 304 305 306 307 308 309 310 311 312 313 314 315 316 317 318 319 320 321 322 340
p5:3 A 0 1 2 3 4 5 6 7 8 9 10 11 12 13 14 15 16 17 18 19 20 21 22 23 24 25 26 27 28 29 30 31 32 33 34 35 36 37 38 39 40 41 42 43 44 45 46 47 48 49 50 51 52 53 54 55 56 57 58 59 60 61 62 63 64 65 66 67 68 69 70 71 72 73 74 75 76 77 78 79 80 81 82 83 84 85 86 87 88 89 90 91 92 93 94 95 96 97 98 99 100 101 102 103 104 105 106 107 108 109 110 111 112 113 114 115 116 117 118 119 120 121 122 123 124 125 126 127 128 129 130 131 132 133 134 135 136 137 138 139 140 141 142 143 144 145 146 147 148 149 150 151 152 153 154 155 156 157 158 159 160 161 162 163 164 165 166 167 168 169 170 171 172 173 174 175 176 177 178 179 180 181 182 183 184 185 186 187 188 189 190 191 192 193 194 195 196 197 198 199 200 201 202 203 204 205 206 207 208 209 210 211 212 213 214 215 216 217 218 219 220 221 222 223 224 225 226 227 228 230 231 232 233 234 235 236 237 238 239 240 241 242 243 244 245 246 247 248 249 250 251 252 253 254 255 256 257 258 259 260 261 262 263 264 265 266 267 268 269 270 271 272 274 275 276 277 278 279 280 281 282 283 284 285 286 287 288 289 290 291 292 293 294 295 296 297 298 299 300 301 302 303 304 305 306 307 308 309 310 311 312 313 314 315 316 317 318 319 320 321 322
p5:4 A 0 1 2 3 4 5 6 7 8 9 10 11 12 13 14 15 16 17 18 323 19 20 21 22 23 24 25 26 27 28 29 30 31 32 33 34 35 36 38 39 40 41 42 43 44 45 46 47 48 49 50 51 52 53 54 55 56 57 58 59 61 62 63 64 341 65 66 67 68 69 342 70 71 72 73 74 75 76 77 78 79 81 82 83 84 85 86 87 88 89 91 92 324 93 94 95 96 97 98 99 100 101 102 103 104 343 105 106 107 108 109 110 111 112 113 114 115 116 117 118 119 120 121 122 123 124 125 126 127 128 129 130 131 132 133 134 135 136 137 138 139 140 141 142 143 144 145 146 147 148 149 150 151 152 153 154 155 156 157 158 159 160 161 162 163 164 165 166 167 168 169 170 171 172 173 174 175 176 177 178 179 180 181 182 183 184 185 186 187 188 189 190 191 192 193 194 195 196 198 199 200 201 202 203 204 205 206 207 208 209 210 211 212 213 214 215 217 218 219 220 221 222 223 224 225 226 227 228 230 231 232 233 234 235 236 237 238 239 240 241 242 243 244 245 246 247 248 344 249 250 251 252 253 254 255 256 257 258 259 260 261 262 263 264 265 266 267 269 270 271 272 274 275 276 277 278 279 280 281 345 282 283 284 285 286 287 288 289 290 291 292 293 294 295 296 297 298 299 300 301 302 303 304 305 306 307 308 309 310 311 312 313 314 315 316 317 318 319 320 321 322
p5:5 A 0 1 2 346 3 4 5 6 7 8 9 10 11 12 13 14 15 16 17 18 323 19 20 21 22 23 24 25 26 27 28 29 30 31 32 33 34 35 36 38 39 40 41 42 43 44 45 46 47 48 49 50 51 52 53 54 55 56 57 58 59 61 62 63 64 65 66 67 68 69 70 71 72 73 74 75 76 77 78 79 81 82 83 84 85 86 87 88 89 91 92 324 93 94 95 96 97 98 99 100 101 102 103 104 105 106 107 108 109 325 110 111 112 113 114 115 116 117 118 119 120 121 122 123 124 125 126 127 128 129 130 131 132 133 134 135 136 137 138 139 140 141 142 143 144 145 146 147 148 149 150 151 152 153 154 155 156 157 158 159 160 161 162 163 164 165 166 167 168 169 170 171 172 173 174 175 176 177 178 179 180 181 182 183 184 185 186 187 188 189 190 191 192 193 194 195 196 198 199 200 201 202 203 204 205 206 207 208 209 210 211 212 213 214 215 217 218 219 220 221 222 223 224 225 226 227 228 230 231 232 233 234 235 236 237 238 239 240 241 242 243 244 245 246 247 248 249 250 251 252 253 254 255 256 257 347 258 259 260 261 262 263 264 265 266 267 269 270 271 272 274 275 276 277 278 279 280 281 282 283 284 285 286 287 288 289 290 291 292 293 294 295 296 297 298 299 300 301 302 303 304 305 306 307 308 309 310 311 312 313 314 315 316 317 318 319 320 321 322
p5:6 A 0 1 348 2 3 4 5 6 7 8 9 10 11 12 13 14 15 16 17 18 19 20 21 22 23 24 25 26 27 28 29 30 31 32 33 34 35 36 38 39 40 41 42 43 44 45 46 47 48 49 50 51 52 53 54 55 56 57 58 59 61 62 63 64 65 66 67 68 69 70 71 72 73 74 75 76 77 78 79 81 82 83 84 85 86 87 88 89 91 92 93 94 349 95 96 97 98 99 100 101 102 103 104 105 106 107 108 109 110 111 112 113 114 115 116 117 118 119 120 121 122 123 124 125 126 127 128 129 130 131 132 133 134 135 136 137 138 139 140 141 142 143 144 145 146 147 148 149 150 151 152 153 154 155 156 157 158 159 160 161 162 163 164 165 166 167 168 169 170 171 172 173 174 175 176 177 178 179 180 181 182 183 184 185 186 187 188 189 190 191 192 193 194 195 196 198 199 200 201 202 203 204 205 206 207 208 209 210 211 212 213 214 215 216 217 218 219 220 221 222 223 224 225 226 227 228 230 231 232 233 234 235 236 237 238 239 240 241 242 243 244 245 246 247 248 249 250 251 252 253 254 350 255 256 257 258 259 260 261 262 263 264 265 266 267 269 270 271 272 274 275 276 277 278 279 280 281 351 282 283 284 285 286 287 288 289 290 291 292 293 294 295 296 297 298 299 300 301 302 303 304 305 306 307 308 309 310 311 312 313 314 315 316 317 318 319 320 321 322
p5:7 A 0 1 2 3 4 5 6 7 8 9 10 11 12 13 15 16 17 18 19 20 21 22 23 24 25 26 27 28 29 30 31 32 33 34 35 36 38 39 40 41 42 43 44 45 46 47 48 49 50 51 52 53 54 56 57 58 59 61 62 63 64 65 66 67 68 69 70 71 72 73 327 74 75 76 77 78 79 81 82 83 84 85 86 87 88 89 91 92 328 93 94 95 96 97 98 99 100 101 102 103 104 105 106 107 108 109 110 111 112 113 114 115 116 117 118 119 120 121 122 329 123 124 330 125 126 127 128 129 130 131 132 133 134 331 135 136 137 138 139 140 141 142 143 144 145 332 146 147 148 149 150 151 152 153 154 155 156 157 158 159 160 161 162 163 164 165 166 167 168 169 170 171 172 173 174 175 176 177 178 179 333 180 181 182 183 185 186 187 188 189 190 191 192 193 194 195 196 198 199 200 201 202 203 204 205 334 206 207 208 209 210 211 212 213 214 215 217 218 219 220 221 222 223 224 225 226 227 335 228 230 231 336 232 233 234 235 236 238 239 240 241 242 243 244 245 246 247 248 249 250 337 251 252 253 254 255 256 257 258 259 260 338 261 262 263 264 265 266 267 269 270 271 272 274 275 276 277 278 279 280 281 282 283 284 286 287 288 289 290 291 292 293 294 295 296 297 298 299 300 301 302 303 339 304 305 306 307 308 309 310 311 312 313 314 315 316 317 318 319 320 321 322 340
p5:8 A 0 1 2 3 4 5 6 7 8 9 10 11 12 13 14 15 16 17 18 323 19 20 21 22 23 24 25 26 27 28 29 30 31 32 33 34 35 36 38 39 40 41 42 43 44 45 46 47 48 49 50 51 52 53 54 55 56 57 58 59 61 62 63 64 341 65 66 67 68 69 70 71 72 73 74 75 76 77 78 79 81 82 83 84 85 86 87 88 89 91 92 324 93 94 95 96 97 98 99 100 101 102 103 104 105 106 107 108 109 110 111 112 113 114 115 116 117 118 119 120 121 122 123 124 125 126 127 128 129 130 131 132 133 134 135 136 137 138 139 140 141 142 143 144 145 146 147 148 149 150 151 152 153 154 155 156 157 158 159 160 161 162 163 164 165 166 167 168 169 170 171 172 173 174 175 176 177 178 179 180 181 182 183 184 185 186 187 188 189 190 191 192 193 194 195 196 198 199 200 201 202 203 204 205 206 207 208 209 210 211 212 213 214 215 217 218 219 352 220 221 222 223 224 225 226 227 228 230 231 232 233 234 235 236 237 238 239 240 241 242 243 244 245 246 247 248 249 250 251 252 253 254 255 256 257 258 259 260 261 262 263 264 265 266 267 269 270 271 272 274 275 276 277 278 279 280 281 282 283 284 285 286 287 288 289 290 291 292 293 294 295 296 297 298 299 300 301 302 303 304 305 306 307 308 309 310 311 312 313 314 315 316 317 318 319 320 321 322
p5:9 A 0 1 2 3 4 5 6 7 8 9 10 11 12 13 14 15 16 17 18 323 19 20 21 22 23 24 25 26 27 28 29 30 31 32 33 34 35 36 38 39 40 41 42 43 44 45 46 47 48 49 50 51 52 53 54 55 56 57 58 59 61 62 63 64 341 65 66 67 68 69 70 71 72 73 74 75 76 77 78 79 81 82 83 84 85 86 87 88 89 91 92 353 324 93 94 95 96 97 98 99 100 101 102 103 104 105 106 107 108 109 110 111 112 113 114 115 116 117 118 119 120 121 122 123 124 125 126 127 128 129 130 131 132 133 134 135 136 137 138 139 140 141 142 143 144 145 146 147 148 149 150 151 152 153 154 155 156 157 158 159 160 161 162 163 164 165 166 167 168 169 170 171 172 173 174 175 176 177 178 179 180 181 182 183 184 185 186 187 188 189 190 191 192 193 194 195 196 198 199 200 201 202 203 204 205 206 207 208 209 210 211 212 213 214 215 217 218 219 352 220 221 222 223 224 225 226 227 228 230 231 232 233 234 235 236 237 238 239 240 241 242 243 244 245 246 247 248 249 250 251 252 253 254 255 256 257 258 259 260 261 262 263 264 265 266 267 269 270 271 272 274 275 276 277 278 279 280 281 282 283 284 285 286 287 288 289 290 291 292 293 294 295 296 297 298 299 300 301 302 303 304 305 306 307 308 309 310 311 312 313 314 315 316 317 318 319 320 321 322
