#OUT: 25000 SS p1 10 /Users/josephzou/Desktop/Sample_data/CA-p1-Sample.txt
Mutations:
286 22872 m1 83896 0 0.5 p1 1147 10
273 24247 m1 78776 0 0.5 p1 1217 10
238 27886 m1 67063 0 0.5 p1 1400 10
256 36205 m7 74548 0 0.5 p1 1822 10
232 37753 m1 63630 0 0.5 p1 1897 10
212 46768 m1 56628 0 0.5 p1 2343 10
258 49565 m7 74748 0 0.5 p1 2481 10
295 54734 m2 86638 0 0.5 p1 2739 10
229 55790 m1 62993 0 0.5 p1 2792 10
109 58834 m1 34504 0 0.5 p1 2951 10
19 59599 m3 7494 0.00999999978 0.5 p1 2988 10
105 63257 m1 33798 0 0.5 p1 3177 10
60 65347 m1 12995 0 0.5 p1 3282 10
223 67133 m1 60240 0 0.5 p1 3339 10
58 69046 m1 11815 0 0.5 p1 3390 10
26 70148 m3 7930 0.00999999978 0.5 p1 3420 10
288 72285 m1 84290 0 0.5 p1 3478 10
66 75077 m1 18557 0 0.5 p1 3553 10
253 76654 m7 72813 0 0.5 p1 3597 10
9 76767 m1 2892 0 0.5 p1 3600 10
61 77445 m1 13336 0 0.5 p1 3618 10
169 79530 m6 50353 0.00999999978 0.5 p1 3678 10
108 80808 m1 34261 0 0.5 p1 3713 10
220 82220 m1 59644 0 0.5 p1 3751 10
280 82853 m1 82303 0 0.5 p1 3769 10
30 93796 m2 8429 0 0.5 p1 4068 10
181 94191 m6 51765 0.00999999978 0.5 p1 4078 10
247 94229 m1 70249 0 0.5 p1 4079 10
31 94899 m3 8452 0.00999999978 0.5 p1 4097 10
263 99690 m2 76517 0 0.5 p1 4229 10
191 101988 m6 52390 0.00999999978 0.5 p1 4293 10
80 103276 m1 23325 0 0.5 p1 4328 10
314 104339 m1 96930 0 0.5 p1 4358 10
143 105636 m1 46096 0 0.5 p1 4393 10
73 108000 m1 19858 0 0.5 p1 4458 10
187 114287 m6 52042 0.00999999978 0.5 p1 4633 10
78 115636 m1 22899 0 0.5 p1 4669 10
8 119203 m1 2732 0 0.5 p1 4764 10
92 119465 m1 28894 0 0.5 p1 4772 10
43 119477 m3 9653 0.00999999978 0.5 p1 4772 10
268 121492 m1 77459 0 0.5 p1 4829 10
227 121719 m1 62450 0 0.5 p1 4835 10
127 123678 m1 42063 0 0.5 p1 4887 10
75 124441 m1 20309 0 0.5 p1 4907 10
261 130777 m2 75577 0 0.5 p1 5048 10
133 139001 m1 44105 0 0.5 p1 5182 10
152 141123 m6 49322 0.00999999978 0.5 p1 5217 10
82 141182 m1 24678 0 0.5 p1 5218 10
176 142322 m6 51224 0.00999999978 0.5 p1 5236 10
139 142467 m1 45302 0 0.5 p1 5238 10
25 147025 m3 7798 0.00999999978 0.5 p1 5312 10
94 153264 m1 29687 0 0.5 p1 5414 10
285 155714 m1 83694 0 0.5 p1 5454 10
56 167197 m3 11451 0.00999999978 0.5 p1 5642 10
320 172118 m1 99757 0 0.5 p1 5722 10
38 178109 m3 9306 0.00999999978 0.5 p1 5819 10
90 181719 m1 27765 0 0.5 p1 5878 10
121 207012 m1 40300 0 0.5 p1 6294 10
99 208078 m1 31480 0 0.5 p1 6311 10
240 210121 m1 67924 0 0.5 p1 6344 10
317 210582 m1 98194 0 0.5 p1 6351 10
235 216052 m1 65119 0 0.5 p1 6439 10
84 216361 m1 25210 0 0.5 p1 6444 10
17 228750 m3 7393 0.00999999978 0.5 p1 6634 10
53 233174 m3 10647 0.00999999978 0.5 p1 6691 10
136 236237 m1 44613 0 0.5 p1 6731 10
1 246726 m1 255 0 0.5 p1 6867 10
312 253203 m1 94595 0 0.5 p1 6951 10
257 256010 m7 74605 0 0.5 p1 6987 10
264 263608 m7 76663 0 0.5 p1 7084 10
234 266761 m1 64855 0 0.5 p1 7123 10
110 269244 m1 35027 0 0.5 p1 7155 10
201 270368 m1 54436 0 0.5 p1 7169 10
206 271039 m1 54986 0 0.5 p1 7178 10
51 279215 m3 10308 0.00999999978 0.5 p1 7283 10
161 290006 m6 49647 0.00999999978 0.5 p1 7422 10
131 292411 m1 43789 0 0.5 p1 7453 10
242 298998 m1 68154 0 0.5 p1 7538 10
190 305373 m6 52322 0.00999999978 0.5 p1 7619 10
134 308919 m1 44113 0 0.5 p1 7664 10
225 314867 m1 62162 0 0.5 p1 7740 10
12 315052 m1 6118 0 0.5 p1 7742 10
65 316984 m2 15374 0 0.5 p1 7767 10
87 321211 m1 27140 0 0.5 p1 7820 10
111 326538 m1 35265 0 0.5 p1 7889 10
274 335515 m1 79851 0 0.5 p1 8004 10
239 336694 m1 67301 0 0.5 p1 8018 10
189 340515 m6 52291 0.00999999978 0.5 p1 8067 10
205 346392 m1 54938 0 0.5 p1 8144 10
249 347935 m1 70402 0 0.5 p1 8164 10
103 358737 m1 32647 0 0.5 p1 8301 10
140 362889 m1 45347 0 0.5 p1 8336 10
64 366688 m1 14013 0 0.5 p1 8369 10
218 378799 m1 58899 0 0.5 p1 8470 10
18 379987 m3 7427 0.00999999978 0.5 p1 8480 10
292 380340 m8 86356 0 0.5 p1 8483 10
162 392858 m6 49797 0.00999999978 0.5 p1 8589 10
93 409288 m1 29314 0 0.5 p1 8729 10
33 409642 m3 8749 0.00999999978 0.5 p1 8732 10
202 422011 m1 54728 0 0.5 p1 8838 10
302 427062 m1 89774 0 0.5 p1 8880 10
300 446211 m1 88497 0 0.5 p1 9043 10
4 450341 m1 820 0 0.5 p1 9079 10
172 450481 m6 51155 0.00999999978 0.5 p1 9080 10
221 453078 m1 59718 0 0.5 p1 9102 10
138 466565 m1 45090 0 0.5 p1 9217 10
248 476007 m1 70401 0 0.5 p1 9296 10
252 476548 m1 71329 0 0.5 p1 9301 10
306 488514 m1 91088 0 0.5 p1 9402 10
132 495664 m1 43925 0 0.5 p1 9464 10
20 499879 m3 7570 0.00999999978 0.5 p1 9500 10
0 504098 m1 78 0 0.5 p1 9536 10
290 506126 m8 85039 0 0.5 p1 9553 10
104 508271 m1 33551 0 0.5 p1 9571 10
69 519875 m1 19090 0 0.5 p1 9668 10
34 533046 m3 8755 0.00999999978 0.5 p1 9780 10
185 539556 m6 51994 0.00999999978 0.5 p1 9835 10
250 565576 m1 70595 0 0.5 p1 10048 10
321 569619 m1 99907 0 0.5 p1 10078 10
284 590175 m1 83647 0 0.5 p1 10227 10
291 600124 m8 85485 0 0.5 p1 10299 10
24 604475 m3 7797 0.00999999978 0.5 p1 10330 10
259 605444 m2 75103 0 0.5 p1 10337 10
243 606133 m1 68299 0 0.5 p1 10342 10
150 617545 m6 49189 0.00999999978 0.5 p1 10425 10
211 648315 m1 56307 0 0.5 p1 10650 10
76 668772 m1 21497 0 0.5 p1 10798 10
126 668774 m1 41656 0 0.5 p1 10798 10
98 674916 m1 31457 0 0.5 p1 10842 10
35 687358 m3 8818 0.00999999978 0.5 p1 10933 10
37 697476 m3 9091 0.00999999978 0.5 p1 11006 10
215 702984 m1 57740 0 0.5 p1 11046 10
22 715650 m3 7645 0.00999999978 0.5 p1 11136 10
145 718401 m1 47002 0 0.5 p1 11155 10
114 738245 m5 36221 0 0.5 p1 11300 10
198 757624 m6 53488 0.00999999978 0.5 p1 11442 10
137 769108 m1 44858 0 0.5 p1 11524 10
313 771957 m1 95922 0 0.5 p1 11545 10
5 781506 m1 1107 0 0.5 p1 11615 10
308 781948 m1 91803 0 0.5 p1 11618 10
230 788369 m1 63255 0 0.5 p1 11664 10
157 798208 m6 49463 0.00999999978 0.5 p1 11735 10
102 799294 m1 32322 0 0.5 p1 11743 10
79 805629 m1 22921 0 0.5 p1 11790 10
42 809458 m3 9521 0.00999999978 0.5 p1 11818 10
91 809733 m1 28381 0 0.5 p1 11820 10
97 810801 m1 31201 0 0.5 p1 11828 10
167 814963 m6 50262 0.00999999978 0.5 p1 11858 10
10 816637 m1 3096 0 0.5 p1 11870 10
318 823951 m1 98528 0 0.5 p1 11923 10
63 854313 m1 13982 0 0.5 p1 12140 10
319 871097 m1 99621 0 0.5 p1 12263 10
81 877513 m1 23733 0 0.5 p1 12310 10
156 879880 m6 49440 0.00999999978 0.5 p1 12327 10
214 890286 m1 57385 0 0.5 p1 12403 10
197 896222 m6 53243 0.00999999978 0.5 p1 12446 10
89 899704 m1 27531 0 0.5 p1 12471 10
7 905831 m1 2700 0 0.5 p1 12516 10
36 908581 m3 9075 0.00999999978 0.5 p1 12536 10
120 920687 m1 39618 0 0.5 p1 12624 10
269 961865 m1 77900 0 0.5 p1 12924 10
130 966797 m1 43642 0 0.5 p1 12960 10
45 970167 m3 9756 0.00999999978 0.5 p1 12984 10
293 971091 m8 86383 0 0.5 p1 12991 10
165 985900 m2 50206 0 0.5 p1 13099 10
213 991037 m1 57361 0 0.5 p1 13136 10
171 1005448 m6 51112 0.00999999978 0.5 p1 13241 10
116 1037517 m1 37507 0 0.5 p1 13473 10
199 1045090 m1 53854 0 0.5 p1 13528 10
265 1045234 m2 76725 0 0.5 p1 13529 10
147 1049128 m1 48219 0 0.5 p1 13559 10
182 1066352 m6 51813 0.00999999978 0.5 p1 13684 10
119 1066724 m1 38836 0 0.5 p1 13687 10
226 1071548 m1 62388 0 0.5 p1 13722 10
173 1080935 m6 51198 0.00999999978 0.5 p1 13791 10
204 1084082 m1 54755 0 0.5 p1 13814 10
277 1084083 m1 81584 0 0.5 p1 13814 10
83 1094802 m1 24833 0 0.5 p1 13892 10
163 1097387 m6 50105 0.00999999978 0.5 p1 13911 10
52 1118023 m3 10497 0.00999999978 0.5 p1 14059 10
192 1129091 m6 52907 0.00999999978 0.5 p1 14140 10
117 1146159 m1 38437 0 0.5 p1 14265 10
113 1164148 m5 35549 0 0.5 p1 14395 10
54 1177189 m3 10803 0.00999999978 0.5 p1 14489 10
282 1179448 m1 83381 0 0.5 p1 14506 10
209 1200402 m1 55522 0 0.5 p1 14659 10
158 1213396 m6 49470 0.00999999978 0.5 p1 14754 10
59 1220385 m1 12336 0 0.5 p1 14804 10
41 1308152 m3 9516 0.00999999978 0.5 p1 15246 10
96 1311074 m1 30656 0 0.5 p1 15258 10
128 1312026 m1 42140 0 0.5 p1 15262 10
11 1357133 m1 4285 0 0.5 p1 15447 10
170 1381939 m6 50362 0.00999999978 0.5 p1 15546 10
307 1419774 m1 91204 0 0.5 p1 15695 10
106 1440043 m1 33928 0 0.5 p1 15775 10
246 1450738 m1 70176 0 0.5 p1 15816 10
148 1463711 m1 48341 0 0.5 p1 15866 10
311 1492089 m1 93219 0 0.5 p1 15975 10
255 1493327 m7 74293 0 0.5 p1 15980 10
142 1499386 m1 45611 0 0.5 p1 16003 10
39 1513753 m3 9378 0.00999999978 0.5 p1 16059 10
125 1542224 m1 41463 0 0.5 p1 16169 10
154 1555023 m2 49379 0 0.5 p1 16218 10
48 1565649 m3 9917 0.00999999978 0.5 p1 16259 10
310 1566191 m1 92840 0 0.5 p1 16261 10
287 1573470 m1 84238 0 0.5 p1 16289 10
74 1582258 m1 19961 0 0.5 p1 16323 10
251 1601529 m1 70756 0 0.5 p1 16397 10
231 1603371 m1 63452 0 0.5 p1 16404 10
6 1605401 m1 1769 0 0.5 p1 16412 10
188 1616176 m6 52145 0.00999999978 0.5 p1 16453 10
194 1618328 m6 52908 0.00999999978 0.5 p1 16461 10
2 1621621 m1 287 0 0.5 p1 16474 10
164 1626007 m6 50131 0.00999999978 0.5 p1 16491 10
28 1640587 m3 8095 0.00999999978 0.5 p1 16547 10
153 1664988 m6 49362 0.00999999978 0.5 p1 16641 10
260 1667752 m7 75481 0 0.5 p1 16652 10
123 1675524 m1 40695 0 0.5 p1 16682 10
200 1687871 m1 54190 0 0.5 p1 16730 10
72 1695591 m1 19407 0 0.5 p1 16760 10
276 1710382 m1 81269 0 0.5 p1 16817 10
141 1724911 m1 45417 0 0.5 p1 16872 10
236 1749209 m1 65180 0 0.5 p1 16966 10
195 1753098 m6 53205 0.00999999978 0.5 p1 16981 10
159 1768950 m6 49594 0.00999999978 0.5 p1 17042 10
40 1827204 m3 9481 0.00999999978 0.5 p1 17266 10
244 1828204 m1 68509 0 0.5 p1 17270 10
266 1835616 m7 76734 0 0.5 p1 17299 10
315 1839239 m1 97223 0 0.5 p1 17313 10
13 1866361 m1 6727 0 0.5 p1 17418 10
219 1867408 m1 59024 0 0.5 p1 17422 10
16 1878511 m3 7207 0.00999999978 0.5 p1 17465 10
32 1964694 m3 8628 0.00999999978 0.5 p1 17798 10
245 1968134 m1 68732 0 0.5 p1 17811 10
70 1980819 m1 19170 0 0.5 p1 17860 10
62 1983392 m1 13949 0 0.5 p1 17870 10
47 2000161 m3 9800 0.00999999978 0.5 p1 17934 10
278 2007922 m1 81873 0 0.5 p1 17964 10
275 2009704 m1 80841 0 0.5 p1 17971 10
86 2017904 m1 26164 0 0.5 p1 18003 10
124 2018178 m1 41251 0 0.5 p1 18004 10
44 2031099 m2 9730 0 0.5 p1 18054 10
294 2034229 m8 86577 0 0.5 p1 18066 10
296 2136853 m8 87210 0 0.5 p1 18461 10
281 2162082 m1 83282 0 0.5 p1 18558 10
55 2170370 m3 11182 0.00999999978 0.5 p1 18590 10
50 2196070 m3 10062 0.00999999978 0.5 p1 18689 10
112 2208524 m1 35340 0 0.5 p1 18738 10
155 2215613 m6 49389 0.00999999978 0.5 p1 18766 10
67 2258083 m1 18697 0 0.5 p1 18930 10
208 2271575 m1 55517 0 0.5 p1 18983 10
216 2306998 m1 58069 0 0.5 p1 19120 10
15 2319529 m3 7144 0.00999999978 0.5 p1 19168 10
304 2344554 m1 90349 0 0.5 p1 19264 10
160 2350605 m6 49631 0.00999999978 0.5 p1 19287 10
135 2352145 m1 44421 0 0.5 p1 19293 10
71 2366451 m1 19376 0 0.5 p1 19348 10
289 2401913 m8 84339 0 0.5 p1 19484 10
100 2406110 m1 31510 0 0.5 p1 19500 10
316 2407634 m1 97240 0 0.5 p1 19506 10
144 2417629 m1 46546 0 0.5 p1 19545 10
183 2419106 m6 51952 0.00999999978 0.5 p1 19551 10
178 2426219 m6 51660 0.00999999978 0.5 p1 19578 10
180 2454946 m6 51707 0.00999999978 0.5 p1 19689 10
254 2473804 m7 73570 0 0.5 p1 19763 10
168 2513449 m6 50343 0.00999999978 0.5 p1 19917 10
279 2515723 m1 82006 0 0.5 p1 19926 10
101 2534478 m1 31795 0 0.5 p1 19998 10
210 2611583 m1 56097 0 0.5 p1 20168 10
217 2709079 m1 58743 0 0.5 p1 20381 10
29 2709516 m3 8123 0.00999999978 0.5 p1 20382 10
298 2710422 m1 87719 0 0.5 p1 20384 10
222 2730839 m1 59892 0 0.5 p1 20429 10
303 2785750 m1 90042 0 0.5 p1 20549 10
118 2816421 m1 38491 0 0.5 p1 20616 10
262 2829312 m7 76302 0 0.5 p1 20644 10
77 2846387 m1 22787 0 0.5 p1 20681 10
184 2923926 m6 51972 0.00999999978 0.5 p1 20850 10
46 3091416 m3 9787 0.00999999978 0.5 p1 21217 10
95 3156122 m1 30249 0 0.5 p1 21359 10
23 3289576 m3 7740 0.00999999978 0.5 p1 21652 10
174 3289578 m6 51209 0.00999999978 0.5 p1 21652 10
85 3303934 m1 26004 0 0.5 p1 21684 10
179 3357085 m6 51663 0.00999999978 0.5 p1 21800 10
267 3395769 m7 77022 0 0.5 p1 21885 10
49 3399891 m3 10053 0.00999999978 0.5 p1 21894 10
283 3408270 m1 83469 0 0.5 p1 21912 10
149 3513784 m1 49002 0 0.5 p1 22143 10
186 3559867 m6 52041 0.00999999978 0.5 p1 22243 10
57 3583953 m1 11686 0 0.5 p1 22296 10
146 3611119 m1 47214 0 0.5 p1 22356 10
224 3622384 m1 60260 0 0.5 p1 22381 10
177 3648338 m6 51299 0.00999999978 0.5 p1 22438 10
233 3687452 m1 64551 0 0.5 p1 22524 10
297 3742131 m1 87385 0 0.5 p1 22644 10
107 3792847 m1 34189 0 0.5 p1 22756 10
196 3902292 m6 53225 0.00999999978 0.5 p1 22996 10
309 3924160 m1 91968 0 0.5 p1 23044 10
3 3931731 m1 525 0 0.5 p1 23061 10
166 4057597 m6 50230 0.00999999978 0.5 p1 23338 10
241 4084163 m1 67958 0 0.5 p1 23396 10
299 4132875 m1 88280 0 0.5 p1 23503 7
336 4142914 m1 55636 0 0.5 p1 23525 3
203 4143330 m1 54752 0 0.5 p1 23526 7
270 4159908 m1 78619 0 0.5 p1 23562 7
272 4233422 m1 78732 0 0.5 p1 23723 7
122 4336307 m1 40452 0 0.5 p1 23948 10
237 4356354 m1 66801 0 0.5 p1 23992 7
129 4394478 m1 43116 0 0.5 p1 24076 10
305 4418314 m1 90408 0 0.5 p1 24128 7
151 4423256 m6 49319 0.00999999978 0.5 p1 24139 10
338 4453359 m8 87278 0 0.5 p1 24205 3
115 4481243 m5 36887 0 0.5 p1 24266 10
14 4491812 m3 7024 0.00999999978 0.5 p1 24289 10
21 4508668 m3 7639 0.00999999978 0.5 p1 24326 10
330 4541796 m1 79734 0 0.5 p1 24399 2
68 4558699 m1 18766 0 0.5 p1 24436 5
328 4570431 m3 10330 0.00999999978 0.5 p1 24462 5
27 4598593 m3 8030 0.00999999978 0.5 p1 24524 5
329 4599511 m1 66473 0 0.5 p1 24526 2
228 4601323 m1 62740 0 0.5 p1 24530 2
271 4605978 m1 78663 0 0.5 p1 24540 2
331 4614240 m1 83551 0 0.5 p1 24558 2
323 4627434 m1 22429 0 0.5 p1 24587 3
207 4632659 m1 55145 0 0.5 p1 24598 2
350 4638071 m1 88583 0 0.5 p1 24610 1
324 4640303 m1 46171 0 0.5 p1 24615 3
327 4644453 m3 7970 0.00999999978 0.5 p1 24624 2
346 4656287 m1 25032 0 0.5 p1 24650 1
88 4673542 m1 27167 0 0.5 p1 24688 2
325 4682733 m1 54238 0 0.5 p1 24708 3
175 4683626 m6 51218 0.00999999978 0.5 p1 24710 2
347 4691714 m1 70204 0 0.5 p1 24728 1
343 4704173 m1 71402 0 0.5 p1 24755 1
326 4706865 m1 1804 0 0.5 p1 24761 1
335 4712306 m1 47337 0 0.5 p1 24773 2
342 4738407 m1 67686 0 0.5 p1 24831 1
348 4741150 m1 70307 0 0.5 p1 24837 1
333 4743754 m1 5703 0 0.5 p1 24843 2
341 4745951 m1 59218 0 0.5 p1 24848 1
337 4754934 m1 68601 0 0.5 p1 24869 2
193 4761151 m2 52907 0 0.5 p1 24883 2
339 4766826 m1 22091 0 0.5 p1 24896 2
332 4775722 m1 97036 0 0.5 p1 24916 1
344 4787885 m1 97693 0 0.5 p1 24944 1
301 4791797 m1 89524 0 0.5 p1 24953 2
340 4793922 m1 33715 0 0.5 p1 24958 2
349 4799703 m8 86950 0 0.5 p1 24971 1
345 4807556 m3 7858 0.00999999978 0.5 p1 24989 1
334 4808023 m1 18521 0 0.5 p1 24990 1
322 4809384 m1 19175 0 0.5 p1 24993 1
Genomes:
p1:0 A 0 1 2 3 4 5 6 7 8 9 10 11 12 13 14 15 16 17 18 19 20 21 22 23 24 25 26 27 28 29 30 31 32 33 34 35 36 37 38 39 40 41 42 43 44 45 46 47 48 49 50 51 52 53 54 55 56 57 58 59 60 61 62 63 64 65 66 67 68 69 70 71 72 73 74 75 76 77 78 79 80 81 82 83 84 85 86 87 88 89 90 91 92 93 94 95 96 97 98 99 100 101 102 103 104 105 106 107 108 109 110 111 112 113 114 115 116 117 118 119 120 121 122 123 124 125 126 127 128 129 130 131 132 133 134 135 136 137 138 139 140 141 142 143 144 145 146 147 148 149 150 151 152 153 154 155 156 157 158 159 160 161 162 163 164 165 166 167 168 169 170 171 172 173 174 175 176 177 178 179 180 181 182 183 184 185 186 187 188 189 190 191 192 193 194 195 196 197 198 199 200 201 202 203 204 205 206 207 208 209 210 211 212 213 214 215 216 217 218 219 220 221 222 223 224 225 226 227 228 229 230 231 232 233 234 235 236 237 238 239 240 241 242 243 244 245 246 247 248 249 250 251 252 253 254 255 256 257 258 259 260 261 262 263 264 265 266 267 268 269 270 271 272 273 274 275 276 277 278 279 280 281 282 283 284 285 286 287 288 289 290 291 292 293 294 295 296 297 298 299 300 301 302 303 304 305 306 307 308 309 310 311 312 313 314 315 316 317 318 319 320 321
p1:1 A 0 1 2 3 4 5 6 7 8 9 10 11 12 13 14 15 16 17 18 19 20 21 22 23 24 25 26 27 28 29 30 31 32 33 34 35 36 37 38 39 40 41 42 43 44 45 46 47 48 49 50 51 52 53 54 55 56 57 58 59 60 61 62 63 64 65 66 67 68 69 70 322 71 72 73 74 75 76 323 77 78 79 80 81 82 83 84 85 86 87 89 90 91 92 93 94 95 96 97 98 99 100 101 102 103 104 105 106 107 108 109 110 111 112 113 114 115 116 117 118 119 120 121 122 123 124 125 126 127 128 129 130 131 132 133 134 135 136 137 138 139 140 141 142 143 324 144 145 146 147 148 149 150 151 152 153 154 155 156 157 158 159 160 161 162 163 164 165 166 167 168 169 170 171 172 173 174 176 177 178 179 180 181 182 183 184 185 186 187 188 189 190 191 192 194 195 196 197 198 199 200 325 201 202 203 204 205 206 208 209 210 211 212 213 214 215 216 217 218 219 220 221 222 223 224 225 226 227 229 230 231 232 233 234 235 236 237 238 239 240 241 242 243 244 245 246 247 248 249 250 251 252 253 254 255 256 257 258 259 260 261 262 263 264 265 266 267 268 269 270 272 273 274 275 276 277 278 279 280 281 282 283 284 285 286 287 288 289 290 291 292 293 294 295 296 297 298 299 300 302 303 304 305 306 307 308 309 310 311 312 313 314 315 316 317 318 319 320 321
p1:2 A 0 1 2 3 4 5 6 7 8 9 10 11 12 13 14 15 16 17 18 19 20 21 22 23 24 25 26 27 28 29 30 31 32 33 34 35 36 37 38 39 40 41 42 43 44 45 46 47 48 49 50 51 52 53 54 55 56 57 58 59 60 61 62 63 64 65 66 67 68 69 70 71 72 73 74 75 76 77 78 79 80 81 82 83 84 85 86 87 88 89 90 91 92 93 94 95 96 97 98 99 100 101 102 103 104 105 106 107 108 109 110 111 112 113 114 115 116 117 118 119 120 121 122 123 124 125 126 127 128 129 130 131 132 133 134 135 136 137 138 139 140 141 142 143 144 145 146 147 148 149 150 151 152 153 154 155 156 157 158 159 160 161 162 163 164 165 166 167 168 169 170 171 172 173 174 175 176 177 178 179 180 181 182 183 184 185 186 187 188 189 190 191 192 193 194 195 196 197 198 199 200 201 202 203 204 205 206 207 208 209 210 211 212 213 214 215 216 217 218 219 220 221 222 223 224 225 226 227 228 229 230 231 232 233 234 235 236 237 238 239 240 241 242 243 244 245 246 247 248 249 250 251 252 253 254 255 256 257 258 259 260 261 262 263 264 265 266 267 268 269 270 271 272 273 274 275 276 277 278 279 280 281 282 283 284 285 286 287 288 289 290 291 292 293 294 295 296 297 298 299 300 301 302 303 304 305 306 307 308 309 310 311 312 313 314 315 316 317 318 319 320 321
p1:3 A 0 1 2 3 4 5 6 326 7 8 9 10 11 12 13 14 15 16 17 18 19 20 21 22 23 24 25 26 327 28 29 30 31 32 33 34 35 36 37 38 39 40 41 42 43 44 45 46 47 48 49 50 51 328 52 53 54 55 56 57 58 59 60 61 62 63 64 65 66 67 69 70 71 72 73 74 75 76 77 78 79 80 81 82 83 84 85 86 87 89 90 91 92 93 94 95 96 97 98 99 100 101 102 103 104 105 106 107 108 109 110 111 112 113 114 115 116 117 118 119 120 121 122 123 124 125 126 127 128 129 130 131 132 133 134 135 136 137 138 139 140 141 142 143 144 145 146 147 148 149 150 151 152 153 154 155 156 157 158 159 160 161 162 163 164 165 166 167 168 169 170 171 172 173 174 176 177 178 179 180 181 182 183 184 185 186 187 188 189 190 191 192 194 195 196 197 198 199 200 201 202 203 204 205 206 208 209 210 211 212 213 214 215 216 217 218 219 220 221 222 223 224 225 226 227 229 230 231 232 233 234 235 236 329 237 238 239 240 241 242 243 244 245 246 247 248 249 250 251 252 253 254 255 256 257 258 259 260 261 262 263 264 265 266 267 268 269 270 272 273 330 274 275 276 277 278 279 280 281 282 283 331 284 285 286 287 288 289 290 291 292 293 294 295 296 297 298 299 300 302 303 304 305 306 307 308 309 310 311 312 313 314 332 315 316 317 318 319 320 321
p1:4 A 0 1 2 3 4 5 6 7 8 9 10 11 333 12 13 14 15 16 17 18 19 20 21 22 23 24 25 26 28 29 30 31 32 33 34 35 36 37 38 39 40 41 42 43 44 45 46 47 48 49 50 51 328 52 53 54 55 56 57 58 59 60 61 62 63 64 65 334 66 67 69 70 71 72 73 74 75 76 77 78 79 80 81 82 83 84 85 86 87 89 90 91 92 93 94 95 96 97 98 99 100 101 102 103 104 105 106 107 108 109 110 111 112 113 114 115 116 117 118 119 120 121 122 123 124 125 126 127 128 129 130 131 132 133 134 135 136 137 138 139 140 141 142 143 144 145 146 335 147 148 149 150 151 152 153 154 155 156 157 158 159 160 161 162 163 164 165 166 167 168 169 170 171 172 173 174 176 177 178 179 180 181 182 183 184 185 186 187 188 189 190 191 192 194 195 196 197 198 199 200 201 202 204 205 206 208 209 336 210 211 212 213 214 215 216 217 218 219 220 221 222 223 224 225 226 227 229 230 231 232 233 234 235 236 238 239 240 241 242 243 244 337 245 246 247 248 249 250 251 252 253 254 255 256 257 258 259 260 261 262 263 264 265 266 267 268 269 273 274 275 276 277 278 279 280 281 282 283 284 285 286 287 288 289 290 291 292 293 294 295 296 338 297 298 300 302 303 304 306 307 308 309 310 311 312 313 314 315 316 317 318 319 320 321
p1:5 A 0 1 2 3 4 5 6 7 8 9 10 11 12 13 14 15 16 17 18 19 20 21 22 23 24 25 26 27 28 29 30 31 32 33 34 35 36 37 38 39 40 41 42 43 44 45 46 47 48 49 50 51 52 53 54 55 56 57 58 59 60 61 62 63 64 65 66 67 68 69 70 71 72 73 74 75 76 339 323 77 78 79 80 81 82 83 84 85 86 87 89 90 91 92 93 94 95 96 97 98 99 100 101 102 103 104 340 105 106 107 108 109 110 111 112 113 114 115 116 117 118 119 120 121 122 123 124 125 126 127 128 129 130 131 132 133 134 135 136 137 138 139 140 141 142 143 324 144 145 146 147 148 149 150 151 152 153 154 155 156 157 158 159 160 161 162 163 164 165 166 167 168 169 170 171 172 173 174 176 177 178 179 180 181 182 183 184 185 186 187 188 189 190 191 192 194 195 196 197 198 199 200 325 201 202 203 204 205 206 208 209 210 211 212 213 214 215 216 217 218 219 220 221 222 223 224 225 226 227 229 230 231 232 233 234 235 236 237 238 239 240 241 242 243 244 245 246 247 248 249 250 251 252 253 254 255 256 257 258 259 260 261 262 263 264 265 266 267 268 269 270 272 273 274 275 276 277 278 279 280 281 282 283 284 285 286 287 288 289 290 291 292 293 294 295 296 297 298 299 300 302 303 304 305 306 307 308 309 310 311 312 313 314 315 316 317 318 319 320 321
p1:6 A 0 1 2 3 4 5 6 7 8 9 10 11 12 13 14 15 16 17 18 19 20 21 22 23 24 25 26 327 28 29 30 31 32 33 34 35 36 37 38 39 40 41 42 43 44 45 46 47 48 49 50 51 328 52 53 54 55 56 57 58 59 60 61 62 63 64 65 66 67 69 70 71 72 73 74 75 76 77 78 79 80 81 82 83 84 85 86 87 89 90 91 92 93 94 95 96 97 98 99 100 101 102 103 104 105 106 107 108 109 110 111 112 113 114 115 116 117 118 119 120 121 122 123 124 125 126 127 128 129 130 131 132 133 134 135 136 137 138 139 140 141 142 143 144 145 146 147 148 149 150 151 152 153 154 155 156 157 158 159 160 161 162 163 164 165 166 167 168 169 170 171 172 173 174 176 177 178 179 180 181 182 183 184 185 186 187 188 189 190 191 192 194 195 196 197 198 199 200 201 202 203 204 205 206 208 209 210 211 212 213 214 215 216 217 218 219 341 220 221 222 223 224 225 226 227 229 230 231 232 233 234 235 236 329 237 238 239 342 240 241 242 243 244 245 246 247 248 249 250 251 252 343 253 254 255 256 257 258 259 260 261 262 263 264 265 266 267 268 269 270 272 273 330 274 275 276 277 278 279 280 281 282 283 331 284 285 286 287 288 289 290 291 292 293 294 295 296 297 298 299 300 302 303 304 305 306 307 308 309 310 311 312 313 314 315 316 344 317 318 319 320 321
p1:7 A 0 1 2 3 4 5 6 7 8 9 10 11 333 12 13 14 15 16 17 18 19 20 21 22 23 24 25 26 28 29 30 31 32 33 34 35 36 37 38 39 40 41 42 43 44 45 46 47 48 49 50 51 328 52 53 54 55 56 57 58 59 60 61 62 63 64 65 66 67 69 70 71 72 73 74 75 76 77 78 79 80 81 82 83 84 85 86 87 89 90 91 92 93 94 95 96 97 98 99 100 101 102 103 104 105 106 107 108 109 110 111 112 113 114 115 116 117 118 119 120 121 122 123 124 125 126 127 128 129 130 131 132 133 134 135 136 137 138 139 140 141 142 143 144 145 146 335 147 148 149 150 151 152 153 154 155 156 157 158 159 160 161 162 163 164 165 166 167 168 169 170 171 172 173 174 176 177 178 179 180 181 182 183 184 185 186 187 188 189 190 191 192 194 195 196 197 198 199 200 201 202 204 205 206 208 209 336 210 211 212 213 214 215 216 217 218 219 220 221 222 223 224 225 226 227 229 230 231 232 233 234 235 236 238 239 240 241 242 243 244 337 245 246 247 248 249 250 251 252 253 254 255 256 257 258 259 260 261 262 263 264 265 266 267 268 269 273 274 275 276 277 278 279 280 281 282 283 284 285 286 287 288 289 290 291 292 293 294 295 296 338 297 298 300 302 303 304 306 307 308 309 310 311 312 313 314 315 316 317 318 319 320 321
p1:8 A 0 1 2 3 4 5 6 7 8 9 10 11 12 13 14 15 16 17 18 19 20 21 22 23 24 25 26 27 28 29 30 31 32 33 34 35 36 37 38 39 40 41 42 43 44 45 46 47 48 49 50 51 52 53 54 55 56 57 58 59 60 61 62 63 64 65 66 67 68 69 70 71 72 73 74 75 76 339 323 77 78 79 80 81 82 83 84 85 86 87 89 90 91 92 93 94 95 96 97 98 99 100 101 102 103 104 340 105 106 107 108 109 110 111 112 113 114 115 116 117 118 119 120 121 122 123 124 125 126 127 128 129 130 131 132 133 134 135 136 137 138 139 140 141 142 143 324 144 145 146 147 148 149 150 151 152 153 154 155 156 157 158 159 160 161 162 163 164 165 166 167 168 169 170 171 172 173 174 176 177 178 179 180 181 182 183 184 185 186 187 188 189 190 191 192 194 195 196 197 198 199 200 325 201 202 203 204 205 206 208 209 210 211 212 213 214 215 216 217 218 219 220 221 222 223 224 225 226 227 229 230 231 232 233 234 235 236 237 238 239 240 241 242 243 244 245 246 247 248 249 250 251 252 253 254 255 256 257 258 259 260 261 262 263 264 265 266 267 268 269 270 272 273 274 275 276 277 278 279 280 281 282 283 284 285 286 287 288 289 290 291 292 293 294 295 296 297 298 299 300 302 303 304 305 306 307 308 309 310 311 312 313 314 315 316 317 318 319 320 321
p1:9 A 0 1 2 3 4 5 6 7 8 9 10 11 12 13 14 15 16 17 18 19 20 21 22 23 24 25 345 26 28 29 30 31 32 33 34 35 36 37 38 39 40 41 42 43 44 45 46 47 48 49 50 51 328 52 53 54 55 56 57 58 59 60 61 62 63 64 65 66 67 69 70 71 72 73 74 75 76 77 78 79 80 81 82 83 346 84 85 86 87 89 90 91 92 93 94 95 96 97 98 99 100 101 102 103 104 105 106 107 108 109 110 111 112 113 114 115 116 117 118 119 120 121 122 123 124 125 126 127 128 129 130 131 132 133 134 135 136 137 138 139 140 141 142 143 144 145 146 147 148 149 150 151 152 153 154 155 156 157 158 159 160 161 162 163 164 165 166 167 168 169 170 171 172 173 174 176 177 178 179 180 181 182 183 184 185 186 187 188 189 190 191 192 194 195 196 197 198 199 200 201 202 204 205 206 208 209 336 210 211 212 213 214 215 216 217 218 219 220 221 222 223 224 225 226 227 229 230 231 232 233 234 235 236 238 239 240 241 242 243 244 245 246 347 247 348 248 249 250 251 252 253 254 255 256 257 258 259 260 261 262 263 264 265 266 267 268 269 273 274 275 276 277 278 279 280 281 282 283 284 285 286 287 288 289 290 291 292 293 294 295 349 296 338 297 298 300 350 302 303 304 306 307 308 309 310 311 312 313 314 315 316 317 318 319 320 321
