#OUT: 25000 SS p11 10 /Users/josephzou/Desktop/Sample_data/Twi-p11-Sample.txt
Mutations:
313 22872 m1 83896 0 0.5 p1 1147 10
304 24247 m1 78776 0 0.5 p1 1217 10
231 27886 m1 67063 0 0.5 p1 1400 10
268 36205 m7 74548 0 0.5 p1 1822 10
225 37753 m1 63630 0 0.5 p1 1897 10
208 46768 m1 56628 0 0.5 p1 2343 10
270 49565 m7 74748 0 0.5 p1 2481 10
341 54734 m2 86638 0 0.5 p1 2739 10
222 55790 m1 62993 0 0.5 p1 2792 10
120 58834 m1 34504 0 0.5 p1 2951 10
23 59599 m3 7494 0.00999999978 0.5 p1 2988 10
11 60951 m1 3158 0 0.5 p1 3061 10
219 67133 m1 60240 0 0.5 p1 3339 10
315 72285 m1 84290 0 0.5 p1 3478 10
36 75287 m3 9052 0.00999999978 0.5 p1 3559 10
251 76654 m7 72813 0 0.5 p1 3597 10
152 79530 m6 50353 0.00999999978 0.5 p1 3678 10
117 80151 m1 32973 0 0.5 p1 3695 10
218 82220 m1 59644 0 0.5 p1 3751 10
311 82853 m1 82303 0 0.5 p1 3769 10
170 94191 m6 51765 0.00999999978 0.5 p1 4078 10
241 94229 m1 70249 0 0.5 p1 4079 10
79 95422 m1 19810 0 0.5 p1 4112 10
77 99286 m1 19050 0 0.5 p1 4217 10
289 99690 m2 76517 0 0.5 p1 4229 10
182 101988 m6 52390 0.00999999978 0.5 p1 4293 10
367 104339 m1 96930 0 0.5 p1 4358 10
133 104570 m1 42575 0 0.5 p1 4364 10
7 112018 m1 1413 0 0.5 p1 4572 10
140 113303 m1 46311 0 0.5 p1 4607 10
173 114287 m6 52042 0.00999999978 0.5 p1 4633 10
113 116398 m1 31777 0 0.5 p1 4689 10
42 118334 m3 9570 0.00999999978 0.5 p1 4741 10
100 120999 m1 25451 0 0.5 p1 4816 10
300 121492 m1 77459 0 0.5 p1 4829 10
250 121956 m2 72780 0 0.5 p1 4841 10
220 122416 m1 61772 0 0.5 p1 4854 10
9 123004 m1 2397 0 0.5 p1 4869 10
370 123129 m1 99272 0 0.5 p1 4872 10
171 124809 m6 51774 0.00999999978 0.5 p1 4917 10
233 133935 m1 67114 0 0.5 p5 5100 10
301 145590 m1 77766 0 0.5 p5 5288 10
110 149689 m1 30361 0 0.5 p5 5356 10
325 155185 m8 85229 0 0.5 p5 5445 10
111 156580 m1 30373 0 0.5 p5 5467 10
187 160253 m2 52525 0 0.5 p5 5528 10
6 165005 m1 1233 0 0.5 p5 5605 10
21 169313 m3 7407 0.00999999978 0.5 p5 5676 10
0 181401 m1 228 0 0.5 p5 5872 10
124 181863 m1 37886 0 0.5 p5 5880 10
243 182664 m1 70364 0 0.5 p5 5893 10
371 186923 m1 99283 0 0.5 p5 5962 10
205 190708 m1 55952 0 0.5 p5 6025 10
149 191090 m6 50082 0.00999999978 0.5 p5 6031 10
123 194543 m1 37790 0 0.5 p5 6089 10
159 195215 m6 51081 0.00999999978 0.5 p5 6100 10
75 204466 m1 18000 0 0.5 p5 6252 10
118 207335 m1 33076 0 0.5 p5 6298 10
63 207649 m3 11610 0.00999999978 0.5 p5 6303 10
13 211001 m1 3620 0 0.5 p5 6357 10
114 212726 m1 31884 0 0.5 p5 6385 10
254 215064 m2 72990 0 0.5 p5 6422 10
166 215404 m6 51343 0.00999999978 0.5 p5 6428 10
348 224358 m1 88138 0 0.5 p5 6571 10
186 227470 m6 52455 0.00999999978 0.5 p5 6617 10
51 233626 m3 10177 0.00999999978 0.5 p5 6696 10
349 240175 m1 89353 0 0.5 p5 6781 10
82 242026 m1 21895 0 0.5 p5 6805 10
2 246093 m1 581 0 0.5 p5 6858 10
223 250440 m1 63002 0 0.5 p5 6915 10
192 257024 m6 52898 0.00999999978 0.5 p5 6999 10
130 259063 m1 40846 0 0.5 p5 7025 10
153 261098 m6 50357 0.00999999978 0.5 p5 7051 10
226 268288 m1 63880 0 0.5 p5 7142 10
334 278124 m8 85988 0 0.5 p5 7268 10
178 279732 m6 52254 0.00999999978 0.5 p5 7289 10
363 283498 m1 95572 0 0.5 p5 7338 10
105 287088 m1 28681 0 0.5 p5 7384 10
59 287331 m3 11064 0.00999999978 0.5 p5 7387 10
138 293679 m1 45487 0 0.5 p5 7469 10
19 295787 m3 7190 0.00999999978 0.5 p5 7496 10
221 301141 m1 61857 0 0.5 p5 7564 10
327 301493 m2 85441 0 0.5 p5 7569 10
136 301578 m1 45016 0 0.5 p5 7570 10
106 302942 m1 28953 0 0.5 p5 7588 10
67 304375 m1 11942 0 0.5 p5 7605 10
37 306975 m3 9139 0.00999999978 0.5 p5 7639 10
324 309921 m8 84985 0 0.5 p5 7676 10
14 310072 m1 4588 0 0.5 p5 7678 10
15 312921 m1 5613 0 0.5 p5 7715 10
245 325241 m1 70531 0 0.5 p5 7871 10
239 328359 m1 69365 0 0.5 p5 7911 10
89 328694 m1 23494 0 0.5 p5 7915 10
147 329014 m6 49424 0.00999999978 0.5 p5 7919 10
176 336417 m6 52056 0.00999999978 0.5 p5 8014 10
185 336907 m6 52439 0.00999999978 0.5 p5 8020 10
52 338392 m3 10231 0.00999999978 0.5 p5 8039 10
312 348176 m1 82891 0 0.5 p5 8166 10
237 377712 m1 69070 0 0.5 p10 8460 10
30 384011 m3 8107 0.00999999978 0.5 p10 8513 10
190 385315 m6 52849 0.00999999978 0.5 p10 8524 10
55 397110 m3 10634 0.00999999978 0.5 p10 8624 10
296 407850 m7 77059 0 0.5 p10 8716 10
3 416594 m1 598 0 0.5 p10 8791 10
177 416826 m6 52135 0.00999999978 0.5 p10 8793 10
198 425548 m6 53501 0.00999999978 0.5 p10 8867 10
234 428953 m1 68041 0 0.5 p10 8895 10
326 430294 m2 85243 0 0.5 p10 8907 10
191 438900 m6 52882 0.00999999978 0.5 p10 8980 10
278 453077 m7 75686 0 0.5 p10 9101 10
129 460099 m1 40840 0 0.5 p10 9161 10
307 461263 m1 81239 0 0.5 p10 9171 10
29 461880 m3 8045 0.00999999978 0.5 p10 9176 10
160 471412 m6 51085 0.00999999978 0.5 p10 9257 10
272 485865 m7 75066 0 0.5 p10 9379 10
232 488264 m1 67093 0 0.5 p10 9399 10
61 490039 m3 11188 0.00999999978 0.5 p10 9415 10
308 491810 m1 81299 0 0.5 p10 9430 10
329 494227 m2 85513 0 0.5 p10 9451 10
264 508390 m7 73642 0 0.5 p10 9571 10
8 508491 m1 1904 0 0.5 p10 9572 10
197 518863 m6 53408 0.00999999978 0.5 p10 9659 10
107 528714 m1 29178 0 0.5 p10 9741 10
128 536843 m1 40646 0 0.5 p10 9811 10
206 536844 m1 55995 0 0.5 p10 9811 10
104 538233 m1 28485 0 0.5 p10 9823 10
83 556829 m1 21897 0 0.5 p10 9981 10
189 562540 m6 52788 0.00999999978 0.5 p10 10025 10
188 563128 m6 52587 0.00999999978 0.5 p10 10029 10
337 565845 m8 86051 0 0.5 p10 10049 10
366 578289 m1 96854 0 0.5 p10 10140 10
121 600924 m1 34763 0 0.5 p10 10304 10
372 604449 m1 99439 0 0.5 p10 10329 10
365 631749 m1 96746 0 0.5 p10 10529 10
73 643704 m1 17471 0 0.5 p10 10616 10
310 653153 m1 82071 0 0.5 p10 10684 10
172 661444 m6 51922 0.00999999978 0.5 p10 10744 10
368 661729 m1 98694 0 0.5 p10 10746 10
229 664992 m1 65360 0 0.5 p10 10770 10
214 696710 m1 57827 0 0.5 p10 11000 10
267 701512 m2 74280 0 0.5 p10 11034 10
246 703922 m1 71764 0 0.5 p10 11052 10
80 704471 m1 19941 0 0.5 p10 11056 10
62 707335 m3 11558 0.00999999978 0.5 p10 11076 10
165 710345 m6 51305 0.00999999978 0.5 p10 11098 10
361 730562 m1 94996 0 0.5 p10 11243 10
81 731386 m1 20040 0 0.5 p10 11249 10
28 732350 m3 8039 0.00999999978 0.5 p10 11256 10
68 734226 m1 12883 0 0.5 p10 11270 10
115 758185 m1 32678 0 0.5 p10 11445 10
25 779699 m2 7783 0 0.5 p10 11601 10
227 788747 m1 64115 0 0.5 p10 11666 10
119 791766 m1 34421 0 0.5 p10 11688 10
64 797505 m1 11832 0 0.5 p10 11729 10
169 800616 m2 51656 0 0.5 p10 11752 10
22 805737 m3 7469 0.00999999978 0.5 p10 11790 10
88 826747 m1 23236 0 0.5 p10 11942 10
150 827854 m6 50177 0.00999999978 0.5 p10 11950 10
257 832792 m2 73158 0 0.5 p10 11985 10
125 849199 m1 38155 0 0.5 p10 12102 10
157 852515 m6 50887 0.00999999978 0.5 p10 12126 10
50 856452 m3 10167 0.00999999978 0.5 p10 12155 10
87 861943 m1 22666 0 0.5 p10 12195 10
167 870093 m6 51438 0.00999999978 0.5 p10 12255 10
209 879594 m1 56654 0 0.5 p10 12324 10
18 889828 m2 7035 0 0.5 p10 12399 10
276 899567 m7 75671 0 0.5 p10 12469 10
314 926474 m1 84036 0 0.5 p10 12665 10
156 929625 m6 50790 0.00999999978 0.5 p10 12688 10
91 948301 m1 24134 0 0.5 p10 12824 10
137 953177 m1 45460 0 0.5 p10 12860 10
127 954953 m1 40444 0 0.5 p10 12873 10
224 970145 m1 63059 0 0.5 p10 12983 10
1 993218 m1 517 0 0.5 p10 13151 10
34 993378 m3 8548 0.00999999978 0.5 p10 13152 10
144 993519 m6 49371 0.00999999978 0.5 p10 13153 10
74 1016081 m1 17823 0 0.5 p10 13317 10
164 1026437 m6 51276 0.00999999978 0.5 p10 13393 10
306 1054476 m1 80607 0 0.5 p10 13597 10
247 1065596 m1 71850 0 0.5 p10 13678 10
112 1085150 m1 30800 0 0.5 p10 13821 10
131 1092103 m1 40879 0 0.5 p10 13872 10
54 1097098 m3 10589 0.00999999978 0.5 p10 13908 10
60 1101604 m3 11150 0.00999999978 0.5 p10 13939 10
249 1102309 m1 72285 0 0.5 p10 13944 10
504 1132840 m8 85761 0 0.5 p10 14166 2
184 1153010 m6 52411 0.00999999978 0.5 p10 14314 10
517 1158981 m1 97281 0 0.5 p10 14357 2
95 1173330 m1 24683 0 0.5 p10 14460 10
48 1181241 m3 10152 0.00999999978 0.5 p10 14518 10
508 1190017 m8 86491 0 0.5 p10 14582 2
303 1203754 m1 78572 0 0.5 p10 14682 10
269 1224035 m7 74683 0 0.5 p10 14829 7
260 1224312 m7 73433 0 0.5 p10 14831 10
328 1225564 m8 85507 0 0.5 p10 14840 8
20 1233800 m3 7269 0.00999999978 0.5 p10 14900 10
338 1245059 m2 86060 0 0.5 p10 14983 8
183 1253878 m6 52392 0.00999999978 0.5 p11 15025 10
70 1256557 m2 15131 0 0.5 p11 15036 10
285 1296013 m2 76271 0 0.5 p11 15196 7
342 1318261 m8 86783 0 0.5 p11 15287 8
236 1321939 m1 68909 0 0.5 p11 15302 10
66 1326827 m1 11923 0 0.5 p11 15322 10
212 1327560 m1 57388 0 0.5 p11 15325 10
515 1331706 m1 97007 0 0.5 p11 15342 2
155 1343274 m6 50669 0.00999999978 0.5 p11 15389 10
58 1344273 m2 11021 0 0.5 p11 15393 10
92 1348410 m1 24349 0 0.5 p11 15410 10
32 1369260 m3 8373 0.00999999978 0.5 p11 15495 10
31 1385998 m2 8350 0 0.5 p11 15561 10
207 1395252 m1 56225 0 0.5 p11 15597 10
297 1404591 m7 77173 0 0.5 p11 15634 7
158 1409893 m6 50920 0.00999999978 0.5 p11 15655 10
93 1455380 m1 24397 0 0.5 p11 15833 10
244 1471273 m1 70529 0 0.5 p11 15894 10
216 1482000 m1 59243 0 0.5 p11 15935 10
292 1496732 m7 76700 0 0.5 p11 15992 7
347 1502660 m1 87813 0 0.5 p11 16015 8
154 1526755 m6 50592 0.00999999978 0.5 p11 16108 10
421 1531890 m7 76416 0 0.5 p11 16128 3
359 1541647 m1 94890 0 0.5 p11 16166 8
271 1541945 m7 74892 0 0.5 p11 16167 7
46 1543500 m3 9904 0.00999999978 0.5 p11 16173 10
85 1577574 m1 22249 0 0.5 p11 16304 10
252 1612757 m7 72819 0 0.5 p11 16439 10
330 1614034 m8 85702 0 0.5 p11 16444 8
277 1618293 m7 75685 0 0.5 p11 16460 7
242 1622889 m1 70342 0 0.5 p11 16478 10
425 1633237 m7 76879 0 0.5 p11 16518 3
41 1641307 m3 9558 0.00999999978 0.5 p11 16549 10
340 1644912 m8 86403 0 0.5 p11 16563 8
126 1658048 m1 38777 0 0.5 p11 16613 10
299 1670289 m7 77350 0 0.5 p11 16661 10
45 1683760 m3 9877 0.00999999978 0.5 p11 16713 10
280 1700548 m7 75779 0 0.5 p11 16778 7
255 1703984 m7 73053 0 0.5 p11 16791 10
333 1713239 m8 85965 0 0.5 p11 16827 8
511 1719585 m8 86807 0 0.5 p11 16851 2
351 1729002 m1 89964 0 0.5 p11 16887 8
90 1731569 m1 23991 0 0.5 p11 16897 10
228 1759685 m1 64670 0 0.5 p11 17006 10
514 1769437 m1 93866 0 0.5 p11 17043 2
161 1773726 m6 51101 0.00999999978 0.5 p11 17060 10
516 1808139 m1 97191 0 0.5 p11 17192 2
65 1831696 m1 11910 0 0.5 p11 17283 10
146 1834760 m6 49383 0.00999999978 0.5 p11 17295 10
240 1859760 m1 69704 0 0.5 p11 17392 10
346 1871732 m8 87175 0 0.5 p11 17438 8
98 1872245 m1 25206 0 0.5 p11 17440 10
122 1881604 m1 37664 0 0.5 p11 17476 10
424 1907683 m2 76872 0 0.5 p11 17576 3
294 1930756 m7 76925 0 0.5 p11 17666 7
211 1936795 m1 57314 0 0.5 p11 17689 10
416 1944438 m7 75225 0 0.5 p11 17718 3
344 1947985 m8 86869 0 0.5 p11 17732 8
97 1951284 m1 24996 0 0.5 p11 17745 10
258 1965665 m7 73179 0 0.5 p11 17801 10
135 1979542 m1 44344 0 0.5 p11 17854 10
39 1997951 m3 9465 0.00999999978 0.5 p11 17925 10
132 2005593 m1 41494 0 0.5 p11 17954 10
174 2030571 m6 52044 0.00999999978 0.5 p11 18051 10
273 2031874 m7 75116 0 0.5 p11 18056 7
350 2044558 m1 89381 0 0.5 p11 18105 8
76 2053201 m1 19032 0 0.5 p11 18138 10
5 2063811 m1 980 0 0.5 p11 18179 10
343 2064090 m2 86862 0 0.5 p11 18180 8
275 2073580 m7 75422 0 0.5 p11 18217 7
414 2073590 m7 75016 0 0.5 p11 18217 3
145 2113954 m6 49375 0.00999999978 0.5 p11 18372 10
506 2141398 m8 86223 0 0.5 p11 18478 2
360 2170612 m1 94914 0 0.5 p11 18590 8
4 2172181 m1 650 0 0.5 p11 18596 10
44 2175492 m3 9861 0.00999999978 0.5 p11 18609 10
503 2192387 m8 85222 0 0.5 p11 18674 2
282 2211237 m7 76105 0 0.5 p11 18748 7
415 2226446 m7 75091 0 0.5 p11 18807 3
72 2227215 m4 16002 -0.00999999978 0.5 p11 18810 10
513 2232553 m1 92524 0 0.5 p11 18831 2
10 2258028 m1 2616 0 0.5 p11 18929 10
322 2267445 m8 84921 0 0.5 p11 18966 8
141 2273356 m1 46661 0 0.5 p11 18989 10
501 2279638 m2 85119 0 0.5 p11 19013 2
288 2303064 m7 76456 0 0.5 p11 19104 7
47 2308063 m3 9932 0.00999999978 0.5 p11 19123 10
33 2311718 m3 8376 0.00999999978 0.5 p11 19137 10
369 2325249 m1 98913 0 0.5 p11 19189 8
261 2335917 m7 73441 0 0.5 p11 19230 7
17 2339862 m1 5639 0 0.5 p11 19245 10
321 2340111 m8 84889 0 0.5 p11 19246 8
69 2344521 m1 13288 0 0.5 p11 19263 10
99 2352646 m1 25324 0 0.5 p11 19294 10
411 2358894 m7 73222 0 0.5 p11 19318 3
309 2401881 m1 81916 0 0.5 p11 19483 8
293 2412207 m7 76751 0 0.5 p11 19523 5
475 2440631 m7 74442 0 0.5 p11 19633 2
101 2451072 m1 26490 0 0.5 p11 19673 10
43 2457241 m3 9759 0.00999999978 0.5 p11 19697 10
16 2465215 m1 5624 0 0.5 p11 19728 10
305 2471511 m1 79812 0 0.5 p11 19753 8
139 2486172 m1 46011 0 0.5 p11 19810 10
180 2487198 m6 52340 0.00999999978 0.5 p11 19814 10
142 2488756 m1 47569 0 0.5 p11 19820 10
71 2488757 m4 15240 -0.00999999978 0.5 p11 19820 10
357 2504994 m1 93943 0 0.5 p11 19884 8
40 2514191 m3 9469 0.00999999978 0.5 p11 19919 10
143 2524834 m6 49254 0.00999999978 0.5 p11 19960 10
331 2526651 m8 85727 0 0.5 p11 19967 8
210 2532117 m1 57251 0 0.5 p11 19988 10
262 2538051 m7 73466 0 0.5 p11 20006 7
320 2538997 m8 84851 0 0.5 p11 20008 8
274 2545328 m7 75251 0 0.5 p11 20022 5
364 2551269 m1 96225 0 0.5 p11 20035 8
287 2622827 m7 76371 0 0.5 p11 20192 7
279 2659010 m7 75761 0 0.5 p11 20271 7
339 2663621 m2 86393 0 0.5 p11 20281 8
103 2677077 m1 27818 0 0.5 p11 20310 10
266 2680672 m7 74201 0 0.5 p11 20318 5
281 2708631 m7 76082 0 0.5 p11 20379 7
26 2724935 m3 7786 0.00999999978 0.5 p11 20415 10
409 2734883 m7 73060 0 0.5 p11 20437 3
295 2738583 m7 76987 0 0.5 p11 20445 5
248 2740482 m1 72014 0 0.5 p11 20449 5
495 2747674 m8 84358 0 0.5 p11 20465 2
358 2767344 m1 94484 0 0.5 p11 20508 8
510 2794270 m8 86739 0 0.5 p11 20567 2
168 2803508 m6 51529 0.00999999978 0.5 p11 20587 10
318 2837212 m8 84744 0 0.5 p11 20660 8
519 2857337 m1 98138 0 0.5 p11 20704 2
291 2867433 m7 76677 0 0.5 p11 20726 5
53 2867478 m3 10279 0.00999999978 0.5 p11 20726 10
116 2893611 m1 32877 0 0.5 p11 20783 10
476 2894523 m7 74990 0 0.5 p11 20785 2
238 2920159 m1 69228 0 0.5 p11 20841 5
352 2925259 m1 89973 0 0.5 p11 20852 8
179 2936669 m6 52310 0.00999999978 0.5 p11 20877 10
492 2958103 m1 81873 0 0.5 p11 20924 2
213 2959086 m1 57702 0 0.5 p11 20926 10
422 2973576 m7 76416 0 0.5 p11 20958 3
57 3042018 m3 10905 0.00999999978 0.5 p11 21108 10
499 3059821 m8 84942 0 0.5 p11 21147 2
479 3061657 m7 75406 0 0.5 p11 21151 2
283 3065269 m7 76142 0 0.5 p11 21159 5
193 3083651 m6 53104 0.00999999978 0.5 p11 21199 10
512 3094531 m1 91027 0 0.5 p11 21223 2
419 3102642 m7 76312 0 0.5 p11 21241 3
486 3110826 m7 76835 0 0.5 p11 21259 2
481 3111742 m7 75530 0 0.5 p11 21261 2
497 3119499 m8 84594 0 0.5 p11 21278 2
482 3139669 m7 75958 0 0.5 p11 21322 2
509 3142415 m8 86647 0 0.5 p11 21328 2
518 3146412 m1 97973 0 0.5 p11 21337 2
151 3159197 m6 50307 0.00999999978 0.5 p11 21365 10
505 3168801 m8 86174 0 0.5 p11 21386 2
35 3195900 m3 8838 0.00999999978 0.5 p11 21446 10
362 3195926 m1 95207 0 0.5 p11 21446 8
354 3232467 m1 91368 0 0.5 p11 21526 8
418 3247410 m7 75652 0 0.5 p11 21559 3
78 3258405 m1 19406 0 0.5 p11 21583 10
426 3263795 m7 76910 0 0.5 p11 21595 3
194 3270635 m6 53176 0.00999999978 0.5 p11 21610 10
253 3282633 m7 72935 0 0.5 p11 21636 5
181 3318145 m6 52345 0.00999999978 0.5 p11 21714 10
336 3369282 m8 86012 0 0.5 p11 21826 8
423 3370647 m7 76518 0 0.5 p11 21829 3
356 3379695 m1 92299 0 0.5 p11 21849 8
196 3388337 m6 53353 0.00999999978 0.5 p11 21868 10
27 3421986 m3 8012 0.00999999978 0.5 p11 21941 10
494 3425190 m1 84108 0 0.5 p11 21948 2
316 3429198 m8 84640 0 0.5 p11 21957 8
417 3434678 m7 75637 0 0.5 p11 21969 3
398 3438739 m6 51062 0.00999999978 0.5 p11 21978 6
467 3455208 m1 58119 0 0.5 p11 22014 2
235 3458755 m1 68082 0 0.5 p11 22022 5
491 3461019 m1 80495 0 0.5 p11 22027 2
401 3464662 m6 52470 0.00999999978 0.5 p11 22035 5
202 3527188 m1 55248 0 0.5 p11 22171 5
162 3532215 m6 51190 0.00999999978 0.5 p11 22182 4
323 3536811 m8 84943 0 0.5 p11 22192 8
489 3576626 m1 78092 0 0.5 p11 22279 2
521 3587060 m1 99111 0 0.5 p11 22302 2
335 3591098 m8 85997 0 0.5 p11 22311 8
404 3594284 m1 56815 0 0.5 p11 22318 3
102 3603410 m1 27229 0 0.5 p11 22338 6
96 3620486 m1 24798 0 0.5 p11 22376 6
84 3655552 m1 22080 0 0.5 p11 22453 7
387 3675077 m1 19005 0 0.5 p11 22496 3
496 3685958 m8 84500 0 0.5 p11 22520 2
402 3687354 m6 53059 0.00999999978 0.5 p11 22523 5
317 3719545 m8 84654 0 0.5 p11 22594 8
478 3724548 m7 75383 0 0.5 p11 22605 2
265 3739809 m7 73959 0 0.5 p11 22638 7
148 3781545 m6 49733 0.00999999978 0.5 p11 22730 4
472 3810680 m1 71161 0 0.5 p11 22794 2
215 3816133 m1 57924 0 0.5 p11 22806 5
488 3832198 m7 77111 0 0.5 p11 22841 2
385 3843050 m1 14193 0 0.5 p11 22865 3
388 3853146 m1 21017 0 0.5 p11 22887 3
403 3868526 m1 54026 0 0.5 p11 22921 5
408 3870904 m1 71548 0 0.5 p11 22926 3
384 3873227 m3 10015 0.00999999978 0.5 p11 22931 3
94 3876854 m1 24673 0 0.5 p11 22939 6
382 3886754 m3 8723 0.00999999978 0.5 p11 22961 3
332 3886813 m8 85772 0 0.5 p11 22961 5
355 3894572 m1 92279 0 0.5 p11 22978 5
420 3904866 m7 76330 0 0.5 p11 23001 3
484 3908579 m7 76743 0 0.5 p11 23009 2
203 3915041 m1 55483 0 0.5 p11 23023 5
433 3920886 m1 92863 0 0.5 p11 23036 3
470 3924079 m1 68850 0 0.5 p11 23043 2
389 3950325 m1 26472 0 0.5 p11 23101 4
378 3972996 m1 98744 0 0.5 p11 23151 4
396 3974359 m6 49585 0.00999999978 0.5 p11 23154 6
471 3978420 m1 70361 0 0.5 p11 23163 2
199 3983881 m6 53535 0.00999999978 0.5 p11 23175 5
430 3984357 m8 85411 0 0.5 p11 23176 3
413 3985311 m7 74269 0 0.5 p11 23178 3
427 3988507 m1 78993 0 0.5 p11 23185 3
473 3996526 m1 71715 0 0.5 p11 23203 2
284 4018405 m7 76244 0 0.5 p11 23251 5
468 4029747 m1 59778 0 0.5 p11 23276 2
217 4034386 m1 59413 0 0.5 p11 23286 5
379 4040308 m1 2815 0 0.5 p11 23299 3
38 4058953 m3 9358 0.00999999978 0.5 p11 23340 7
391 4059403 m1 29877 0 0.5 p11 23341 4
86 4067707 m1 22553 0 0.5 p11 23359 7
477 4070938 m7 75015 0 0.5 p11 23366 2
286 4071940 m7 76349 0 0.5 p11 23368 5
397 4072810 m6 49800 0.00999999978 0.5 p11 23370 3
373 4077369 m1 99613 0 0.5 p11 23380 4
263 4093185 m2 73509 0 0.5 p11 23415 7
374 4096812 m1 93557 0 0.5 p11 23423 4
487 4100023 m7 76956 0 0.5 p11 23430 2
386 4134140 m2 16865 0 0.5 p11 23505 3
406 4143308 m1 69727 0 0.5 p11 23525 3
410 4144709 m7 73070 0 0.5 p11 23528 3
175 4148059 m6 52053 0.00999999978 0.5 p11 23535 5
49 4165276 m3 10156 0.00999999978 0.5 p11 23573 7
431 4170815 m8 86267 0 0.5 p11 23585 3
502 4191739 m8 85180 0 0.5 p11 23631 2
498 4194639 m8 84816 0 0.5 p11 23637 2
319 4202948 m8 84791 0 0.5 p11 23655 5
380 4218313 m3 7946 0.00999999978 0.5 p11 23689 3
469 4218392 m1 61486 0 0.5 p11 23689 2
56 4222871 m3 10782 0.00999999978 0.5 p11 23699 7
290 4252058 m7 76588 0 0.5 p11 23763 5
109 4302446 m1 29785 0 0.5 p11 23873 6
204 4306119 m1 55518 0 0.5 p11 23881 5
432 4312413 m1 91991 0 0.5 p11 23895 3
195 4317840 m6 53333 0.00999999978 0.5 p11 23907 5
434 4346289 m1 5276 0 0.5 p11 23969 2
393 4359510 m1 39696 0 0.5 p11 23998 4
256 4362349 m7 73157 0 0.5 p11 24004 7
375 4379497 m1 94602 0 0.5 p11 24042 4
412 4400820 m7 74117 0 0.5 p11 24089 3
436 4406909 m3 9231 0.00999999978 0.5 p11 24102 2
485 4423635 m7 76828 0 0.5 p11 24139 2
435 4425002 m3 9019 0.00999999978 0.5 p11 24142 2
500 4429657 m8 85031 0 0.5 p11 24152 2
464 4434172 m1 32247 0 0.5 p11 24162 1
520 4449618 m1 98831 0 0.5 p11 24196 2
392 4461563 m1 37449 0 0.5 p11 24222 4
302 4462050 m1 78102 0 0.5 p11 24223 5
298 4470600 m7 77176 0 0.5 p11 24242 5
447 4472895 m2 51776 0 0.5 p11 24247 1
24 4483454 m3 7495 0.00999999978 0.5 p11 24270 4
490 4486200 m1 79302 0 0.5 p11 24276 2
201 4486702 m1 54088 0 0.5 p11 24277 5
407 4493438 m1 71083 0 0.5 p11 24292 3
480 4494763 m7 75474 0 0.5 p11 24295 2
383 4514097 m3 9038 0.00999999978 0.5 p11 24337 3
12 4521049 m1 3434 0 0.5 p11 24352 4
466 4531860 m1 57073 0 0.5 p11 24376 2
200 4543140 m1 53863 0 0.5 p11 24401 5
443 4547227 m3 9511 0.00999999978 0.5 p11 24410 1
442 4555859 m3 8810 0.00999999978 0.5 p11 24429 1
377 4556344 m1 95688 0 0.5 p11 24430 4
390 4559547 m1 27144 0 0.5 p11 24437 4
399 4563661 m6 51713 0.00999999978 0.5 p11 24446 3
259 4573024 m7 73330 0 0.5 p11 24467 5
405 4574884 m1 66443 0 0.5 p11 24471 3
483 4576295 m7 76433 0 0.5 p11 24474 2
134 4583943 m1 43632 0 0.5 p11 24491 4
456 4591232 m1 97599 0 0.5 p11 24507 1
459 4596142 m1 4571 0 0.5 p11 24518 1
462 4605925 m1 23479 0 0.5 p11 24539 1
458 4614597 m1 4560 0 0.5 p11 24558 1
507 4621366 m8 86239 0 0.5 p11 24573 2
493 4624093 m1 82054 0 0.5 p11 24579 2
353 4630237 m1 90411 0 0.5 p11 24592 4
448 4638491 m1 6981 0 0.5 p11 24610 2
429 4647526 m8 84828 0 0.5 p11 24630 2
450 4652142 m1 57274 0 0.5 p11 24640 1
345 4658431 m8 86993 0 0.5 p11 24654 4
461 4658436 m1 14614 0 0.5 p11 24654 1
474 4660264 m7 73585 0 0.5 p11 24658 2
395 4662158 m1 45888 0 0.5 p11 24662 1
465 4664442 m1 41665 0 0.5 p11 24667 1
463 4684979 m1 26757 0 0.5 p11 24712 1
449 4687292 m1 20925 0 0.5 p11 24717 2
460 4692120 m1 14241 0 0.5 p11 24728 1
454 4705025 m1 80988 0 0.5 p11 24756 1
438 4708185 m1 28419 0 0.5 p11 24763 1
400 4716355 m6 52380 0.00999999978 0.5 p11 24781 1
446 4731270 m1 34529 0 0.5 p11 24814 1
381 4731708 m3 8108 0.00999999978 0.5 p11 24815 1
394 4737879 m1 40076 0 0.5 p11 24829 1
439 4738348 m2 50851 0 0.5 p11 24830 1
437 4743656 m1 24852 0 0.5 p11 24842 1
376 4747183 m1 94650 0 0.5 p11 24850 1
457 4754874 m1 45165 0 0.5 p11 24868 1
455 4761542 m1 91505 0 0.5 p11 24883 1
451 4763231 m1 60465 0 0.5 p11 24887 1
428 4773451 m1 80135 0 0.5 p11 24910 1
452 4773834 m1 79429 0 0.5 p11 24911 1
444 4775188 m1 20100 0 0.5 p11 24914 1
445 4776539 m1 26352 0 0.5 p11 24917 1
230 4780028 m1 66614 0 0.5 p11 24925 2
441 4782637 m1 68210 0 0.5 p11 24931 1
440 4783527 m1 67523 0 0.5 p11 24933 1
453 4784359 m1 79637 0 0.5 p11 24935 1
108 4789586 m1 29653 0 0.5 p11 24947 2
163 4807517 m6 51243 0.00999999978 0.5 p11 24988 2
Genomes:
p11:0 A 0 1 2 3 4 5 6 7 8 9 10 11 12 13 14 15 16 17 18 19 20 21 22 23 24 25 26 27 28 29 30 31 32 33 34 35 36 37 38 39 40 41 42 43 44 45 46 47 48 49 50 51 52 53 54 55 56 57 58 59 60 61 62 63 64 65 66 67 68 69 70 71 72 73 74 75 76 77 78 79 80 81 82 83 84 85 86 87 88 89 90 91 92 93 94 95 96 97 98 99 100 101 102 103 104 105 106 107 108 109 110 111 112 113 114 115 116 117 118 119 120 121 122 123 124 125 126 127 128 129 130 131 132 133 134 135 136 137 138 139 140 141 142 143 144 145 146 147 148 149 150 151 152 153 154 155 156 157 158 159 160 161 162 163 164 165 166 167 168 169 170 171 172 173 174 175 176 177 178 179 180 181 182 183 184 185 186 187 188 189 190 191 192 193 194 195 196 197 198 199 200 201 202 203 204 205 206 207 208 209 210 211 212 213 214 215 216 217 218 219 220 221 222 223 224 225 226 227 228 229 230 231 232 233 234 235 236 237 238 239 240 241 242 243 244 245 246 247 248 249 250 251 252 253 254 255 256 257 258 259 260 261 262 263 264 265 266 267 268 269 270 271 272 273 274 275 276 277 278 279 280 281 282 283 284 285 286 287 288 289 290 291 292 293 294 295 296 297 298 299 300 301 302 303 304 305 306 307 308 309 310 311 312 313 314 315 316 317 318 319 320 321 322 323 324 325 326 327 328 329 330 331 332 333 334 335 336 337 338 339 340 341 342 343 344 345 346 347 348 349 350 351 352 353 354 355 356 357 358 359 360 361 362 363 364 365 366 367 368 369 370 371 372 373
p11:1 A 0 1 2 3 4 5 6 7 8 9 10 11 12 13 14 15 16 17 18 19 20 21 22 23 24 25 26 27 28 29 30 31 32 33 34 35 36 37 38 39 40 41 42 43 44 45 46 47 48 49 50 51 52 53 54 55 56 57 58 59 60 61 62 63 64 65 66 67 68 69 70 71 72 73 74 75 76 77 78 79 80 81 82 83 84 85 86 87 88 89 90 91 92 93 94 95 96 97 98 99 100 101 102 103 104 105 106 107 109 110 111 112 113 114 115 116 117 118 119 120 121 122 123 124 125 126 127 128 129 130 131 132 133 134 135 136 137 138 139 140 141 142 143 144 145 146 147 148 149 150 151 152 153 154 155 156 157 158 159 160 161 162 164 165 166 167 168 169 170 171 172 173 174 175 176 177 178 179 180 181 182 183 184 185 186 187 188 189 190 191 192 193 194 195 196 197 198 199 200 201 202 203 204 205 206 207 208 209 210 211 212 213 214 215 216 217 218 219 220 221 222 223 224 225 226 227 228 229 231 232 233 234 235 236 237 238 239 240 241 242 243 244 245 246 247 248 249 250 251 252 253 254 255 256 257 258 259 260 261 262 263 264 265 266 267 268 269 270 271 272 273 274 275 276 277 278 279 280 281 282 283 284 285 286 287 288 289 290 291 292 293 294 295 296 297 298 299 300 301 302 303 304 305 306 307 308 309 310 311 312 313 314 315 316 317 318 319 320 321 322 323 324 325 326 327 328 329 330 331 332 333 334 335 336 337 338 339 340 341 342 343 344 345 346 347 348 349 350 351 352 353 354 355 356 374 357 358 375 376 359 360 361 362 363 377 364 365 366 367 368 378 369 370 371 372
p11:2 A 0 1 2 3 4 5 6 7 8 9 10 379 11 13 14 15 16 17 18 19 20 21 22 23 25 26 380 27 28 29 30 381 31 32 33 34 382 35 383 36 37 39 40 41 42 43 44 45 46 47 384 48 50 51 52 53 54 55 57 58 59 60 61 62 63 64 65 66 67 68 69 385 70 71 72 386 73 74 75 387 76 77 78 79 80 81 388 82 83 85 87 88 89 90 91 92 93 95 97 98 99 100 389 101 390 103 104 105 106 107 391 110 111 112 113 114 115 116 117 118 119 120 121 392 122 123 124 125 126 393 394 127 128 129 130 131 132 133 135 136 137 138 395 139 140 141 142 143 144 145 146 147 396 397 149 150 151 152 153 154 155 156 157 158 398 159 160 161 164 165 166 167 168 169 399 170 171 172 173 174 176 177 178 179 180 181 400 182 183 184 185 186 401 187 188 189 190 191 192 402 193 194 196 197 198 403 205 206 207 208 209 404 210 211 212 213 214 216 218 219 220 221 222 223 224 225 226 227 228 229 405 231 232 233 234 236 237 239 240 406 241 242 243 244 245 407 408 246 247 249 250 251 252 254 255 409 410 257 258 411 260 264 412 413 267 268 270 414 272 415 416 417 418 276 278 419 420 421 422 289 423 424 425 426 296 299 300 301 303 304 427 305 428 306 307 308 309 310 311 312 313 314 315 316 317 318 429 320 321 322 323 324 325 326 430 327 328 329 330 331 333 334 335 336 337 338 431 339 340 341 342 343 344 346 347 348 349 350 351 352 354 432 356 433 374 357 358 375 359 360 361 362 363 377 364 365 366 367 368 378 369 370 371 372
p11:3 A 0 1 2 3 4 5 6 7 8 9 10 11 13 14 434 15 16 17 18 19 20 21 22 23 25 26 27 28 29 30 31 32 33 34 35 435 36 37 436 38 39 40 41 42 43 44 45 46 47 48 49 50 51 52 53 54 55 56 57 58 59 60 61 62 63 64 65 66 67 68 69 70 71 72 73 74 75 76 77 78 79 80 81 82 83 84 85 86 87 88 89 90 91 92 93 95 437 97 98 99 100 389 101 390 103 438 104 105 106 107 391 110 111 112 113 114 115 116 117 118 119 120 121 392 122 123 124 125 126 393 127 128 129 130 131 132 133 135 136 137 138 139 140 141 142 143 144 145 146 147 396 397 149 150 151 152 153 154 155 156 439 157 158 398 159 160 161 164 165 166 167 168 169 399 170 171 172 173 174 176 177 178 179 180 181 182 183 184 185 186 401 187 188 189 190 191 192 402 193 194 196 197 198 403 205 206 207 208 209 404 210 211 212 213 214 216 218 219 220 221 222 223 224 225 226 227 228 229 405 231 232 233 440 234 441 236 237 239 240 406 241 242 243 244 245 407 408 246 247 249 250 251 252 254 255 409 410 257 258 411 260 264 412 413 267 268 270 414 272 415 416 417 418 276 278 419 420 421 422 289 423 424 425 426 296 299 300 301 303 304 427 305 306 307 308 309 310 311 312 313 314 315 316 317 318 429 320 321 322 323 324 325 326 430 327 328 329 330 331 333 334 335 336 337 338 431 339 340 341 342 343 344 346 347 348 349 350 351 352 354 432 356 433 374 357 358 375 359 360 361 362 363 377 364 365 366 367 368 378 369 370 371 372
p11:4 A 0 1 2 3 4 5 6 7 8 9 10 11 13 14 15 16 17 18 19 20 21 22 23 25 26 27 28 29 30 31 32 33 34 442 35 36 37 38 39 40 443 41 42 43 44 45 46 47 48 49 50 51 52 53 54 55 56 57 58 59 60 61 62 63 64 65 66 67 68 69 70 71 72 73 74 75 76 77 78 79 80 81 444 82 83 84 85 86 87 88 89 90 91 92 93 94 95 96 97 98 99 100 445 101 102 103 104 105 106 107 109 110 111 112 113 114 115 116 117 118 119 120 446 121 122 123 124 125 126 127 128 129 130 131 132 133 135 136 137 138 139 140 141 142 143 144 145 146 147 396 149 150 151 152 153 154 155 156 157 158 398 159 160 161 164 165 166 167 168 169 170 171 447 172 173 174 175 176 177 178 179 180 181 182 183 184 185 186 187 188 189 190 191 192 193 194 195 196 197 198 199 200 201 202 203 204 205 206 207 208 209 210 211 212 213 214 215 216 217 218 219 220 221 222 223 224 225 226 227 228 229 231 232 233 234 235 236 237 238 239 240 241 242 243 244 245 246 247 248 249 250 251 252 253 254 255 256 257 258 259 260 261 262 263 264 265 266 267 268 269 270 271 272 273 274 275 276 277 278 279 280 281 282 283 284 285 286 287 288 289 290 291 292 293 294 295 296 297 298 299 300 301 302 303 304 305 306 307 308 309 310 311 312 313 314 315 316 317 318 319 320 321 322 323 324 325 326 327 328 329 330 331 332 333 334 335 336 337 338 339 340 341 342 343 344 346 347 348 349 350 351 352 354 355 356 357 358 359 360 361 362 363 364 365 366 367 368 369 370 371 372 373
p11:5 A 0 1 2 3 4 5 6 7 8 9 10 379 11 13 14 15 16 17 448 18 19 20 21 22 23 25 26 380 27 28 29 30 31 32 33 34 382 35 383 36 37 39 40 41 42 43 44 45 46 47 384 48 50 51 52 53 54 55 57 58 59 60 61 62 63 64 65 66 67 68 69 385 70 71 72 386 73 74 75 387 76 77 78 79 80 81 449 388 82 83 85 87 88 89 90 91 92 93 95 97 98 99 100 389 101 390 103 104 105 106 107 391 110 111 112 113 114 115 116 117 118 119 120 121 392 122 123 124 125 126 393 127 128 129 130 131 132 133 135 136 137 138 139 140 141 142 143 144 145 146 147 396 397 149 150 151 152 153 154 155 156 157 158 398 159 160 161 164 165 166 167 168 169 399 170 171 172 173 174 176 177 178 179 180 181 182 183 184 185 186 401 187 188 189 190 191 192 402 193 194 196 197 198 403 205 206 207 208 209 404 210 450 211 212 213 214 216 218 219 451 220 221 222 223 224 225 226 227 228 229 405 231 232 233 234 236 237 239 240 406 241 242 243 244 245 407 408 246 247 249 250 251 252 254 255 409 410 257 258 411 260 264 412 413 267 268 270 414 272 415 416 417 418 276 278 419 420 421 422 289 423 424 425 426 296 299 300 301 303 304 427 452 453 305 306 454 307 308 309 310 311 312 313 314 315 316 317 318 320 321 322 323 324 325 326 430 327 328 329 330 331 333 334 335 336 337 338 431 339 340 341 342 343 344 346 347 348 349 350 351 352 354 455 432 356 433 374 357 358 375 359 360 361 362 363 377 364 365 366 367 456 368 378 369 370 371 372
p11:6 A 0 1 2 3 4 5 6 7 8 9 10 11 12 13 14 15 16 17 18 19 20 21 22 23 24 25 26 27 28 29 30 31 32 33 34 35 36 37 38 39 40 41 42 43 44 45 46 47 48 49 50 51 52 53 54 55 56 57 58 59 60 61 62 63 64 65 66 67 68 69 70 71 72 73 74 75 76 77 78 79 80 81 82 83 84 85 86 87 88 89 90 91 92 93 94 95 96 97 98 99 100 101 102 103 104 105 106 107 109 110 111 112 113 114 115 116 117 118 119 120 121 122 123 124 125 126 127 128 129 130 131 132 133 134 135 136 457 137 138 139 140 141 142 143 144 145 146 147 148 149 150 151 152 153 154 155 156 157 158 159 160 161 162 164 165 166 167 168 169 170 171 172 173 174 175 176 177 178 179 180 181 182 183 184 185 186 187 188 189 190 191 192 193 194 195 196 197 198 199 200 201 202 203 204 205 206 207 208 209 210 211 212 213 214 215 216 217 218 219 220 221 222 223 224 225 226 227 228 229 231 232 233 234 235 236 237 238 239 240 241 242 243 244 245 246 247 248 249 250 251 252 253 254 255 256 257 258 259 260 261 262 263 264 265 266 267 268 269 270 271 272 273 274 275 276 277 278 279 280 281 282 283 284 285 286 287 288 289 290 291 292 293 294 295 296 297 298 299 300 301 302 303 304 305 306 307 308 309 310 311 312 313 314 315 316 317 318 319 320 321 322 323 324 325 326 327 328 329 330 331 332 333 334 335 336 337 338 339 340 341 342 343 344 345 346 347 348 349 350 351 352 353 354 355 356 357 358 359 360 361 362 363 364 365 366 367 368 369 370 371 372 373
p11:7 A 0 1 2 3 4 5 6 7 8 9 10 11 13 458 459 14 434 15 16 17 18 19 20 21 22 23 25 26 27 28 29 30 31 32 33 34 35 435 36 37 436 38 39 40 41 42 43 44 45 46 47 48 49 50 51 52 53 54 55 56 57 58 59 60 61 62 63 64 65 66 67 68 69 460 461 70 71 72 73 74 75 76 77 78 79 80 81 82 83 84 85 86 87 88 462 89 90 91 92 93 94 95 96 97 98 99 100 101 463 102 103 104 105 106 107 109 110 111 112 113 114 464 115 116 117 118 119 120 121 122 123 124 125 126 127 128 129 130 131 132 465 133 135 136 137 138 139 140 141 142 143 144 145 146 147 396 149 150 151 152 153 154 155 156 157 158 398 159 160 161 164 165 166 167 168 169 170 171 172 173 174 176 177 178 179 180 181 182 183 184 185 186 401 187 188 189 190 191 192 402 193 194 196 197 198 403 205 206 207 208 209 466 210 211 212 213 214 467 216 218 468 219 469 220 221 222 223 224 225 226 227 228 229 231 232 233 234 470 236 237 239 240 241 242 471 243 244 245 472 473 246 247 249 250 251 252 254 255 256 257 258 260 261 262 263 474 264 265 267 475 268 269 270 271 476 477 272 273 478 479 275 480 481 276 277 278 279 280 482 281 282 285 287 483 288 289 292 484 485 486 294 487 296 488 297 299 300 301 489 303 304 490 491 306 307 308 492 493 310 311 312 313 314 494 315 495 496 497 498 499 324 500 501 502 503 325 326 327 329 504 334 337 505 506 507 508 341 509 510 511 348 349 512 513 514 361 363 365 366 367 515 516 517 518 519 368 520 521 370 371 372
p11:8 A 0 1 2 3 4 5 6 7 8 9 10 379 11 13 14 15 16 17 448 18 19 20 21 22 23 25 26 380 27 28 29 30 31 32 33 34 382 35 383 36 37 39 40 41 42 43 44 45 46 47 384 48 50 51 52 53 54 55 57 58 59 60 61 62 63 64 65 66 67 68 69 385 70 71 72 386 73 74 75 387 76 77 78 79 80 81 449 388 82 83 85 87 88 89 90 91 92 93 95 97 98 99 100 389 101 390 103 104 105 106 107 391 110 111 112 113 114 115 116 117 118 119 120 121 392 122 123 124 125 126 393 127 128 129 130 131 132 133 135 136 137 138 139 140 141 142 143 144 145 146 147 396 149 150 151 152 153 154 155 156 157 158 398 159 160 161 164 165 166 167 168 169 170 171 172 173 174 176 177 178 179 180 181 182 183 184 185 186 401 187 188 189 190 191 192 402 193 194 196 197 198 403 205 206 207 208 209 466 210 211 212 213 214 467 216 218 468 219 469 220 221 222 223 224 225 226 227 228 229 231 232 233 234 470 236 237 239 240 241 242 471 243 244 245 472 473 246 247 249 250 251 252 254 255 256 257 258 260 261 262 263 474 264 265 267 475 268 269 270 271 476 477 272 273 478 479 275 480 481 276 277 278 279 280 482 281 282 285 287 483 288 289 292 484 485 486 294 487 296 488 297 299 300 301 489 303 304 490 491 306 307 308 492 493 310 311 312 313 314 494 315 495 496 497 498 499 324 500 501 502 503 325 326 327 329 504 334 337 505 506 507 508 341 509 510 511 348 349 512 513 514 361 363 365 366 367 515 516 517 518 519 368 520 521 370 371 372
p11:9 A 0 1 2 3 4 5 6 7 8 9 10 11 12 13 14 15 16 17 18 19 20 21 22 23 24 25 26 27 28 29 30 31 32 33 34 35 36 37 38 39 40 41 42 43 44 45 46 47 48 49 50 51 52 53 54 55 56 57 58 59 60 61 62 63 64 65 66 67 68 69 70 71 72 73 74 75 76 77 78 79 80 81 82 83 84 85 86 87 88 89 90 91 92 93 94 95 96 97 98 99 100 101 102 103 104 105 106 107 108 109 110 111 112 113 114 115 116 117 118 119 120 121 122 123 124 125 126 127 128 129 130 131 132 133 134 135 136 137 138 139 140 141 142 143 144 145 146 147 148 149 150 151 152 153 154 155 156 157 158 159 160 161 162 163 164 165 166 167 168 169 170 171 172 173 174 175 176 177 178 179 180 181 182 183 184 185 186 187 188 189 190 191 192 193 194 195 196 197 198 199 200 201 202 203 204 205 206 207 208 209 210 211 212 213 214 215 216 217 218 219 220 221 222 223 224 225 226 227 228 229 230 231 232 233 234 235 236 237 238 239 240 241 242 243 244 245 246 247 248 249 250 251 252 253 254 255 256 257 258 259 260 261 262 263 264 265 266 267 268 269 270 271 272 273 274 275 276 277 278 279 280 281 282 283 284 285 286 287 288 289 290 291 292 293 294 295 296 297 298 299 300 301 302 303 304 305 306 307 308 309 310 311 312 313 314 315 316 317 318 319 320 321 322 323 324 325 326 327 328 329 330 331 332 333 334 335 336 337 338 339 340 341 342 343 344 345 346 347 348 349 350 351 352 353 354 355 356 357 358 359 360 361 362 363 364 365 366 367 368 369 370 371 372 373
