#OUT: 1500 SS p66 20 ./Data/elitesSample.txt
Mutations:
62 59850 m2 458832 0 0.5 p65 704 20
71 60104 m2 531536 0 0.5 p65 705 20
39 62068 m2 275796 0 0.5 p65 714 20
66 62784 m1 499388 0 0.5 p67 717 20
124 64987 m60 40850 0.0625905693 0.5 p67 728 9
2 65219 m50 15101 0.000680814555 0.5 p67 729 11
38 65612 m80 260392 0.034977559 0.5 p67 731 20
48 66006 m1 357731 0 0.5 p67 733 20
44 67731 m80 315386 0.0456046984 0.5 p67 741 20
59 68140 m80 446456 0.0037232961 0.5 p67 743 20
43 69510 m3 298522 -1.40646998e-05 0.100000001 p67 749 20
125 72640 m3 42257 -0.000152798908 0.100000001 p67 764 9
99 74533 m80 726584 0.00436956529 0.5 p67 772 20
102 75281 m81 727287 -0.00471590878 0.5 p67 775 20
94 76005 m81 713430 -0.00969577301 0.5 p67 778 20
87 77841 m80 649938 0.00172328611 0.5 p67 785 20
83 79618 m1 613821 0 0.5 p67 792 20
91 80837 m80 674621 0.000846273382 0.5 p67 797 20
11 82109 m1 40218 0 0.5 p67 802 11
23 83386 m1 113925 0 0.5 p67 807 20
27 83388 m70 137210 0.0207652077 0.5 p67 807 20
20 84132 m2 93257 0 0.5 p67 810 11
88 84669 m80 655443 0.0117927212 0.5 p67 812 20
19 85660 m61 86654 -0.00819464121 0.5 p67 816 11
41 86929 m80 277031 0.0177614931 0.5 p67 821 20
45 89215 m80 324501 0.0187951513 0.5 p67 830 20
140 90304 m1 97853 0 0.5 p67 834 9
0 92380 m1 2782 0 0.5 p66 842 11
46 94184 m2 325725 0 0.5 p67 849 20
130 94738 m1 51211 0 0.5 p67 851 9
53 94984 m80 395775 0.00668922858 0.5 p67 852 20
3 97829 m1 21975 0 0.5 p66 863 11
105 98140 m1 754378 0 0.5 p67 864 20
35 99681 m1 221699 0 0.5 p67 870 20
28 99689 m1 159864 0 0.5 p67 870 20
137 101229 m60 84262 0.021472279 0.5 p66 876 9
113 101480 m1 835753 0 0.5 p67 877 2
6 104759 m1 33335 0 0.5 p66 890 11
61 105334 m80 456269 0.0227224156 0.5 p67 892 20
81 105335 m1 608856 0 0.5 p67 892 20
93 107743 m80 710732 0.00704916473 0.5 p67 901 20
69 108221 m2 524857 0 0.5 p67 903 20
9 109251 m60 38022 0.0071496889 0.5 p66 907 11
96 111050 m80 720857 0.00227645645 0.5 p67 914 20
55 111308 m1 413435 0 0.5 p67 915 20
24 112515 m1 117764 0 0.5 p66 920 20
58 112767 m2 445130 0 0.5 p67 921 20
114 113291 m1 836048 0 0.5 p67 923 2
60 115087 m2 448200 0 0.5 p67 930 20
98 117325 m80 723021 0.0159563571 0.5 p67 939 20
21 118101 m61 95588 -0.00120358914 0.5 p66 942 11
79 123131 m2 606505 0 0.5 p67 962 20
90 123404 m81 674395 -0.0100635327 0.5 p67 963 20
82 123660 m1 613027 0 0.5 p67 964 20
70 124458 m80 526647 0.016296627 0.5 p67 967 20
50 129278 m80 385333 0.0352225192 0.5 p67 986 20
7 130559 m1 34739 0 0.5 p66 991 11
68 131625 m1 508556 0 0.5 p67 995 20
127 131872 m60 45111 0.00306799589 0.5 p66 996 9
52 134167 m81 395008 -0.00427974435 0.5 p67 1005 20
120 134937 m1 19715 0 0.5 p66 1008 9
67 136468 m1 502739 0 0.5 p67 1014 20
33 137775 m1 217693 0 0.5 p67 1019 20
25 138046 m1 129178 0 0.5 p66 1020 20
15 143767 m2 50195 0 0.5 p66 1042 11
22 144513 m61 97952 -0.0269027539 0.5 p66 1045 11
104 145879 m80 732912 0.00608641375 0.5 p67 1050 20
26 146109 m1 133203 0 0.5 p66 1051 20
135 147880 m60 69546 0.0381572172 0.5 p66 1058 9
47 149959 m2 332977 0 0.5 p67 1066 20
65 151520 m1 478979 0 0.5 p67 1072 20
101 151759 m80 726882 0.00279458216 0.5 p67 1073 20
32 153604 m1 215994 0 0.5 p67 1080 20
12 157584 m60 40488 0.034478806 0.5 p66 1096 11
73 158876 m80 540783 0.0559819974 0.5 p67 1101 20
89 158877 m2 665838 0 0.5 p67 1101 20
111 159628 m1 814534 0 0.5 p67 1104 20
42 160074 m1 293161 0 0.5 p67 1106 20
133 162141 m60 62603 0.0223276131 0.5 p66 1114 9
80 162429 m2 608569 0 0.5 p67 1115 20
76 163221 m80 584979 0.020720588 0.5 p67 1118 20
54 163999 m2 405933 0 0.5 p67 1121 20
110 164504 m1 803841 0 0.5 p66 1123 16
51 166868 m2 392470 0 0.5 p67 1132 20
138 167315 m1 85713 0 0.5 p66 1134 9
40 167592 m80 275871 0.000587693765 0.5 p67 1135 20
78 172256 m2 591928 0 0.5 p67 1153 20
56 172486 m3 421713 -0.0084214909 0.100000001 p67 1154 20
86 175875 m3 619459 -0.00344747142 0.100000001 p67 1167 20
30 176115 m81 190907 -0.0250224285 0.5 p67 1168 20
103 178677 m2 731048 0 0.5 p66 1178 20
139 183165 m61 88986 -0.00176361448 0.5 p66 1195 9
64 183646 m2 471718 0 0.5 p66 1197 20
13 185420 m60 45625 0.0196420737 0.5 p66 1204 11
5 186992 m1 32182 0 0.5 p66 1210 11
128 187252 m60 48259 0.0178388413 0.5 p66 1211 9
77 190150 m2 589929 0 0.5 p66 1222 20
57 196311 m1 426446 0 0.5 p66 1246 20
109 196572 m1 775503 0 0.5 p66 1247 20
1 199973 m1 4199 0 0.5 p66 1260 11
85 201780 m1 618768 0 0.5 p66 1267 20
4 203572 m1 26169 0 0.5 p66 1274 11
10 204352 m60 38412 0.0014028959 0.5 p66 1277 11
108 204589 m90 771933 0.00670481334 0.5 p66 1278 20
8 205571 m1 35304 0 0.5 p66 1282 11
75 205831 m1 571086 0 0.5 p66 1283 20
126 207914 m3 44071 -0.0741019249 0.100000001 p66 1291 9
121 207915 m1 27540 0 0.5 p66 1291 9
37 208193 m81 256837 -0.00726506021 0.5 p66 1292 20
34 211837 m1 219249 0 0.5 p66 1306 20
95 212089 m2 718867 0 0.5 p66 1307 20
92 214683 m3 693536 -0.0277699586 0.100000001 p66 1317 20
107 214933 m90 771137 0.0151766874 0.5 p66 1318 20
129 214934 m60 50068 0.000850288256 0.5 p66 1318 9
36 216732 m1 222521 0 0.5 p66 1325 20
100 218286 m2 726875 0 0.5 p66 1331 20
134 221139 m60 66743 0.00723560341 0.5 p66 1342 9
16 221904 m60 57805 0.00773854693 0.5 p66 1345 11
17 226915 m60 62232 0.00329433545 0.5 p66 1364 11
148 227431 m1 828145 0 0.5 p66 1366 10
143 228205 m1 295177 0 0.5 p66 1369 7
119 228724 m1 843182 0 0.5 p66 1371 4
97 228990 m2 721133 0 0.5 p66 1372 9
136 231588 m60 83818 0.00524557289 0.5 p66 1382 9
142 233165 m1 177564 0 0.5 p66 1388 7
167 233428 m1 746065 0 0.5 p66 1389 4
168 235443 m1 753795 0 0.5 p66 1397 4
147 235643 m1 807928 0 0.5 p66 1398 14
144 235951 m2 512427 0 0.5 p66 1399 7
122 236700 m1 28900 0 0.5 p66 1402 9
74 236961 m1 543243 0 0.5 p66 1403 9
106 237747 m1 767339 0 0.5 p66 1406 9
161 238045 m1 366785 0 0.5 p66 1407 4
118 238297 m1 833525 0 0.5 p66 1408 4
49 238547 m1 361070 0 0.5 p66 1409 9
165 242962 m1 630570 0 0.5 p66 1426 4
112 243480 m1 826806 0 0.5 p66 1428 2
18 244256 m60 86366 0.00992528442 0.5 p66 1431 11
117 244525 m1 825202 0 0.5 p66 1432 4
152 245075 m1 486018 0 0.5 p66 1434 1
131 245343 m60 55427 0.0128761809 0.5 p66 1435 9
123 246902 m61 40733 -0.00115391647 0.5 p66 1441 9
146 247435 m1 750284 0 0.5 p66 1443 7
14 247953 m1 47395 0 0.5 p66 1445 1
29 247954 m1 160046 0 0.5 p66 1445 1
169 248206 m100 790262 0.00806073472 0.5 p66 1446 4
163 248465 m1 561428 0 0.5 p66 1447 4
179 248481 m1 637530 0 0.5 p66 1447 3
72 248489 m2 533377 0 0.5 p66 1447 1
170 250525 m1 807868 0 0.5 p66 1455 4
154 251561 m81 709792 -0.00322363968 0.5 p66 1459 1
141 252039 m1 108731 0 0.5 p66 1461 6
174 252318 m2 334372 0 0.5 p66 1462 1
116 252568 m1 416405 0 0.5 p66 1463 3
132 253061 m61 57497 -0.00449300604 0.5 p66 1465 4
173 253551 m80 210070 0.0038578636 0.5 p66 1467 1
159 253565 m1 758880 0 0.5 p66 1467 2
166 254048 m2 718234 0 0.5 p66 1469 4
151 254067 m2 460506 0 0.5 p66 1469 1
145 254324 m2 590252 0 0.5 p66 1470 3
184 254331 m2 134547 0 0.5 p66 1470 5
177 254587 m81 513958 -0.00222982932 0.5 p66 1471 1
160 254588 m1 220596 0 0.5 p66 1471 4
153 254596 m2 518839 0 0.5 p66 1471 1
150 254843 m2 192451 0 0.5 p66 1472 1
171 255627 m1 116864 0 0.5 p66 1475 1
157 256135 m3 295288 -0.07493411 0.100000001 p66 1477 2
192 256403 m1 544369 0 0.5 p66 1478 1
84 256410 m1 616935 0 0.5 p66 1478 1
193 256926 m1 791886 0 0.5 p66 1480 1
175 256930 m3 569206 -0.00474292366 0.100000001 p66 1480 1
195 257179 m81 329057 -0.0153854173 0.5 p66 1481 1
183 257873 m2 50606 0 0.5 p66 1484 1
180 258365 m2 271329 0 0.5 p66 1486 1
182 258622 m1 766156 0 0.5 p66 1487 1
190 258632 m2 410648 0 0.5 p66 1487 1
191 259126 m1 415825 0 0.5 p66 1489 1
172 259137 m1 121356 0 0.5 p66 1489 1
189 259140 m1 619012 0 0.5 p66 1489 2
162 259159 m2 534403 0 0.5 p66 1489 1
188 259621 m60 81508 0.00252127089 0.5 p66 1491 2
156 259626 m1 237178 0 0.5 p66 1491 2
196 259911 m3 634777 -0.00318633812 0.100000001 p66 1492 1
185 259916 m3 234729 -0.0274250973 0.100000001 p66 1492 1
186 259917 m3 236432 -0.0368759148 0.100000001 p66 1492 1
164 260157 m81 586716 -0.00203270884 0.5 p66 1493 1
187 260181 m1 443510 0 0.5 p66 1493 1
181 260420 m2 538039 0 0.5 p66 1494 1
194 260429 m1 507970 0 0.5 p66 1494 1
158 260444 m1 748544 0 0.5 p66 1494 2
178 260689 m1 614946 0 0.5 p66 1495 1
155 260947 m80 212594 0.0324111991 0.5 p66 1496 2
31 261208 m2 206055 0 0.5 p66 1497 1
149 261432 m2 278304 0 0.5 p66 1498 1
63 261718 m80 466591 0.00159099267 0.5 p66 1499 1
176 261987 m1 154650 0 0.5 p66 1500 1
115 261989 m2 191445 0 0.5 p66 1500 1
Genomes:
p66:0 A 0 1 2 3 4 5 6 7 8 9 10 11 12 13 14 15 16 17 18 19 20 21 22 23 24 25 26 27 28 29 30 31 32 33 34 35 36 37 38 39 40 41 42 43 44 45 46 47 48 49 50 51 52 53 54 55 56 57 58 59 60 61 62 63 64 65 66 67 68 69 70 71 72 73 74 75 76 77 78 79 80 81 82 83 84 85 86 87 88 89 90 91 92 93 94 95 96 97 98 99 100 101 102 103 104 105 106 107 108 109 110 111 112 113 114
p66:1 A 0 1 2 3 4 5 6 7 8 9 10 11 12 13 15 16 17 18 19 20 21 22 23 24 25 26 27 28 30 115 32 33 34 35 36 37 38 39 40 41 42 43 44 45 46 47 48 49 50 51 52 53 54 55 116 56 57 58 59 60 61 62 64 65 66 67 68 69 70 71 73 74 75 76 77 78 79 80 81 82 83 85 86 87 88 89 90 91 92 93 94 95 96 97 98 99 100 101 102 103 104 105 106 107 108 109 111 117 118 119
p66:2 A 120 121 122 123 124 125 126 127 128 129 130 131 132 133 134 135 136 137 138 139 140 141 23 24 25 26 27 28 142 30 32 33 34 35 36 37 38 39 40 41 42 143 43 44 45 46 47 48 50 51 52 53 54 55 56 57 58 59 60 61 62 64 65 66 67 68 144 69 70 71 73 75 76 77 145 78 79 80 81 82 83 85 86 87 88 89 90 91 92 93 94 95 96 98 99 100 101 102 103 104 146 105 107 108 109 110 147 111 148
p66:3 A 120 121 122 123 124 125 126 127 128 129 130 131 132 133 134 135 136 137 138 139 140 141 23 24 25 26 27 28 142 30 32 33 34 35 36 37 38 39 40 41 149 42 143 43 44 45 46 47 48 50 51 52 53 54 55 56 57 58 59 60 61 62 64 65 66 67 68 144 69 70 71 73 75 76 77 78 79 80 81 82 83 85 86 87 88 89 90 91 92 93 94 95 96 98 99 100 101 102 103 104 146 105 107 108 109 110 147 111 148
p66:4 A 120 121 122 123 124 125 126 127 128 129 130 131 133 134 135 136 137 138 139 140 23 24 25 26 27 28 30 150 32 33 34 35 36 37 38 39 40 41 42 43 44 45 46 47 48 49 50 51 52 53 54 55 56 57 58 59 60 61 62 151 64 65 152 66 67 68 153 69 70 71 73 74 75 76 77 78 79 80 81 82 83 85 86 87 88 89 90 91 92 154 93 94 95 96 97 98 99 100 101 102 103 104 105 106 107 108 109 110 111 112 113 114
p66:5 A 120 121 122 123 124 125 126 127 128 129 130 131 133 134 135 136 137 138 139 140 141 23 24 25 26 27 28 142 30 155 32 33 34 35 36 156 37 38 39 40 41 42 143 157 43 44 45 46 47 48 50 51 52 53 54 55 56 57 58 59 60 61 62 64 65 66 67 68 144 69 70 71 73 75 76 77 78 79 80 81 82 83 85 86 87 88 89 90 91 92 93 94 95 96 98 99 100 101 102 103 104 158 146 105 159 107 108 109 110 147 111 148
p66:6 A 120 121 122 123 124 125 126 127 128 129 130 131 133 134 135 136 137 138 139 140 23 24 25 26 27 28 30 32 33 34 160 35 36 37 38 39 40 41 42 43 44 45 46 47 48 161 50 51 52 53 54 55 56 57 58 59 60 61 62 64 65 66 67 68 69 70 71 162 73 163 75 76 164 77 78 79 80 81 82 83 85 86 165 87 88 89 90 91 92 93 94 166 95 96 98 99 100 101 102 103 104 167 168 105 107 108 109 169 110 170 147 111
p66:7 A 0 1 2 3 4 5 6 7 8 9 10 11 12 13 15 16 17 18 19 20 21 22 23 171 24 172 25 26 27 28 30 173 32 33 34 35 36 37 38 39 40 41 42 43 44 45 46 47 174 48 49 50 51 52 53 54 55 56 57 58 59 60 61 62 64 65 66 67 68 69 70 71 73 74 175 75 76 77 78 79 80 81 82 83 85 86 87 88 89 90 91 92 93 94 95 96 97 98 99 100 101 102 103 104 105 106 107 108 109 111 117 118 119
p66:8 A 0 1 2 3 4 5 6 7 8 9 10 11 12 13 15 16 17 18 19 20 21 22 23 24 25 26 27 176 28 30 32 33 34 35 36 37 38 39 40 41 42 43 44 45 46 47 48 49 50 51 52 53 54 55 56 57 58 59 60 61 62 64 65 66 67 68 177 69 70 71 73 74 75 76 77 78 79 80 81 82 83 178 85 86 179 87 88 89 90 91 92 93 94 95 96 97 98 99 100 101 102 103 104 105 106 107 108 109 110 147 111 148
p66:9 A 120 121 122 123 124 125 126 127 128 129 130 131 132 133 134 135 136 137 138 139 140 141 23 24 25 26 27 28 142 30 32 33 34 35 36 37 38 180 39 40 41 42 143 43 44 45 46 47 48 50 51 52 53 54 55 56 57 58 59 60 61 62 64 65 66 67 68 144 69 70 71 181 73 75 76 77 145 78 79 80 81 82 83 85 86 87 88 89 90 91 92 93 94 95 96 98 99 100 101 102 103 104 146 105 182 107 108 109 110 147 111 148
p66:10 A 0 1 2 3 4 5 6 7 8 9 10 11 12 13 15 183 16 17 18 19 20 21 22 23 24 25 26 184 27 28 30 32 33 34 35 36 185 186 37 38 39 40 41 42 43 44 45 46 47 48 49 50 51 52 53 54 55 56 57 187 58 59 60 61 62 64 65 66 67 68 69 70 71 73 74 75 76 77 78 79 80 81 82 83 85 86 179 87 88 89 90 91 92 93 94 95 96 97 98 99 100 101 102 103 104 105 106 107 108 109 110 147 111 148
p66:11 A 120 121 122 123 124 125 126 127 128 129 130 131 133 134 135 136 137 138 139 140 141 23 24 25 26 27 28 142 30 155 32 33 34 35 36 156 37 38 39 40 41 42 143 157 43 44 45 46 47 48 50 51 52 53 54 55 56 57 58 59 60 61 62 64 65 66 67 68 144 69 70 71 73 75 76 77 78 79 80 81 82 83 85 86 87 88 89 90 91 92 93 94 95 96 98 99 100 101 102 103 104 158 146 105 159 107 108 109 110 147 111 148
p66:12 A 0 1 2 3 4 5 6 7 8 9 10 11 12 13 15 16 17 188 18 19 20 21 22 23 24 25 26 184 27 28 30 32 33 34 160 35 36 37 38 39 40 41 42 43 44 45 46 47 48 161 50 51 52 53 54 55 56 57 58 59 60 61 62 64 65 66 67 68 69 70 71 73 163 75 76 77 78 79 80 81 82 83 85 189 86 165 87 88 89 90 91 92 93 94 166 95 96 98 99 100 101 102 103 104 167 168 105 107 108 109 169 110 170 147 111
p66:13 A 120 121 122 123 124 125 126 127 128 129 130 131 133 134 135 136 137 138 139 140 23 24 25 26 27 28 142 30 32 33 34 35 36 37 38 39 40 41 42 143 43 44 45 46 47 48 50 51 52 53 54 190 55 191 56 57 58 59 60 61 62 64 65 66 67 68 144 69 70 71 73 192 75 76 77 78 79 80 81 82 83 85 86 87 88 89 90 91 92 93 94 95 96 98 99 100 101 102 103 104 146 105 107 108 109 193 110 147 111 148
p66:14 A 0 1 2 3 4 5 6 7 8 9 10 11 12 13 15 16 17 188 18 19 20 21 22 23 24 25 26 184 27 28 30 32 33 34 160 35 36 37 38 39 40 41 42 43 44 45 46 47 48 161 50 51 52 53 54 55 56 57 58 59 60 61 62 64 65 66 67 68 69 70 71 73 163 75 76 77 78 79 80 81 82 83 85 189 86 165 87 88 89 90 91 92 93 94 166 95 96 98 99 100 101 102 103 104 167 168 105 107 108 109 169 110 170 147 111
p66:15 A 0 1 2 3 4 5 6 7 8 9 10 11 12 13 15 16 17 18 19 20 21 22 23 24 25 26 184 27 28 30 32 33 34 160 35 36 37 38 39 40 41 42 43 44 45 46 47 48 161 50 51 52 53 54 55 56 57 58 59 60 61 62 64 65 66 67 194 68 69 70 71 73 163 75 76 77 78 79 80 81 82 83 85 86 165 87 88 89 90 91 92 93 94 166 95 96 98 99 100 101 102 103 104 167 168 105 107 108 109 169 110 170 147 111
p66:16 A 120 121 122 123 124 125 126 127 128 129 130 131 132 133 134 135 136 137 138 139 140 141 23 24 25 26 27 28 142 30 32 33 34 35 36 37 38 39 40 41 42 143 43 44 45 46 195 47 48 50 51 52 53 54 55 56 57 58 59 60 61 62 64 65 66 67 68 144 69 70 71 73 75 76 77 145 78 79 80 81 82 83 85 86 196 87 88 89 90 91 92 93 94 95 96 98 99 100 101 102 103 104 146 105 107 108 109 110 147 111 148
p66:17 A 0 1 2 3 4 5 6 7 8 9 10 11 12 13 15 16 17 18 19 20 21 22 23 24 25 26 184 27 28 30 32 33 34 35 36 37 38 39 40 41 42 43 44 45 46 47 48 49 50 51 52 53 54 55 56 57 58 59 60 61 62 64 65 66 67 68 69 70 71 73 74 75 76 77 78 79 80 81 82 83 85 86 179 87 88 89 90 91 92 93 94 95 96 97 98 99 100 101 102 103 104 105 106 107 108 109 110 147 111 148
p66:18 A 0 1 2 3 4 5 6 7 8 9 10 11 12 13 15 16 17 18 19 20 21 22 23 24 25 26 27 28 30 32 33 34 35 36 37 38 39 40 41 42 43 44 45 46 47 48 49 50 51 52 53 54 55 116 56 57 58 59 60 61 62 64 65 66 67 68 69 70 71 73 74 75 76 77 78 79 80 81 82 83 85 86 87 88 89 90 91 92 93 94 95 96 97 98 99 100 101 102 103 104 105 106 107 108 109 111 117 118 119
p66:19 A 0 1 2 3 4 5 6 7 8 9 10 11 12 13 15 16 17 18 19 20 21 22 23 24 25 26 27 28 30 32 33 34 35 36 37 38 39 40 41 42 43 44 45 46 47 48 49 50 51 52 53 54 55 116 56 57 58 59 60 61 62 64 65 66 67 68 69 70 71 73 74 75 76 77 78 79 80 81 82 83 85 86 87 88 89 90 91 92 93 94 95 96 97 98 99 100 101 102 103 104 105 106 107 108 109 111 117 118 119
