#OUT: 1500 SS p72 20 ./Data/humansSample.txt
Mutations:
196 993 m1 44824 0 0.5 p72 6 10
201 994 m60 59535 0.00972036831 0.5 p72 6 10
29 5254 m60 81825 0.00862302817 0.5 p72 32 10
144 6533 m2 717311 0 0.5 p72 40 20
125 8284 m2 583573 0 0.5 p72 49 20
99 9957 m2 462962 0 0.5 p72 60 20
194 12110 m60 41053 0.0334767066 0.5 p72 72 10
150 12745 m2 771725 0 0.5 p72 76 20
33 12761 m60 87049 0.000602079555 0.5 p72 76 10
76 15642 m1 374908 0 0.5 p72 93 20
85 16996 m1 413889 0 0.5 p72 101 20
27 17154 m61 81377 -0.010283255 0.5 p72 102 10
126 18001 m80 589714 0.0292362496 0.5 p72 107 20
106 18107 m1 484510 0 0.5 p72 108 20
198 18155 m60 46023 0.00355655933 0.5 p72 108 10
191 18843 m1 24660 0 0.5 p72 112 10
131 20121 m2 606123 0 0.5 p72 119 20
227 22483 m60 95604 0.00332332565 0.5 p72 133 10
86 23114 m1 414312 0 0.5 p72 137 20
40 23115 m60 98308 0.00465792976 0.5 p72 137 10
116 25356 m80 520397 0.0385634005 0.5 p72 150 20
4 26242 m1 37835 0 0.5 p72 155 10
215 26894 m61 78818 -0.0145549318 0.5 p72 159 10
192 27038 m1 24899 0 0.5 p72 160 10
153 27754 m2 782823 0 0.5 p72 165 20
101 27755 m1 478794 0 0.5 p72 165 20
112 28214 m1 498294 0 0.5 p72 167 20
37 29847 m60 93665 0.0114152459 0.5 p72 177 10
28 29848 m2 81661 0 0.5 p72 177 10
132 29882 m1 609871 0 0.5 p72 177 20
231 34355 m60 98796 0.00306720054 0.5 p72 204 10
26 35030 m60 81309 0.00356329861 0.5 p72 208 10
60 36421 m1 242390 0 0.5 p72 216 20
73 38917 m3 362887 -0.0387737267 0.100000001 p72 231 20
127 41446 m2 590387 0 0.5 p72 245 20
11 41771 m60 48115 0.00639881566 0.5 p72 247 10
62 41949 m2 265000 0 0.5 p72 248 20
226 42687 m1 94527 0 0.5 p72 264 10
32 42819 m60 86774 0.0015717193 0.5 p72 267 10
221 43024 m60 88944 0.025517568 0.5 p72 273 10
149 43367 m1 755508 0 0.5 p72 283 20
38 43507 m60 96033 0.00774521613 0.5 p72 287 10
189 43814 m2 16932 0 0.5 p72 296 10
107 43933 m1 486359 0 0.5 p72 300 20
82 43999 m2 405643 0 0.5 p72 302 20
58 44267 m1 229678 0 0.5 p72 309 20
98 44552 m2 449839 0 0.5 p72 317 20
111 44558 m1 494158 0 0.5 p72 318 20
188 44569 m1 14421 0 0.5 p72 318 10
87 44897 m1 415273 0 0.5 p72 327 20
204 45158 m61 62586 -0.00289941859 0.5 p72 335 10
23 45200 m60 76610 0.014681899 0.5 p72 336 10
156 45949 m1 789261 0 0.5 p72 357 20
137 46363 m1 635164 0 0.5 p72 368 20
94 46571 m1 440733 0 0.5 p72 374 20
136 46647 m1 633172 0 0.5 p72 376 20
113 46709 m81 511620 -0.0106269578 0.5 p72 378 20
217 46831 m3 80747 -0.00048205335 0.100000001 p72 381 10
118 46895 m2 532080 0 0.5 p72 383 20
193 47729 m61 38906 -1.31851339e-05 0.5 p72 405 10
71 48306 m1 355039 0 0.5 p72 421 20
159 48338 m1 817895 0 0.5 p72 422 20
88 48365 m1 419182 0 0.5 p72 423 20
230 48596 m60 98656 0.0011926929 0.5 p72 429 10
109 49127 m1 489154 0 0.5 p72 445 20
75 49225 m1 371321 0 0.5 p72 447 20
64 49319 m80 269900 0.0473696813 0.5 p72 450 20
142 49616 m1 703672 0 0.5 p72 457 20
216 49743 m60 79843 0.0031193574 0.5 p72 460 10
7 50337 m2 40477 0 0.5 p72 477 10
123 50441 m1 570101 0 0.5 p72 479 20
41 51260 m1 120213 0 0.5 p72 501 20
89 51754 m1 425023 0 0.5 p72 515 20
202 51935 m60 60323 0.0153845083 0.5 p72 520 10
220 52015 m60 88522 0.00388081698 0.5 p72 522 10
72 52487 m1 361486 0 0.5 p72 534 20
10 52642 m60 45835 0.00349342404 0.5 p72 538 10
140 52661 m1 675276 0 0.5 p72 538 20
228 53437 m60 95978 0.0118496595 0.5 p72 560 10
158 53456 m1 810270 0 0.5 p72 560 20
74 53458 m1 367529 0 0.5 p72 560 20
138 53913 m2 652666 0 0.5 p72 573 20
225 54760 m60 93698 0.00365390605 0.5 p72 595 10
124 54881 m2 581772 0 0.5 p72 598 20
34 54890 m60 88902 0.00940817036 0.5 p72 598 10
15 54915 m61 52846 -0.00160545483 0.5 p72 599 10
20 55046 m1 66236 0 0.5 p72 603 10
108 55650 m1 487395 0 0.5 p72 618 20
199 55920 m1 55906 0 0.5 p72 625 10
59 56062 m1 232427 0 0.5 p72 629 20
224 56335 m60 93225 0.00812731218 0.5 p72 635 10
129 56833 m2 594221 0 0.5 p72 648 20
84 57136 m2 407219 0 0.5 p72 655 20
55 57293 m1 215153 0 0.5 p72 658 20
152 57451 m2 782759 0 0.5 p72 663 20
44 57617 m1 133596 0 0.5 p72 667 20
22 57693 m60 72012 0.00463314168 0.5 p72 668 10
95 57772 m1 443173 0 0.5 p72 670 20
50 58101 m1 159407 0 0.5 p72 678 20
212 58171 m60 76292 0.00248747412 0.5 p72 680 10
6 58489 m61 38665 -0.00495760608 0.5 p72 687 10
56 60046 m1 219591 0 0.5 p72 704 20
120 60905 m81 540549 -0.00879526138 0.5 p72 708 20
91 61296 m1 429476 0 0.5 p72 710 20
65 63656 m1 279324 0 0.5 p72 721 20
80 64899 m2 394238 0 0.5 p72 727 20
223 64900 m60 91677 0.00685128011 0.5 p72 727 10
121 65710 m1 545658 0 0.5 p72 731 20
1 66585 m1 18386 0 0.5 p72 735 10
42 66812 m1 122517 0 0.5 p72 736 20
8 67631 m60 41093 0.0233848337 0.5 p72 740 10
18 71267 m1 63712 0 0.5 p72 757 10
122 73928 m1 566689 0 0.5 p72 769 20
133 75177 m1 626287 0 0.5 p72 774 20
16 76086 m60 55029 0.0168571062 0.5 p72 778 10
54 81926 m80 211869 0.0367745273 0.5 p72 801 20
164 83252 m1 841642 0 0.5 p72 806 18
210 86785 m60 69827 0.00467930734 0.5 p72 820 10
213 90698 m60 76982 0.00163181697 0.5 p72 835 10
52 91181 m2 195146 0 0.5 p72 837 20
63 91772 m80 269736 0.0167595558 0.5 p72 839 20
67 92813 m1 296059 0 0.5 p72 843 20
128 93356 m81 592724 -0.00598147558 0.5 p72 845 20
143 95336 m2 714575 0 0.5 p72 853 20
78 95572 m80 381612 0.0707544237 0.5 p72 854 20
25 95891 m60 79311 0.00370681263 0.5 p72 855 10
232 96710 m1 101434 0 0.5 p72 858 10
135 96952 m1 631949 0 0.5 p72 859 20
209 97203 m61 69759 -0.00194811157 0.5 p72 860 10
114 97277 m2 512108 0 0.5 p72 860 20
43 98470 m1 122716 0 0.5 p72 865 20
49 100854 m1 158589 0 0.5 p72 874 18
222 101561 m61 90995 -0.0072424151 0.5 p72 877 10
90 103983 m1 427931 0 0.5 p72 886 20
46 107594 m1 145079 0 0.5 p72 900 20
130 108122 m2 601487 0 0.5 p72 902 20
70 113151 m1 353088 0 0.5 p72 922 20
203 114962 m60 60520 0.00450338284 0.5 p72 929 10
97 115483 m2 449299 0 0.5 p72 931 20
19 116901 m60 65371 0.000607268594 0.5 p72 937 10
190 119686 m1 22516 0 0.5 p72 948 10
68 119689 m1 304855 0 0.5 p72 948 20
147 120229 m1 746376 0 0.5 p72 950 20
39 123475 m60 96071 0.004956258 0.5 p72 963 10
211 123734 m60 72621 0.000529950194 0.5 p72 964 10
321 129612 m80 645920 0.0258618593 0.5 p72 987 4
306 133313 m3 282535 -0.000569886644 0.100000001 p72 1001 4
197 137116 m60 45902 0.00120995229 0.5 p72 1016 10
322 137653 m81 651881 -0.000513343082 0.5 p72 1018 4
154 139157 m1 784653 0 0.5 p72 1024 14
288 140244 m1 841828 0 0.5 p72 1028 2
218 141311 m1 83389 0 0.5 p72 1032 10
36 145400 m60 93201 0.00312771788 0.5 p72 1048 10
324 145715 m1 685626 0 0.5 p72 1049 4
155 145962 m1 784935 0 0.5 p72 1050 14
285 146547 m1 751735 0 0.5 p72 1052 6
304 147475 m2 211277 0 0.5 p72 1056 4
115 148520 m2 519634 0 0.5 p72 1060 16
83 150065 m2 406415 0 0.5 p72 1066 16
325 152694 m2 718020 0 0.5 p72 1076 4
47 152963 m1 145420 0 0.5 p72 1077 20
161 153448 m1 828238 0 0.5 p72 1079 20
332 156481 m1 169637 0 0.5 p72 1091 2
327 157000 m80 725073 0.00240406301 0.5 p72 1093 4
214 158248 m61 77365 -0.0332202651 0.5 p72 1098 10
3 158527 m1 26969 0 0.5 p72 1099 10
229 161505 m60 98180 0.0130614927 0.5 p72 1111 10
163 165225 m1 831878 0 0.5 p72 1125 20
17 167191 m60 60546 0.0193583686 0.5 p72 1133 10
92 169310 m1 430211 0 0.5 p72 1141 16
61 169539 m2 260813 0 0.5 p72 1142 16
318 171312 m80 602680 0.00350170047 0.5 p72 1149 4
319 171313 m1 617702 0 0.5 p72 1149 4
13 172583 m60 52660 0.0277652387 0.5 p72 1154 10
162 172606 m1 828768 0 0.5 p72 1154 20
93 176000 m1 433992 0 0.5 p72 1167 16
207 178308 m60 67286 0.00298913452 0.5 p72 1176 10
317 178353 m80 598627 0.00126284687 0.5 p72 1176 4
103 178561 m1 482975 0 0.5 p72 1177 16
110 179908 m1 491206 0 0.5 p72 1182 16
160 188241 m1 827115 0 0.5 p72 1214 20
320 189302 m1 619601 0 0.5 p72 1218 4
66 189470 m1 279915 0 0.5 p72 1219 16
24 189969 m60 78778 8.92993849e-05 0.5 p72 1221 10
308 190046 m1 375088 0 0.5 p72 1221 4
51 190738 m80 182394 0.0140749002 0.5 p72 1224 16
208 192889 m61 69205 -0.00548584945 0.5 p72 1232 10
102 196197 m1 481377 0 0.5 p72 1245 11
241 196969 m2 323598 0 0.5 p72 1248 5
233 197796 m2 205674 0 0.5 p72 1251 5
315 199147 m1 496709 0 0.5 p72 1256 4
243 200632 m2 401161 0 0.5 p72 1262 5
57 201172 m1 223840 0 0.5 p72 1264 11
187 201323 m1 11730 0 0.5 p72 1265 10
247 202214 m2 516938 0 0.5 p72 1268 5
358 204685 m1 111478 0 0.5 p72 1278 1
316 204939 m1 561730 0 0.5 p72 1279 4
310 205191 m2 391521 0 0.5 p72 1280 4
185 205441 m1 830440 0 0.5 p72 1281 8
252 206988 m2 649625 0 0.5 p72 1287 5
12 207276 m60 48457 0.0476711877 0.5 p72 1288 10
31 207483 m1 85070 0 0.5 p72 1289 10
313 207775 m2 470322 0 0.5 p72 1290 4
0 208099 m1 8270 0 0.5 p72 1291 10
234 208565 m1 224933 0 0.5 p72 1293 5
195 208610 m61 43403 -0.0050850641 0.5 p72 1293 10
157 209392 m1 804493 0 0.5 p72 1296 13
245 209697 m81 450699 -0.0087118512 0.5 p72 1297 5
254 210752 m80 668356 0.00809053797 0.5 p72 1301 5
246 212024 m3 488632 -0.000169955179 0.100000001 p72 1306 5
139 212297 m2 653338 0 0.5 p72 1307 6
312 212314 m81 466002 -0.0031537693 0.5 p72 1307 4
177 214335 m1 564706 0 0.5 p72 1315 5
148 215901 m1 747692 0 0.5 p72 1321 6
238 216586 m1 304013 0 0.5 p72 1324 5
69 216879 m2 336529 0 0.5 p72 1325 6
53 216880 m81 205609 -0.00623303652 0.5 p72 1325 6
239 217151 m2 312256 0 0.5 p72 1326 5
206 217176 m60 64455 0.00124670984 0.5 p72 1326 10
14 217353 m60 52815 0.006361668 0.5 p72 1327 10
174 217354 m2 386610 0 0.5 p72 1327 5
180 217355 m1 751520 0 0.5 p72 1327 3
21 218642 m60 66935 0.0709532201 0.5 p72 1332 10
173 218954 m1 365579 0 0.5 p72 1333 5
256 219527 m1 781637 0 0.5 p72 1335 5
275 220521 m1 136343 0 0.5 p72 1339 5
276 221768 m1 142975 0 0.5 p72 1344 3
48 222019 m1 147642 0 0.5 p72 1345 6
105 222087 m1 483585 0 0.5 p72 1345 5
35 222376 m60 91779 0.00164459972 0.5 p72 1346 10
248 222963 m2 524965 0 0.5 p72 1348 5
172 223108 m2 320102 0 0.5 p72 1349 3
235 223880 m2 249993 0 0.5 p72 1352 5
264 223992 m1 703236 0 0.5 p72 1352 1
134 224184 m1 627991 0 0.5 p72 1353 5
277 225233 m1 366746 0 0.5 p72 1357 2
294 225278 m1 157722 0 0.5 p72 1357 2
261 225301 m80 336180 0.00320380181 0.5 p72 1357 1
278 225969 m81 399502 -0.0351868011 0.5 p72 1360 2
257 226064 m1 14515 0 0.5 p72 1360 3
166 226500 m1 141964 0 0.5 p72 1362 2
30 226761 m61 82005 -0.00841288269 0.5 p72 1363 5
268 228034 m60 98450 0.000660783669 0.5 p72 1368 4
181 228327 m1 797041 0 0.5 p72 1369 2
167 228932 m1 161334 0 0.5 p72 1371 2
250 229136 m1 609093 0 0.5 p72 1372 5
326 229158 m80 724252 0.0186984576 0.5 p72 1372 4
323 229375 m1 685030 0 0.5 p72 1373 4
289 229885 m1 32806 0 0.5 p72 1375 2
200 230731 m60 57802 0.00295912544 0.5 p72 1378 6
186 230972 m1 846675 0 0.5 p72 1379 3
301 231000 m1 575131 0 0.5 p72 1379 1
293 231455 m1 99328 0 0.5 p72 1381 2
291 231744 m2 88673 0 0.5 p72 1382 2
290 232030 m60 43199 0.00172690593 0.5 p72 1383 2
251 232300 m1 624228 0 0.5 p72 1384 4
81 232493 m2 404221 0 0.5 p72 1385 5
77 233334 m1 376505 0 0.5 p72 1388 5
298 233830 m1 498581 0 0.5 p72 1390 1
236 234063 m1 290455 0 0.5 p72 1391 4
295 234277 m1 300895 0 0.5 p72 1392 1
302 234865 m2 583406 0 0.5 p72 1394 1
178 235021 m2 737753 0 0.5 p72 1395 2
179 236117 m1 745518 0 0.5 p72 1399 2
151 236612 m1 777782 0 0.5 p72 1401 6
219 236661 m61 86435 -0.00023180744 0.5 p72 1401 6
258 236901 m60 66703 0.0325543769 0.5 p72 1402 3
283 236917 m2 722732 0 0.5 p72 1402 2
309 237074 m2 387886 0 0.5 p72 1403 4
237 237084 m1 292564 0 0.5 p72 1403 4
311 238222 m1 426921 0 0.5 p72 1407 4
146 239735 m1 741391 0 0.5 p72 1413 5
9 239777 m60 43179 0.00204011006 0.5 p72 1413 5
297 240097 m1 348593 0 0.5 p72 1414 1
343 240253 m80 450672 0.00362509792 0.5 p72 1415 1
117 240276 m81 521528 -0.00995915104 0.5 p72 1415 5
307 241349 m3 293939 -5.6030007e-11 0.100000001 p72 1419 3
273 241364 m1 821489 0 0.5 p72 1419 4
287 241530 m1 835127 0 0.5 p72 1420 2
292 242780 m61 98934 -0.0033787461 0.5 p72 1425 2
300 243126 m1 550427 0 0.5 p72 1426 1
2 243137 m1 23710 0 0.5 p72 1426 3
242 243884 m2 395898 0 0.5 p72 1429 4
175 244105 m1 483921 0 0.5 p72 1430 2
259 244128 m81 187834 -0.00273708394 0.5 p72 1430 1
328 244456 m1 123546 0 0.5 p72 1431 2
281 244463 m3 622866 -4.79042683e-07 0.100000001 p72 1431 2
305 244674 m1 226597 0 0.5 p72 1432 3
336 245772 m1 544222 0 0.5 p72 1436 1
262 245952 m2 403454 0 0.5 p72 1437 1
100 245992 m2 474171 0 0.5 p72 1437 5
205 246020 m60 63032 0.0107821263 0.5 p72 1437 6
314 246555 m1 494970 0 0.5 p72 1439 3
265 247053 m1 749221 0 0.5 p72 1441 1
266 247113 m60 67369 0.029116679 0.5 p72 1441 4
244 248130 m1 443535 0 0.5 p72 1445 4
342 248377 m1 413605 0 0.5 p72 1446 1
5 248599 m60 38469 0.0106417509 0.5 p72 1447 3
253 249649 m2 651933 0 0.5 p72 1451 1
270 249906 m1 427222 0 0.5 p72 1452 3
353 249978 m2 666142 0 0.5 p72 1452 1
168 250182 m1 163129 0 0.5 p72 1453 2
45 250406 m70 134991 0.00653859461 0.5 p72 1454 3
350 251134 m2 788050 0 0.5 p72 1457 1
282 251657 m81 656033 -0.00919969101 0.5 p72 1459 2
263 251948 m2 532762 0 0.5 p72 1460 1
184 252398 m1 825259 0 0.5 p72 1462 2
333 252723 m1 223955 0 0.5 p72 1463 1
267 252938 m61 90678 -0.0187310167 0.5 p72 1464 3
79 253725 m2 384958 0 0.5 p72 1467 3
303 254214 m2 671964 0 0.5 p72 1469 1
170 254229 m1 228230 0 0.5 p72 1469 2
280 254460 m2 593863 0 0.5 p72 1470 2
169 254471 m1 226395 0 0.5 p72 1470 2
182 254692 m1 802299 0 0.5 p72 1471 2
176 254693 m1 545332 0 0.5 p72 1471 2
339 254739 m2 402403 0 0.5 p72 1471 1
272 254766 m1 764511 0 0.5 p72 1471 3
296 254780 m2 322895 0 0.5 p72 1471 1
279 254804 m2 454580 0 0.5 p72 1471 2
284 254805 m1 741808 0 0.5 p72 1471 2
119 254978 m2 533779 0 0.5 p72 1472 2
183 255048 m1 813080 0 0.5 p72 1472 2
349 255054 m2 450571 0 0.5 p72 1472 1
271 255522 m81 644049 -0.0142174782 0.5 p72 1474 3
255 255551 m81 671896 -0.000898690254 0.5 p72 1474 1
96 256554 m81 444235 -0.000947789056 0.5 p72 1478 2
348 256593 m2 318096 0 0.5 p72 1478 1
337 256617 m91 771756 -0.00886151288 0.5 p72 1478 1
335 256618 m1 483674 0 0.5 p72 1478 1
141 256820 m1 678525 0 0.5 p72 1479 2
355 257274 m2 274439 0 0.5 p72 1481 1
269 257291 m2 384375 0 0.5 p72 1481 2
360 257310 m81 608099 -0.00172031939 0.5 p72 1481 1
341 257761 m1 245019 0 0.5 p72 1483 1
274 257969 m1 15223 0 0.5 p72 1484 1
260 258050 m2 251578 0 0.5 p72 1484 1
340 258239 m1 438684 0 0.5 p72 1485 1
240 258563 m2 320964 0 0.5 p72 1486 1
346 258716 m61 57743 -0.00210760301 0.5 p72 1487 1
249 258740 m1 564355 0 0.5 p72 1487 1
357 258804 m2 720024 0 0.5 p72 1487 1
165 259004 m60 77076 0.0210824013 0.5 p72 1488 2
331 259822 m1 767587 0 0.5 p72 1491 1
171 259824 m2 274811 0 0.5 p72 1491 2
356 259830 m2 537811 0 0.5 p72 1491 1
145 260040 m1 741153 0 0.5 p72 1492 1
354 260067 m2 668319 0 0.5 p72 1492 1
329 260068 m1 302531 0 0.5 p72 1492 1
334 260090 m1 294483 0 0.5 p72 1492 1
330 260313 m1 551961 0 0.5 p72 1493 1
345 260321 m1 682245 0 0.5 p72 1493 1
299 260798 m2 535939 0 0.5 p72 1495 1
344 260867 m1 506779 0 0.5 p72 1495 1
104 261118 m1 483433 0 0.5 p72 1496 1
359 261149 m1 558775 0 0.5 p72 1496 1
347 261309 m1 75298 0 0.5 p72 1497 1
338 261353 m61 74666 -0.0168365985 0.5 p72 1497 1
351 261388 m1 146799 0 0.5 p72 1497 1
286 261556 m1 765314 0 0.5 p72 1498 1
352 261655 m1 575538 0 0.5 p72 1498 1
Genomes:
p72:0 A 0 1 2 3 4 5 6 7 8 9 10 11 12 13 14 15 16 17 18 19 20 21 22 23 24 25 26 27 28 29 30 31 32 33 34 35 36 37 38 39 40 41 42 43 44 45 46 47 48 49 50 51 52 53 54 55 56 57 58 59 60 61 62 63 64 65 66 67 68 69 70 71 72 73 74 75 76 77 78 79 80 81 82 83 84 85 86 87 88 89 90 91 92 93 94 95 96 97 98 99 100 101 102 103 104 105 106 107 108 109 110 111 112 113 114 115 116 117 118 119 120 121 122 123 124 125 126 127 128 129 130 131 132 133 134 135 136 137 138 139 140 141 142 143 144 145 146 147 148 149 150 151 152 153 154 155 156 157 158 159 160 161 162 163 164
p72:1 A 0 1 3 4 6 7 8 9 10 11 12 13 14 15 16 17 18 19 20 21 22 23 165 24 25 26 27 28 29 30 31 32 33 34 35 36 37 38 39 40 41 42 43 44 166 46 47 49 50 167 168 51 52 54 55 56 57 169 170 58 59 60 61 62 63 64 171 65 66 67 68 172 70 71 72 73 173 74 75 76 78 174 80 82 83 84 85 86 87 88 89 90 91 92 93 94 95 97 98 99 101 102 103 175 106 107 108 109 110 111 112 113 114 115 116 118 120 176 121 177 122 123 124 125 126 127 128 129 130 131 132 133 135 136 137 138 140 142 143 144 178 179 147 180 149 150 152 153 154 155 156 181 182 158 183 159 184 160 161 162 185 163 164 186
p72:2 A 187 188 189 190 191 192 193 194 195 196 197 198 199 200 201 202 203 204 205 206 207 208 209 210 211 212 213 214 215 216 217 218 219 220 221 222 223 224 225 226 227 228 229 230 231 232 41 42 43 44 46 47 49 50 51 52 233 54 55 56 234 58 59 60 235 61 62 63 64 65 66 236 237 67 238 68 239 240 241 70 71 72 73 74 75 76 78 80 242 243 82 83 84 85 86 87 88 89 90 91 92 93 94 95 244 97 98 245 99 101 103 106 107 108 246 109 110 111 112 113 114 247 115 116 248 118 120 121 249 122 123 124 125 126 127 128 129 130 131 250 132 251 133 135 136 137 252 253 138 254 255 140 142 143 144 147 149 150 256 152 153 154 155 156 158 159 160 161 162 185 163 164
p72:3 A 0 257 1 3 4 6 7 8 10 11 12 13 14 15 16 17 18 19 20 258 21 22 23 24 25 26 27 28 29 31 32 33 34 35 36 37 38 39 40 41 42 43 44 46 47 49 50 51 259 52 53 54 55 56 57 58 59 60 260 61 62 63 64 65 66 67 68 261 69 70 71 72 73 74 75 76 78 80 262 82 83 84 85 86 87 88 89 90 91 92 93 94 95 97 98 99 101 102 103 106 107 108 109 110 111 112 113 114 115 116 118 263 120 121 122 123 124 125 126 127 128 129 130 131 132 133 135 136 137 138 139 140 264 142 143 144 147 148 265 149 150 151 152 153 154 155 156 157 158 159 160 161 162 163 164
p72:4 A 187 188 189 190 191 192 193 194 195 196 197 198 199 201 202 203 204 206 207 266 208 209 210 211 212 213 214 215 216 217 218 220 221 267 222 223 224 225 226 227 228 229 268 230 231 232 41 42 43 44 46 47 49 50 51 52 233 54 55 56 234 58 59 60 235 61 62 63 64 65 66 236 237 67 238 68 239 241 70 71 72 73 74 75 76 78 269 80 242 243 82 83 84 85 86 87 88 89 270 90 91 92 93 94 95 244 97 98 245 99 101 103 106 107 108 246 109 110 111 112 113 114 247 115 116 248 118 120 121 122 123 124 125 126 127 128 129 130 131 250 132 251 133 135 136 137 271 252 138 254 140 142 143 144 147 149 272 150 256 152 153 154 155 156 158 159 273 160 161 162 163 164
p72:5 A 187 188 274 189 190 191 192 193 194 195 196 197 198 199 200 201 202 203 204 205 206 207 208 209 210 211 212 213 214 215 216 217 218 219 220 221 222 223 224 225 226 227 228 229 230 231 232 41 42 43 44 275 276 46 47 49 50 51 52 54 55 56 57 58 59 60 61 62 63 64 65 66 67 68 70 71 72 73 173 277 74 75 76 78 174 80 278 82 83 84 85 86 87 88 89 90 91 92 93 94 95 97 98 279 99 101 102 103 106 107 108 109 110 111 112 113 114 115 116 118 120 121 177 122 123 124 125 126 127 128 280 129 130 131 132 281 133 135 136 137 138 282 140 142 143 144 283 284 147 285 149 286 150 152 153 156 157 158 159 160 161 162 163 287 288
p72:6 A 0 1 2 3 4 5 6 7 8 9 10 11 12 13 14 15 16 17 18 19 20 21 22 23 24 25 26 27 28 29 30 31 32 33 34 35 36 37 38 39 40 41 42 43 44 45 46 47 48 49 50 51 52 53 54 55 56 57 58 59 60 61 62 63 64 65 66 67 68 69 70 71 72 73 74 75 76 77 78 79 80 81 82 83 84 85 86 87 88 89 90 91 92 93 94 95 96 97 98 99 100 101 102 103 105 106 107 108 109 110 111 112 113 114 115 116 117 118 119 120 121 122 123 124 125 126 127 128 129 130 131 132 133 134 135 136 137 138 139 140 141 142 143 144 146 147 148 149 150 151 152 153 154 155 156 157 158 159 160 161 162 163 164
p72:7 A 0 1 3 4 6 7 8 9 10 11 12 13 14 15 16 17 18 19 20 21 22 23 165 24 25 26 27 28 29 30 31 32 33 34 35 36 37 38 39 40 41 42 43 44 166 46 47 49 50 167 168 51 52 54 55 56 57 169 170 58 59 60 61 62 63 64 171 65 66 67 68 172 70 71 72 73 173 74 75 76 78 174 80 82 83 84 85 86 87 88 89 90 91 92 93 94 95 97 98 99 101 102 103 175 106 107 108 109 110 111 112 113 114 115 116 118 120 176 121 177 122 123 124 125 126 127 128 129 130 131 132 133 135 136 137 138 140 142 143 144 178 179 147 180 149 150 152 153 154 155 156 181 182 158 183 159 184 160 161 162 185 163 164 186
p72:8 A 0 1 3 289 4 6 7 8 290 10 11 12 13 14 15 16 17 18 19 20 21 22 23 24 25 26 27 28 29 31 32 33 291 34 35 36 37 38 39 40 292 293 41 42 43 44 46 47 294 49 50 51 52 233 54 55 56 234 58 59 60 235 61 62 63 64 65 66 67 295 238 68 239 296 241 297 70 71 72 73 74 75 76 78 80 243 82 83 84 85 86 87 88 89 90 91 92 93 94 95 97 98 245 99 101 103 106 107 108 246 109 110 111 112 298 113 114 247 115 116 248 118 299 120 121 300 122 123 301 124 302 125 126 127 128 129 130 131 250 132 133 135 136 137 252 138 254 303 140 142 143 144 147 149 150 256 152 153 154 155 156 158 159 273 160 161 162 163 164
p72:9 A 187 188 189 190 191 192 193 194 195 196 197 198 199 200 201 202 203 204 205 206 207 208 209 210 211 212 213 214 215 216 217 218 219 220 221 222 223 224 225 226 227 228 229 230 231 232 41 42 43 44 275 46 47 48 50 52 304 54 55 56 305 58 59 60 62 63 64 65 306 307 67 68 70 71 72 73 74 75 76 308 78 309 310 80 82 84 85 86 87 88 89 311 90 91 94 95 97 98 99 312 313 101 106 107 108 109 111 314 315 112 113 114 116 118 120 121 316 122 123 124 125 126 127 128 129 317 130 318 131 132 319 320 133 135 136 137 321 322 138 140 323 324 142 143 144 325 326 327 147 285 149 150 152 153 156 157 158 159 160 161 162 185 163 164
p72:10 A 0 257 1 3 4 6 7 8 10 11 12 13 14 15 16 17 18 19 20 258 21 22 23 24 25 26 27 28 29 31 32 33 34 35 36 37 38 39 40 41 42 43 328 44 46 47 49 50 51 52 54 55 56 57 58 59 60 61 62 63 64 65 66 67 329 68 70 71 72 73 173 277 74 75 76 78 174 80 278 82 83 84 85 86 87 88 89 90 91 92 93 94 95 97 98 279 99 101 102 103 106 107 108 109 110 111 112 113 114 115 116 118 120 121 330 177 122 123 124 125 126 127 128 280 129 130 131 132 281 133 135 136 137 138 282 140 142 143 144 283 284 147 285 149 331 150 152 153 156 157 158 159 160 161 162 163 287 288
p72:11 A 0 257 1 3 4 6 7 8 10 11 12 13 14 15 16 17 18 19 20 258 21 22 23 24 25 26 27 28 29 31 32 33 34 35 36 37 38 39 40 41 42 43 328 44 46 47 49 50 332 52 304 54 55 56 333 58 59 60 62 63 64 65 306 334 67 68 70 71 72 73 74 75 76 308 78 309 310 80 82 84 85 86 87 88 89 311 90 91 94 95 97 98 99 312 313 101 335 106 107 108 109 111 315 112 113 114 116 118 120 336 121 316 122 123 124 125 126 127 128 129 317 130 318 131 132 319 320 133 135 136 137 321 322 138 140 323 324 142 143 144 325 326 327 147 285 149 150 337 152 153 156 157 158 159 160 161 162 185 163 164 186
p72:12 A 0 1 2 3 4 5 6 7 8 9 10 11 12 13 14 15 16 17 18 19 20 21 22 338 23 24 25 26 27 28 29 30 31 32 33 34 35 36 37 38 39 40 41 42 43 44 45 46 47 48 49 50 51 52 53 54 55 56 57 58 59 60 61 62 63 64 65 66 67 68 69 70 71 72 73 74 75 76 77 78 79 80 339 81 82 83 84 85 86 87 88 89 90 91 92 93 340 94 95 97 98 99 100 101 102 103 105 106 107 108 109 110 111 112 113 114 115 116 117 118 120 121 122 123 124 125 126 127 128 129 130 131 132 133 134 135 136 137 138 139 140 142 143 144 146 147 148 149 150 151 152 153 154 155 156 157 158 159 160 161 162 163 164
p72:13 A 187 188 189 190 191 192 193 194 195 196 197 198 199 200 201 202 203 204 205 206 207 208 209 210 211 212 213 214 215 216 217 218 219 220 221 222 223 224 225 226 227 228 229 230 231 232 41 42 43 44 275 276 46 47 294 49 50 51 52 54 55 56 57 58 59 60 341 61 62 63 64 65 66 67 68 172 70 71 72 73 173 74 75 76 78 174 80 82 83 84 342 85 86 87 88 89 90 91 92 93 94 95 97 98 343 99 101 102 103 106 107 108 109 110 111 112 344 113 114 115 116 118 120 121 177 122 123 124 125 126 127 128 129 130 131 132 133 135 136 137 138 140 345 142 143 144 147 180 149 150 152 153 154 155 156 157 158 159 160 161 162 185 163 164
p72:14 A 0 1 3 289 4 6 7 8 290 10 11 12 13 14 15 16 346 17 18 19 20 21 22 347 23 24 25 26 27 28 29 31 32 33 291 34 35 36 37 38 39 40 292 293 41 42 43 44 46 47 49 50 332 52 304 54 55 56 305 58 59 60 62 63 64 65 306 307 67 68 348 70 71 72 73 74 75 76 308 78 309 310 80 82 84 85 86 87 88 89 311 90 91 94 95 97 98 349 99 312 313 101 106 107 108 109 111 314 315 112 113 114 116 118 120 121 316 122 123 124 125 126 127 128 129 317 130 318 131 132 319 320 133 135 136 137 321 322 138 140 323 324 142 143 144 325 326 327 147 285 149 150 152 153 350 156 157 158 159 160 161 162 185 163 164
p72:15 A 187 188 189 190 191 192 193 194 195 196 197 198 199 200 201 202 203 204 205 206 207 208 209 210 211 212 213 214 215 216 217 218 219 220 221 222 223 224 225 226 227 228 229 230 231 232 41 42 43 44 275 276 46 47 351 49 50 51 52 53 54 55 56 57 58 59 60 61 62 63 64 65 66 67 68 69 70 71 72 73 74 75 76 77 78 80 81 82 83 84 85 86 87 88 89 90 91 92 93 94 95 97 98 99 100 101 102 103 105 106 107 108 109 110 111 112 113 114 115 116 117 118 120 121 122 123 352 124 125 126 127 128 129 130 131 132 133 134 135 136 137 138 139 353 354 140 142 143 144 146 147 148 149 150 151 152 153 154 155 156 157 158 159 160 161 162 163 164
p72:16 A 187 188 189 190 191 192 193 194 195 196 197 198 199 200 201 202 203 204 205 206 207 208 209 210 211 212 213 214 215 216 217 218 219 220 221 222 223 224 225 226 227 228 229 230 231 232 41 42 43 44 275 46 47 48 50 52 304 54 55 56 305 58 59 60 62 63 64 65 306 307 67 68 70 71 72 73 74 75 76 308 78 309 310 80 82 84 85 86 87 88 89 311 90 91 94 95 97 98 99 312 313 101 106 107 108 109 111 314 315 112 113 114 116 118 120 121 316 122 123 124 125 126 127 128 129 317 130 318 131 132 319 320 133 135 136 137 321 322 138 140 323 324 142 143 144 325 326 327 147 285 149 150 152 153 156 157 158 159 160 161 162 185 163 164
p72:17 A 187 188 189 190 191 192 193 194 195 196 197 198 199 201 202 203 204 206 207 266 208 209 210 211 212 213 214 215 216 217 218 220 221 267 222 223 224 225 226 227 228 229 268 230 231 232 41 42 43 44 46 47 49 50 51 52 233 54 55 56 234 58 59 60 235 61 62 63 64 65 66 236 237 67 238 68 239 241 70 71 72 73 74 75 76 78 269 80 242 243 82 83 84 85 86 87 88 89 270 90 91 92 93 94 95 244 97 98 245 99 101 103 106 107 108 246 109 110 111 112 113 114 247 115 116 248 118 120 121 122 123 124 125 126 127 128 129 130 131 250 132 251 133 135 136 137 271 252 138 254 140 142 143 144 147 149 272 150 256 152 153 154 155 156 158 159 273 160 161 162 163 164
p72:18 A 187 188 189 190 191 192 193 194 195 196 197 198 199 201 202 203 204 206 207 266 208 209 210 211 212 213 214 215 216 217 218 220 221 267 222 223 224 225 226 227 228 229 268 230 231 232 41 42 43 44 46 47 49 50 51 52 233 54 55 56 234 58 59 60 235 61 62 63 64 355 65 66 236 237 67 238 68 239 241 70 71 72 73 74 75 76 78 80 242 243 82 83 84 85 86 87 88 89 270 90 91 92 93 94 95 244 97 98 245 99 101 103 106 107 108 246 109 110 111 112 113 114 247 115 116 248 118 356 120 121 122 123 124 125 126 127 128 129 130 131 250 132 251 133 135 136 137 271 252 138 254 140 142 143 144 357 147 149 272 150 256 152 153 154 155 156 158 159 273 160 161 162 163 164
p72:19 A 187 188 189 190 191 192 193 194 195 196 197 198 199 201 202 203 204 206 207 266 208 209 210 211 212 213 214 215 216 217 218 220 221 222 223 224 225 226 227 228 229 268 230 231 232 358 41 42 43 44 46 47 48 49 50 51 52 53 54 55 56 57 58 59 60 61 62 63 64 65 66 67 68 69 70 71 72 73 74 75 76 77 78 80 81 82 83 84 85 86 87 88 89 90 91 92 93 94 95 97 98 99 100 101 102 103 105 106 107 108 109 110 111 112 113 114 115 116 117 118 120 121 359 122 123 124 125 126 127 128 129 130 131 360 132 133 134 135 136 137 138 139 140 142 143 144 146 147 148 149 150 151 152 153 154 155 156 157 158 159 160 161 162 163 164
