#OUT: 1500 SS p65 20 ./Data/prophetsSample.txt
Mutations:
1 59551 m60 41246 0.00395264942 0.5 p65 702 7
16 64333 m1 220021 0 0.5 p65 725 20
4 65139 m61 64341 -0.00190538622 0.5 p65 729 7
29 68086 m1 479118 0 0.5 p65 743 20
62 69190 m60 73927 0.0221906826 0.5 p65 748 13
22 69616 m1 353661 0 0.5 p65 750 20
39 70044 m1 740814 0 0.5 p65 752 20
23 71899 m1 358655 0 0.5 p65 761 20
21 77492 m1 347643 0 0.5 p65 784 20
59 79310 m60 66772 0.000367760629 0.5 p65 791 13
19 80052 m1 305146 0 0.5 p65 794 20
2 88882 m2 48179 0 0.5 p65 829 7
45 90211 m1 794482 0 0.5 p65 834 20
7 94131 m60 69968 0.0328968279 0.5 p65 849 7
31 101693 m1 561919 0 0.5 p65 878 20
8 112478 m2 88337 0 0.5 p65 920 7
58 112976 m61 65031 -0.0147211505 0.5 p65 922 13
51 116751 m1 37122 0 0.5 p65 937 13
54 117500 m60 54996 0.0110654077 0.5 p65 940 13
17 120834 m80 246597 0.0273618884 0.5 p65 953 20
6 124111 m60 65190 0.0204542074 0.5 p65 966 7
63 124116 m60 77024 0.0041808188 0.5 p65 966 13
25 126970 m1 375417 0 0.5 p65 977 19
46 127979 m1 805491 0 0.5 p65 981 12
27 129227 m2 396294 0 0.5 p65 986 19
185 130522 m2 719544 0 0.5 p65 991 2
199 130763 m2 264263 0 0.5 p65 992 1
48 134907 m1 4393 0 0.5 p65 1008 13
57 141359 m60 61962 0.00128608674 0.5 p65 1033 13
202 141374 m2 399620 0 0.5 p65 1033 1
38 142426 m2 739138 0 0.5 p65 1037 18
64 142703 m1 78069 0 0.5 p65 1038 13
182 147050 m1 614011 0 0.5 p65 1055 2
187 147317 m2 734359 0 0.5 p65 1056 2
60 147832 m60 67741 0.00235246238 0.5 p65 1058 13
112 148633 m61 45335 -0.00271421857 0.5 p65 1061 6
85 149118 m2 594272 0 0.5 p65 1063 9
14 149894 m2 202703 0 0.5 p65 1066 8
56 150407 m2 60107 0 0.5 p65 1068 7
89 151186 m3 678749 -0.00124895037 0.100000001 p65 1071 9
69 151700 m60 84056 0.0229758862 0.5 p65 1073 7
180 151711 m2 599400 0 0.5 p65 1073 2
11 153081 m1 156098 0 0.5 p65 1078 9
81 154515 m1 434805 0 0.5 p65 1084 11
33 156294 m2 668018 0 0.5 p65 1091 9
115 158604 m61 81722 -0.00849231519 0.5 p65 1100 6
90 158806 m2 711905 0 0.5 p65 1101 9
111 159301 m60 40544 0.00590918679 0.5 p65 1103 6
10 159797 m2 130668 0 0.5 p65 1105 20
177 161335 m1 566788 0 0.5 p65 1111 2
73 161598 m1 233914 0 0.5 p65 1112 11
28 162093 m1 438021 0 0.5 p65 1114 8
40 163403 m1 743188 0 0.5 p65 1119 9
95 163415 m1 811137 0 0.5 p65 1119 9
71 164726 m1 168927 0 0.5 p65 1124 9
0 165299 m1 39555 0 0.5 p65 1126 7
53 165303 m1 52087 0 0.5 p65 1126 7
84 166309 m1 562416 0 0.5 p65 1130 9
41 166541 m1 749542 0 0.5 p65 1131 10
86 168313 m1 614547 0 0.5 p65 1138 9
196 168568 m1 219358 0 0.5 p65 1139 1
67 168824 m60 81742 0.00808945205 0.5 p65 1140 7
113 169350 m61 58250 -0.0115852393 0.5 p65 1142 6
203 170400 m3 437851 -0.0131907091 0.100000001 p65 1146 1
176 170911 m1 558057 0 0.5 p65 1148 2
181 174242 m2 603334 0 0.5 p65 1161 2
94 174243 m1 807432 0 0.5 p65 1161 8
206 175552 m1 495535 0 0.5 p65 1166 1
207 175828 m1 750225 0 0.5 p65 1167 1
78 177377 m2 407785 0 0.5 p65 1173 11
205 177885 m1 491921 0 0.5 p65 1175 1
92 179190 m101 791148 -0.00455249567 0.5 p65 1180 10
183 179196 m1 679201 0 0.5 p65 1180 1
77 180779 m1 362627 0 0.5 p65 1186 11
68 181268 m60 82146 0.00267123338 0.5 p65 1188 7
36 181536 m1 698010 0 0.5 p65 1189 9
91 181553 m1 784166 0 0.5 p65 1189 10
87 181804 m1 637529 0 0.5 p65 1190 9
192 182059 m2 195691 0 0.5 p65 1191 1
186 182878 m2 723313 0 0.5 p65 1194 1
97 184106 m1 843400 0 0.5 p65 1199 12
193 186166 m2 209300 0 0.5 p65 1207 1
72 186688 m1 174123 0 0.5 p65 1209 11
76 187492 m2 332664 0 0.5 p65 1212 11
108 189059 m1 24191 0 0.5 p65 1218 6
44 190385 m91 771940 -0.00194466382 0.5 p65 1223 10
104 191131 m1 830847 0 0.5 p65 1226 7
109 193444 m1 36720 0 0.5 p65 1235 6
12 194023 m1 166066 0 0.5 p65 1237 9
18 196813 m2 270080 0 0.5 p65 1248 8
110 196814 m1 37444 0 0.5 p65 1248 6
194 197870 m1 213585 0 0.5 p65 1252 1
123 198623 m1 809256 0 0.5 p65 1255 2
114 199967 m60 76311 0.00768192997 0.5 p65 1260 6
47 201196 m1 822002 0 0.5 p65 1265 8
30 201197 m2 510153 0 0.5 p65 1265 9
9 202492 m1 103248 0 0.5 p65 1270 7
178 202493 m1 569895 0 0.5 p65 1270 1
79 202757 m1 411011 0 0.5 p65 1271 11
50 204060 m51 16909 -0.00223291689 0.5 p65 1276 7
197 204801 m1 221037 0 0.5 p65 1279 1
52 205539 m60 50880 0.0116505679 0.5 p65 1282 7
42 206050 m1 764063 0 0.5 p65 1284 10
75 207114 m1 309831 0 0.5 p65 1288 11
37 207353 m1 707231 0 0.5 p65 1289 9
32 208165 m2 644159 0 0.5 p65 1292 9
34 209508 m2 673636 0 0.5 p65 1297 9
49 210535 m2 16487 0 0.5 p65 1301 7
24 210780 m1 362903 0 0.5 p65 1302 8
82 211824 m1 440949 0 0.5 p65 1306 9
20 212603 m1 345951 0 0.5 p65 1309 8
15 216446 m1 214029 0 0.5 p65 1324 8
88 216448 m2 659576 0 0.5 p65 1324 8
175 216967 m3 550823 -2.86178165e-05 0.100000001 p65 1326 1
208 217738 m1 767208 0 0.5 p65 1329 1
144 218252 m2 385489 0 0.5 p65 1331 1
184 218478 m2 710833 0 0.5 p65 1332 1
143 218734 m1 296907 0 0.5 p65 1333 1
201 220875 m2 384313 0 0.5 p65 1341 1
106 221623 m1 849683 0 0.5 p65 1344 5
161 221632 m1 426308 0 0.5 p65 1344 2
130 223745 m2 275987 0 0.5 p65 1352 2
98 224248 m60 81446 0.018823754 0.5 p65 1354 4
188 225848 m2 736217 0 0.5 p65 1360 1
160 226112 m1 376715 0 0.5 p65 1361 2
141 226369 m1 179705 0 0.5 p65 1362 1
55 226873 m60 58187 0.00771420216 0.5 p65 1364 3
165 227404 m1 829661 0 0.5 p65 1366 1
140 228421 m2 127809 0 0.5 p65 1370 1
198 229721 m1 228230 0 0.5 p65 1375 1
200 230252 m3 284813 -0.00145760644 0.100000001 p65 1377 1
159 230277 m1 297055 0 0.5 p65 1377 2
43 230517 m1 766104 0 0.5 p65 1378 7
162 230522 m1 433106 0 0.5 p65 1378 2
135 231294 m2 713566 0 0.5 p65 1381 3
146 231558 m3 544351 -0.0174575746 0.100000001 p65 1382 1
134 232092 m1 626254 0 0.5 p65 1384 3
151 232345 m1 747840 0 0.5 p65 1385 1
190 232631 m1 101830 0 0.5 p65 1386 1
117 233396 m1 504008 0 0.5 p65 1389 2
61 233650 m61 72515 -0.00563987298 0.5 p65 1390 3
120 234403 m2 658943 0 0.5 p65 1393 2
74 234408 m1 295491 0 0.5 p65 1393 6
80 234409 m1 417891 0 0.5 p65 1393 6
133 234903 m2 577204 0 0.5 p65 1395 3
127 235161 m1 846494 0 0.5 p65 1396 1
83 235397 m1 550787 0 0.5 p65 1397 6
204 235612 m3 484247 -0.0122022722 0.100000001 p65 1398 1
121 235614 m2 728143 0 0.5 p65 1398 2
153 235628 m1 834413 0 0.5 p65 1398 1
150 235636 m2 663211 0 0.5 p65 1398 1
142 235637 m2 271646 0 0.5 p65 1398 1
3 236144 m1 54306 0 0.5 p65 1400 6
139 237486 m2 84263 0 0.5 p65 1405 1
118 239365 m1 570343 0 0.5 p65 1412 2
147 239848 m3 564310 -3.17332774e-06 0.100000001 p65 1414 1
99 240360 m1 147561 0 0.5 p65 1416 2
116 240870 m2 93862 0 0.5 p65 1418 5
156 242136 m2 125480 0 0.5 p65 1423 2
157 242930 m1 174257 0 0.5 p65 1426 2
154 243193 m1 23087 0 0.5 p65 1427 2
174 243947 m1 484205 0 0.5 p65 1430 1
102 244213 m1 622652 0 0.5 p65 1431 2
101 244503 m2 599885 0 0.5 p65 1432 2
66 245325 m1 80334 0 0.5 p65 1435 2
164 245326 m1 822937 0 0.5 p65 1435 1
169 245586 m1 28093 0 0.5 p65 1436 1
173 245590 m1 363538 0 0.5 p65 1436 1
96 246350 m1 813652 0 0.5 p65 1439 4
132 246370 m1 558845 0 0.5 p65 1439 3
5 246894 m61 64730 -0.0130249728 0.5 p65 1441 6
191 247148 m1 168013 0 0.5 p65 1442 1
136 247414 m1 774519 0 0.5 p65 1443 1
155 247672 m61 64948 -0.0169427041 0.5 p65 1444 2
170 248931 m1 85254 0 0.5 p65 1449 1
171 249207 m1 118299 0 0.5 p65 1450 1
65 249743 m61 79040 -0.0168341734 0.5 p65 1452 2
179 251009 m1 575364 0 0.5 p65 1457 1
148 251769 m2 592914 0 0.5 p65 1460 1
100 252783 m2 393931 0 0.5 p65 1464 2
119 253276 m1 637946 0 0.5 p65 1466 2
163 253764 m1 615652 0 0.5 p65 1468 2
149 253770 m2 595137 0 0.5 p65 1468 1
107 253775 m1 11917 0 0.5 p65 1468 2
195 254011 m1 216270 0 0.5 p65 1469 1
158 254022 m2 256180 0 0.5 p65 1469 2
124 254564 m1 295914 0 0.5 p65 1471 1
137 254835 m1 346350 0 0.5 p65 1472 3
138 254836 m1 743936 0 0.5 p65 1472 3
93 255580 m1 805882 0 0.5 p65 1475 1
129 256641 m80 193774 0.00456589274 0.5 p65 1479 1
172 256664 m1 356917 0 0.5 p65 1479 1
122 257606 m1 779978 0 0.5 p65 1483 1
26 257609 m2 395212 0 0.5 p65 1483 2
128 257837 m61 40711 -0.00511120399 0.5 p65 1484 1
145 258593 m2 410514 0 0.5 p65 1487 1
189 258827 m2 66895 0 0.5 p65 1488 1
103 259092 m1 680521 0 0.5 p65 1489 1
126 259106 m1 423371 0 0.5 p65 1489 1
70 259108 m1 149641 0 0.5 p65 1489 1
105 259874 m60 79317 0.0136651574 0.5 p65 1492 4
13 260130 m1 174001 0 0.5 p65 1493 1
167 260146 m1 13926 0 0.5 p65 1493 1
168 260413 m1 49645 0 0.5 p65 1494 1
125 260652 m1 305697 0 0.5 p65 1495 1
152 260910 m1 814586 0 0.5 p65 1496 1
35 260917 m1 688300 0 0.5 p65 1496 1
209 261668 m3 573413 -0.00467290683 0.100000001 p65 1499 1
131 261669 m2 398939 0 0.5 p65 1499 1
166 261696 m1 482362 0 0.5 p65 1499 1
Genomes:
p65:0 A 0 1 2 3 4 5 6 7 8 9 10 11 12 13 14 15 16 17 18 19 20 21 22 23 24 25 26 27 28 29 30 31 32 33 34 35 36 37 38 39 40 41 42 43 44 45 46 47
p65:1 A 48 49 50 51 52 53 54 55 56 57 58 59 60 61 62 63 64 65 66 67 68 69 10 70 71 72 16 73 17 74 19 75 76 21 22 23 77 25 27 78 79 80 81 82 29 83 31 84 85 86 87 88 89 90 38 39 91 92 45 93 94 95 96 97
p65:2 A 48 49 50 51 52 53 54 56 57 58 59 60 62 63 64 98 67 68 69 10 99 71 72 16 73 17 74 19 75 76 21 22 23 77 25 100 27 78 79 80 81 82 29 83 31 84 85 101 86 102 87 88 89 103 90 38 39 91 92 45 94 95 104
p65:3 A 0 1 2 3 4 5 6 7 105 8 9 10 11 12 14 15 16 17 18 19 20 21 22 23 24 25 27 28 29 30 31 32 33 34 36 37 38 39 40 41 42 43 44 45 46 47 97 106
p65:4 A 48 107 108 109 51 110 111 112 54 113 57 58 59 60 62 114 63 64 115 116 10 71 72 16 73 17 19 75 76 21 22 23 77 25 27 78 79 81 82 29 117 31 84 118 85 86 87 119 120 88 89 90 121 38 39 122 45 94 123 95 104
p65:5 A 0 1 2 3 4 5 6 7 105 8 9 10 11 12 14 15 16 17 18 19 20 21 22 23 24 25 27 28 29 30 31 32 33 34 36 37 38 39 40 41 42 43 44 45 46 47 97 106
p65:6 A 48 107 108 109 51 110 111 112 54 113 57 58 59 60 62 114 63 64 115 116 10 71 72 16 73 17 124 19 125 75 76 21 22 23 77 25 27 78 79 126 81 82 29 117 31 84 118 85 86 87 119 120 88 89 90 121 38 39 45 94 123 95 47 97 127
p65:7 A 48 49 50 51 128 52 53 54 55 56 57 58 59 60 61 62 63 64 65 66 67 68 69 10 11 12 72 129 16 73 17 130 19 75 76 21 22 23 77 25 27 131 78 79 81 29 30 132 31 133 134 32 33 34 36 37 135 38 39 40 41 42 44 136 91 92 45 46 104
p65:8 A 48 108 109 51 110 111 112 54 113 57 58 59 60 62 114 63 64 115 116 10 71 72 16 73 17 74 19 75 76 137 21 22 23 77 25 27 78 79 80 81 82 29 83 31 84 85 86 87 88 89 90 38 39 138 91 92 45 94 95 96 97
p65:9 A 48 108 109 51 110 111 112 54 113 57 58 59 60 62 114 63 64 115 139 140 10 71 72 141 16 73 17 142 143 19 75 76 21 22 23 77 25 144 27 78 145 79 81 82 29 146 31 84 147 148 85 149 86 87 150 89 90 38 39 151 91 92 45 46 152 104 153
p65:10 A 0 1 2 3 4 5 6 7 105 8 9 10 11 12 14 15 16 17 18 19 20 21 22 23 24 25 27 28 29 30 31 32 33 34 36 37 38 39 40 41 42 43 44 45 46 47 97 106
p65:11 A 48 108 109 51 110 111 112 54 113 57 58 59 60 62 114 63 64 115 116 10 71 72 16 73 17 74 19 75 76 137 21 22 23 77 25 27 78 79 80 81 82 29 83 31 84 85 86 87 88 89 90 38 39 138 91 92 45 94 95 96 97
p65:12 A 48 49 50 154 51 52 53 54 56 57 155 58 59 60 62 63 64 98 67 68 69 156 10 157 14 15 16 17 158 18 159 19 20 21 22 23 24 25 160 27 161 162 28 29 30 132 31 133 163 134 32 33 34 36 37 135 38 39 40 41 42 44 91 92 45 46 104
p65:13 A 48 49 50 51 52 53 54 56 57 58 59 60 62 63 64 98 67 68 69 10 99 71 72 16 73 17 74 19 75 76 21 22 23 77 25 100 27 78 79 80 81 82 29 83 31 84 85 101 86 102 87 88 89 90 38 39 91 92 45 94 95 164 165 97
p65:14 A 48 49 50 154 51 52 53 54 56 57 155 58 59 60 62 63 64 98 67 68 69 156 10 157 14 15 16 17 158 18 159 19 20 21 22 23 24 25 160 27 161 162 28 29 166 30 132 31 133 163 134 32 33 34 36 37 135 38 39 40 41 42 44 91 92 45 46 104
p65:15 A 167 0 1 2 168 3 4 5 6 7 8 9 10 11 12 14 15 16 17 18 19 20 21 22 23 24 25 26 27 28 29 30 31 32 33 34 36 37 38 39 40 41 42 43 44 45 46 47 97 106
p65:16 A 169 0 1 2 4 6 7 170 8 9 171 10 11 12 72 16 73 17 130 19 75 76 21 22 172 23 77 173 25 27 78 79 81 29 174 175 176 31 177 178 179 180 181 182 183 184 185 186 187 188 39 41 42 43 44 45 46 104
p65:17 A 48 49 50 51 52 53 54 55 56 57 58 59 189 60 61 62 63 64 67 68 69 190 10 11 12 191 192 193 194 195 196 16 197 198 17 199 200 19 21 22 23 201 202 203 29 204 205 206 176 31 177 180 181 182 185 187 39 207 208 45 46 95 47 97
p65:18 A 0 1 2 3 4 5 6 7 105 8 9 10 11 12 14 15 16 17 18 19 20 21 22 23 24 25 27 28 29 30 31 32 33 34 36 37 38 39 40 41 42 43 44 45 46 47 97 106
p65:19 A 48 108 109 51 110 111 112 54 113 57 58 59 60 62 114 63 64 115 116 10 71 72 16 73 17 74 19 75 76 137 21 22 23 77 25 27 78 79 80 81 82 29 83 31 84 209 85 86 87 88 89 90 38 39 138 91 92 45 94 95 96 97
