#OUT: 1500 SS p73 20 ./Data/spartansSample.txt
Mutations:
9 993 m1 44824 0 0.5 p72 6 9
13 994 m60 59535 0.00972036831 0.5 p72 6 9
184 5254 m60 81825 0.00862302817 0.5 p72 32 11
150 6533 m2 717311 0 0.5 p72 40 20
126 8284 m2 583573 0 0.5 p72 49 20
104 9957 m2 462962 0 0.5 p72 60 20
7 12110 m60 41053 0.0334767066 0.5 p72 72 9
153 12745 m2 771725 0 0.5 p72 76 20
186 12761 m60 87049 0.000602079555 0.5 p72 76 11
85 15642 m1 374908 0 0.5 p72 93 20
93 16996 m1 413889 0 0.5 p72 101 20
182 17154 m61 81377 -0.010283255 0.5 p72 102 11
128 18001 m80 589714 0.0292362496 0.5 p72 107 20
106 18107 m1 484510 0 0.5 p72 108 20
11 18155 m60 46023 0.00355655933 0.5 p72 108 9
4 18843 m1 24660 0 0.5 p72 112 9
133 20121 m2 606123 0 0.5 p72 119 20
38 22483 m60 95604 0.00332332565 0.5 p72 133 9
94 23114 m1 414312 0 0.5 p72 137 20
192 23115 m60 98308 0.00465792976 0.5 p72 137 11
116 25356 m80 520397 0.0385634005 0.5 p72 150 20
164 26242 m1 37835 0 0.5 p72 155 11
27 26894 m61 78818 -0.0145549318 0.5 p72 159 9
5 27038 m1 24899 0 0.5 p72 160 9
155 27754 m2 782823 0 0.5 p72 165 20
105 27755 m1 478794 0 0.5 p72 165 20
112 28214 m1 498294 0 0.5 p72 167 20
189 29847 m60 93665 0.0114152459 0.5 p72 177 11
183 29848 m2 81661 0 0.5 p72 177 11
134 29882 m1 609871 0 0.5 p72 177 20
43 34355 m60 98796 0.00306720054 0.5 p72 204 9
181 35030 m60 81309 0.00356329861 0.5 p72 208 11
66 36421 m1 242390 0 0.5 p72 216 20
80 38917 m3 362887 -0.0387737267 0.100000001 p72 231 20
129 41446 m2 590387 0 0.5 p72 245 20
171 41771 m60 48115 0.00639881566 0.5 p72 247 11
68 41949 m2 265000 0 0.5 p72 248 20
37 42687 m1 94527 0 0.5 p72 264 9
185 42819 m60 86774 0.0015717193 0.5 p72 267 11
32 43024 m60 88944 0.025517568 0.5 p72 273 9
152 43367 m1 755508 0 0.5 p72 283 20
190 43507 m60 96033 0.00774521613 0.5 p72 287 11
2 43814 m2 16932 0 0.5 p72 296 9
108 43933 m1 486359 0 0.5 p72 300 20
90 43999 m2 405643 0 0.5 p72 302 20
64 44267 m1 229678 0 0.5 p72 309 20
103 44552 m2 449839 0 0.5 p72 317 20
111 44558 m1 494158 0 0.5 p72 318 20
1 44569 m1 14421 0 0.5 p72 318 9
95 44897 m1 415273 0 0.5 p72 327 20
16 45158 m61 62586 -0.00289941859 0.5 p72 335 9
179 45200 m60 76610 0.014681899 0.5 p72 336 11
156 45949 m1 789261 0 0.5 p72 357 20
139 46363 m1 635164 0 0.5 p72 368 20
100 46571 m1 440733 0 0.5 p72 374 20
138 46647 m1 633172 0 0.5 p72 376 20
113 46709 m81 511620 -0.0106269578 0.5 p72 378 20
29 46831 m3 80747 -0.00048205335 0.100000001 p72 381 9
118 46895 m2 532080 0 0.5 p72 383 20
6 47729 m61 38906 -1.31851339e-05 0.5 p72 405 9
77 48306 m1 355039 0 0.5 p72 421 20
158 48338 m1 817895 0 0.5 p72 422 20
96 48365 m1 419182 0 0.5 p72 423 20
42 48596 m60 98656 0.0011926929 0.5 p72 429 9
110 49127 m1 489154 0 0.5 p72 445 20
84 49225 m1 371321 0 0.5 p72 447 20
70 49319 m80 269900 0.0473696813 0.5 p72 450 20
146 49616 m1 703672 0 0.5 p72 457 20
28 49743 m60 79843 0.0031193574 0.5 p72 460 9
166 50337 m2 40477 0 0.5 p72 477 11
123 50441 m1 570101 0 0.5 p72 479 20
161 50480 m1 837963 0 0.5 p72 480 20
47 51260 m1 120213 0 0.5 p72 501 9
97 51754 m1 425023 0 0.5 p72 515 20
14 51935 m60 60323 0.0153845083 0.5 p72 520 9
31 52015 m60 88522 0.00388081698 0.5 p72 522 9
79 52487 m1 361486 0 0.5 p72 534 20
170 52642 m60 45835 0.00349342404 0.5 p72 538 11
143 52661 m1 675276 0 0.5 p72 538 20
39 53437 m60 95978 0.0118496595 0.5 p72 560 9
157 53456 m1 810270 0 0.5 p72 560 20
83 53458 m1 367529 0 0.5 p72 560 20
142 53913 m2 652666 0 0.5 p72 573 20
36 54760 m60 93698 0.00365390605 0.5 p72 595 9
125 54881 m2 581772 0 0.5 p72 598 20
187 54890 m60 88902 0.00940817036 0.5 p72 598 11
172 54915 m61 52846 -0.00160545483 0.5 p72 599 11
195 54962 m3 129561 -6.35617398e-05 0.100000001 p72 600 11
176 55046 m1 66236 0 0.5 p72 603 11
109 55650 m1 487395 0 0.5 p72 618 20
12 55920 m1 55906 0 0.5 p72 625 9
65 56062 m1 232427 0 0.5 p72 629 20
35 56335 m60 93225 0.00812731218 0.5 p72 635 9
131 56833 m2 594221 0 0.5 p72 648 20
92 57136 m2 407219 0 0.5 p72 655 20
61 57293 m1 215153 0 0.5 p72 658 20
154 57451 m2 782759 0 0.5 p72 663 20
50 57617 m1 133596 0 0.5 p72 667 9
177 57693 m60 72012 0.00463314168 0.5 p72 668 11
101 57772 m1 443173 0 0.5 p72 670 20
55 58101 m1 159407 0 0.5 p72 678 20
24 58171 m60 76292 0.00248747412 0.5 p72 680 9
165 58489 m61 38665 -0.00495760608 0.5 p72 687 11
62 60046 m1 219591 0 0.5 p72 704 20
119 60905 m81 540549 -0.00879526138 0.5 p72 708 20
99 61296 m1 429476 0 0.5 p72 710 20
71 63656 m1 279324 0 0.5 p72 721 20
88 64899 m2 394238 0 0.5 p72 727 20
34 64900 m60 91677 0.00685128011 0.5 p72 727 9
120 65710 m1 545658 0 0.5 p72 731 20
162 66585 m1 18386 0 0.5 p72 735 11
48 66812 m1 122517 0 0.5 p72 736 9
167 67631 m60 41093 0.0233848337 0.5 p72 740 11
174 71267 m1 63712 0 0.5 p72 757 11
122 73928 m1 566689 0 0.5 p72 769 20
197 74083 m70 134595 0.00939936005 0.5 p72 770 11
136 75177 m1 626287 0 0.5 p72 774 20
173 76086 m60 55029 0.0168571062 0.5 p72 778 11
60 81926 m80 211869 0.0367745273 0.5 p72 801 20
22 86785 m60 69827 0.00467930734 0.5 p72 820 9
25 90698 m60 76982 0.00163181697 0.5 p72 835 9
57 91181 m2 195146 0 0.5 p72 837 20
69 91772 m80 269736 0.0167595558 0.5 p72 839 20
73 92813 m1 296059 0 0.5 p72 843 20
130 93356 m81 592724 -0.00598147558 0.5 p72 845 20
149 95336 m2 714575 0 0.5 p72 853 20
87 95572 m80 381612 0.0707544237 0.5 p72 854 20
180 95891 m60 79311 0.00370681263 0.5 p72 855 11
196 96659 m1 131067 0 0.5 p72 858 11
44 96710 m1 101434 0 0.5 p72 858 9
137 96952 m1 631949 0 0.5 p72 859 20
21 97203 m61 69759 -0.00194811157 0.5 p72 860 9
114 97277 m2 512108 0 0.5 p72 860 20
49 98470 m1 122716 0 0.5 p72 865 9
54 100854 m1 158589 0 0.5 p72 874 9
33 101561 m61 90995 -0.0072424151 0.5 p72 877 9
98 103983 m1 427931 0 0.5 p72 886 20
51 107594 m1 145079 0 0.5 p72 900 9
132 108122 m2 601487 0 0.5 p72 902 20
76 113151 m1 353088 0 0.5 p72 922 20
15 114962 m60 60520 0.00450338284 0.5 p72 929 9
102 115483 m2 449299 0 0.5 p72 931 20
175 116901 m60 65371 0.000607268594 0.5 p72 937 11
3 119686 m1 22516 0 0.5 p72 948 9
74 119689 m1 304855 0 0.5 p72 948 20
151 120229 m1 746376 0 0.5 p72 950 20
191 123475 m60 96071 0.004956258 0.5 p72 963 11
23 123734 m60 72621 0.000529950194 0.5 p72 964 9
140 129612 m80 645920 0.0258618593 0.5 p72 987 20
72 133313 m3 282535 -0.000569886644 0.100000001 p72 1001 20
194 135640 m1 127101 0 0.5 p72 1010 11
199 136072 m1 155082 0 0.5 p72 1012 11
10 137116 m60 45902 0.00120995229 0.5 p72 1016 9
160 137595 m1 831175 0 0.5 p72 1018 20
30 141311 m1 83389 0 0.5 p72 1032 9
188 145400 m60 93201 0.00312771788 0.5 p72 1048 11
144 147727 m1 688371 0 0.5 p72 1057 20
205 149083 m1 240045 0 0.5 p72 1062 11
135 152225 m1 611715 0 0.5 p73 1074 20
52 152963 m1 145420 0 0.5 p72 1077 9
26 158248 m61 77365 -0.0332202651 0.5 p72 1098 9
82 159550 m1 366290 0 0.5 p73 1103 20
40 161505 m60 98180 0.0130614927 0.5 p72 1111 9
198 164712 m1 145853 0 0.5 p73 1123 11
163 165519 m1 34714 0 0.5 p73 1126 11
178 166535 m3 73836 -0.00812242553 0.100000001 p73 1130 11
127 167289 m2 588482 0 0.5 p73 1133 20
200 168792 m1 176095 0 0.5 p73 1139 11
203 168793 m1 218705 0 0.5 p73 1139 11
124 169595 m80 577028 0.00638092589 0.5 p73 1142 20
202 170906 m81 200548 -0.0411320589 0.5 p73 1147 11
201 173180 m81 184974 -0.00379489292 0.5 p73 1156 11
117 174218 m2 525071 0 0.5 p73 1160 20
18 178308 m60 67286 0.00298913452 0.5 p72 1176 9
145 181791 m1 702653 0 0.5 p73 1189 20
121 182057 m1 547485 0 0.5 p73 1190 20
86 188760 m2 380531 0 0.5 p73 1216 20
107 190089 m1 484570 0 0.5 p73 1221 20
56 190738 m80 182394 0.0140749002 0.5 p72 1224 9
169 192117 m61 45809 -0.00167497096 0.5 p73 1229 11
75 192371 m80 325996 0.00490644854 0.5 p73 1230 20
20 192889 m61 69205 -0.00548584945 0.5 p72 1232 9
141 197344 m80 649727 0.0148532428 0.5 p73 1249 20
63 201172 m1 223840 0 0.5 p72 1264 9
0 201323 m1 11730 0 0.5 p72 1265 9
168 203025 m1 41515 0 0.5 p73 1271 11
46 204685 m1 111478 0 0.5 p72 1278 9
204 205532 m1 232658 0 0.5 p73 1281 11
8 208610 m61 43403 -0.0050850641 0.5 p72 1293 9
91 216442 m2 406935 0 0.5 p73 1323 20
58 216880 m81 205609 -0.00623303652 0.5 p72 1325 9
17 217176 m60 64455 0.00124670984 0.5 p72 1326 9
53 222019 m1 147642 0 0.5 p72 1345 9
193 222964 m1 121897 0 0.5 p73 1348 11
41 228034 m60 98450 0.000660783669 0.5 p72 1368 9
159 228935 m1 823783 0 0.5 p73 1371 20
78 228936 m1 355498 0 0.5 p73 1371 20
67 236922 m81 253795 -0.000422978657 0.5 p73 1402 20
81 239099 m1 365211 0 0.5 p73 1410 20
147 242115 m1 705228 0 0.5 p73 1422 20
89 244760 m2 398052 0 0.5 p73 1432 20
19 247113 m60 67369 0.029116679 0.5 p72 1441 9
206 253260 m80 729810 0.00313883577 0.5 p73 1465 11
59 254285 m2 208733 0 0.5 p73 1469 9
115 254812 m2 513669 0 0.5 p73 1471 9
45 255311 m1 105759 0 0.5 p73 1473 9
148 260904 m1 705431 0 0.5 p73 1495 9
207 262195 m1 847737 0 0.5 p73 1500 2
Genomes:
p73:0 A 0 1 2 3 4 5 6 7 8 9 10 11 12 13 14 15 16 17 18 19 20 21 22 23 24 25 26 27 28 29 30 31 32 33 34 35 36 37 38 39 40 41 42 43 44 45 46 47 48 49 50 51 52 53 54 55 56 57 58 59 60 61 62 63 64 65 66 67 68 69 70 71 72 73 74 75 76 77 78 79 80 81 82 83 84 85 86 87 88 89 90 91 92 93 94 95 96 97 98 99 100 101 102 103 104 105 106 107 108 109 110 111 112 113 114 115 116 117 118 119 120 121 122 123 124 125 126 127 128 129 130 131 132 133 134 135 136 137 138 139 140 141 142 143 144 145 146 147 148 149 150 151 152 153 154 155 156 157 158 159 160 161
p73:1 A 162 163 164 165 166 167 168 169 170 171 172 173 174 175 176 177 178 179 180 181 182 183 184 185 186 187 188 189 190 191 192 193 194 195 196 197 198 199 55 200 201 57 202 60 61 203 62 64 65 204 205 66 67 68 69 70 71 72 73 74 75 76 77 78 79 80 81 82 83 84 85 86 87 88 89 90 91 92 93 94 95 96 97 98 99 100 101 102 103 104 105 106 107 108 109 110 111 112 113 114 116 117 118 119 120 121 122 123 124 125 126 127 128 129 130 131 132 133 134 135 136 137 138 139 140 141 142 143 144 145 146 147 149 150 206 151 152 153 154 155 156 157 158 159 160 161
p73:2 A 162 163 164 165 166 167 168 169 170 171 172 173 174 175 176 177 178 179 180 181 182 183 184 185 186 187 188 189 190 191 192 193 194 195 196 197 198 199 55 200 201 57 202 60 61 203 62 64 65 204 205 66 67 68 69 70 71 72 73 74 75 76 77 78 79 80 81 82 83 84 85 86 87 88 89 90 91 92 93 94 95 96 97 98 99 100 101 102 103 104 105 106 107 108 109 110 111 112 113 114 116 117 118 119 120 121 122 123 124 125 126 127 128 129 130 131 132 133 134 135 136 137 138 139 140 141 142 143 144 145 146 147 149 150 206 151 152 153 154 155 156 157 158 159 160 161
p73:3 A 0 1 2 3 4 5 6 7 8 9 10 11 12 13 14 15 16 17 18 19 20 21 22 23 24 25 26 27 28 29 30 31 32 33 34 35 36 37 38 39 40 41 42 43 44 45 46 47 48 49 50 51 52 53 54 55 56 57 58 59 60 61 62 63 64 65 66 67 68 69 70 71 72 73 74 75 76 77 78 79 80 81 82 83 84 85 86 87 88 89 90 91 92 93 94 95 96 97 98 99 100 101 102 103 104 105 106 107 108 109 110 111 112 113 114 115 116 117 118 119 120 121 122 123 124 125 126 127 128 129 130 131 132 133 134 135 136 137 138 139 140 141 142 143 144 145 146 147 148 149 150 151 152 153 154 155 156 157 158 159 160 161
p73:4 A 0 1 2 3 4 5 6 7 8 9 10 11 12 13 14 15 16 17 18 19 20 21 22 23 24 25 26 27 28 29 30 31 32 33 34 35 36 37 38 39 40 41 42 43 44 45 46 47 48 49 50 51 52 53 54 55 56 57 58 59 60 61 62 63 64 65 66 67 68 69 70 71 72 73 74 75 76 77 78 79 80 81 82 83 84 85 86 87 88 89 90 91 92 93 94 95 96 97 98 99 100 101 102 103 104 105 106 107 108 109 110 111 112 113 114 115 116 117 118 119 120 121 122 123 124 125 126 127 128 129 130 131 132 133 134 135 136 137 138 139 140 141 142 143 144 145 146 147 148 149 150 151 152 153 154 155 156 157 158 159 160 161
p73:5 A 162 163 164 165 166 167 168 169 170 171 172 173 174 175 176 177 178 179 180 181 182 183 184 185 186 187 188 189 190 191 192 193 194 195 196 197 198 199 55 200 201 57 202 60 61 203 62 64 65 204 205 66 67 68 69 70 71 72 73 74 75 76 77 78 79 80 81 82 83 84 85 86 87 88 89 90 91 92 93 94 95 96 97 98 99 100 101 102 103 104 105 106 107 108 109 110 111 112 113 114 116 117 118 119 120 121 122 123 124 125 126 127 128 129 130 131 132 133 134 135 136 137 138 139 140 141 142 143 144 145 146 147 149 150 206 151 152 153 154 155 156 157 158 159 160 161
p73:6 A 162 163 164 165 166 167 168 169 170 171 172 173 174 175 176 177 178 179 180 181 182 183 184 185 186 187 188 189 190 191 192 193 194 195 196 197 198 199 55 200 201 57 202 60 61 203 62 64 65 204 205 66 67 68 69 70 71 72 73 74 75 76 77 78 79 80 81 82 83 84 85 86 87 88 89 90 91 92 93 94 95 96 97 98 99 100 101 102 103 104 105 106 107 108 109 110 111 112 113 114 116 117 118 119 120 121 122 123 124 125 126 127 128 129 130 131 132 133 134 135 136 137 138 139 140 141 142 143 144 145 146 147 149 150 206 151 152 153 154 155 156 157 158 159 160 161 207
p73:7 A 162 163 164 165 166 167 168 169 170 171 172 173 174 175 176 177 178 179 180 181 182 183 184 185 186 187 188 189 190 191 192 193 194 195 196 197 198 199 55 200 201 57 202 60 61 203 62 64 65 204 205 66 67 68 69 70 71 72 73 74 75 76 77 78 79 80 81 82 83 84 85 86 87 88 89 90 91 92 93 94 95 96 97 98 99 100 101 102 103 104 105 106 107 108 109 110 111 112 113 114 116 117 118 119 120 121 122 123 124 125 126 127 128 129 130 131 132 133 134 135 136 137 138 139 140 141 142 143 144 145 146 147 149 150 206 151 152 153 154 155 156 157 158 159 160 161
p73:8 A 162 163 164 165 166 167 168 169 170 171 172 173 174 175 176 177 178 179 180 181 182 183 184 185 186 187 188 189 190 191 192 193 194 195 196 197 198 199 55 200 201 57 202 60 61 203 62 64 65 204 205 66 67 68 69 70 71 72 73 74 75 76 77 78 79 80 81 82 83 84 85 86 87 88 89 90 91 92 93 94 95 96 97 98 99 100 101 102 103 104 105 106 107 108 109 110 111 112 113 114 116 117 118 119 120 121 122 123 124 125 126 127 128 129 130 131 132 133 134 135 136 137 138 139 140 141 142 143 144 145 146 147 149 150 206 151 152 153 154 155 156 157 158 159 160 161 207
p73:9 A 162 163 164 165 166 167 168 169 170 171 172 173 174 175 176 177 178 179 180 181 182 183 184 185 186 187 188 189 190 191 192 193 194 195 196 197 198 199 55 200 201 57 202 60 61 203 62 64 65 204 205 66 67 68 69 70 71 72 73 74 75 76 77 78 79 80 81 82 83 84 85 86 87 88 89 90 91 92 93 94 95 96 97 98 99 100 101 102 103 104 105 106 107 108 109 110 111 112 113 114 116 117 118 119 120 121 122 123 124 125 126 127 128 129 130 131 132 133 134 135 136 137 138 139 140 141 142 143 144 145 146 147 149 150 206 151 152 153 154 155 156 157 158 159 160 161
p73:10 A 0 1 2 3 4 5 6 7 8 9 10 11 12 13 14 15 16 17 18 19 20 21 22 23 24 25 26 27 28 29 30 31 32 33 34 35 36 37 38 39 40 41 42 43 44 45 46 47 48 49 50 51 52 53 54 55 56 57 58 59 60 61 62 63 64 65 66 67 68 69 70 71 72 73 74 75 76 77 78 79 80 81 82 83 84 85 86 87 88 89 90 91 92 93 94 95 96 97 98 99 100 101 102 103 104 105 106 107 108 109 110 111 112 113 114 115 116 117 118 119 120 121 122 123 124 125 126 127 128 129 130 131 132 133 134 135 136 137 138 139 140 141 142 143 144 145 146 147 148 149 150 151 152 153 154 155 156 157 158 159 160 161
p73:11 A 0 1 2 3 4 5 6 7 8 9 10 11 12 13 14 15 16 17 18 19 20 21 22 23 24 25 26 27 28 29 30 31 32 33 34 35 36 37 38 39 40 41 42 43 44 45 46 47 48 49 50 51 52 53 54 55 56 57 58 59 60 61 62 63 64 65 66 67 68 69 70 71 72 73 74 75 76 77 78 79 80 81 82 83 84 85 86 87 88 89 90 91 92 93 94 95 96 97 98 99 100 101 102 103 104 105 106 107 108 109 110 111 112 113 114 115 116 117 118 119 120 121 122 123 124 125 126 127 128 129 130 131 132 133 134 135 136 137 138 139 140 141 142 143 144 145 146 147 148 149 150 151 152 153 154 155 156 157 158 159 160 161
p73:12 A 162 163 164 165 166 167 168 169 170 171 172 173 174 175 176 177 178 179 180 181 182 183 184 185 186 187 188 189 190 191 192 193 194 195 196 197 198 199 55 200 201 57 202 60 61 203 62 64 65 204 205 66 67 68 69 70 71 72 73 74 75 76 77 78 79 80 81 82 83 84 85 86 87 88 89 90 91 92 93 94 95 96 97 98 99 100 101 102 103 104 105 106 107 108 109 110 111 112 113 114 116 117 118 119 120 121 122 123 124 125 126 127 128 129 130 131 132 133 134 135 136 137 138 139 140 141 142 143 144 145 146 147 149 150 206 151 152 153 154 155 156 157 158 159 160 161
p73:13 A 162 163 164 165 166 167 168 169 170 171 172 173 174 175 176 177 178 179 180 181 182 183 184 185 186 187 188 189 190 191 192 193 194 195 196 197 198 199 55 200 201 57 202 60 61 203 62 64 65 204 205 66 67 68 69 70 71 72 73 74 75 76 77 78 79 80 81 82 83 84 85 86 87 88 89 90 91 92 93 94 95 96 97 98 99 100 101 102 103 104 105 106 107 108 109 110 111 112 113 114 116 117 118 119 120 121 122 123 124 125 126 127 128 129 130 131 132 133 134 135 136 137 138 139 140 141 142 143 144 145 146 147 149 150 206 151 152 153 154 155 156 157 158 159 160 161
p73:14 A 0 1 2 3 4 5 6 7 8 9 10 11 12 13 14 15 16 17 18 19 20 21 22 23 24 25 26 27 28 29 30 31 32 33 34 35 36 37 38 39 40 41 42 43 44 45 46 47 48 49 50 51 52 53 54 55 56 57 58 59 60 61 62 63 64 65 66 67 68 69 70 71 72 73 74 75 76 77 78 79 80 81 82 83 84 85 86 87 88 89 90 91 92 93 94 95 96 97 98 99 100 101 102 103 104 105 106 107 108 109 110 111 112 113 114 115 116 117 118 119 120 121 122 123 124 125 126 127 128 129 130 131 132 133 134 135 136 137 138 139 140 141 142 143 144 145 146 147 148 149 150 151 152 153 154 155 156 157 158 159 160 161
p73:15 A 0 1 2 3 4 5 6 7 8 9 10 11 12 13 14 15 16 17 18 19 20 21 22 23 24 25 26 27 28 29 30 31 32 33 34 35 36 37 38 39 40 41 42 43 44 45 46 47 48 49 50 51 52 53 54 55 56 57 58 59 60 61 62 63 64 65 66 67 68 69 70 71 72 73 74 75 76 77 78 79 80 81 82 83 84 85 86 87 88 89 90 91 92 93 94 95 96 97 98 99 100 101 102 103 104 105 106 107 108 109 110 111 112 113 114 115 116 117 118 119 120 121 122 123 124 125 126 127 128 129 130 131 132 133 134 135 136 137 138 139 140 141 142 143 144 145 146 147 148 149 150 151 152 153 154 155 156 157 158 159 160 161
p73:16 A 162 163 164 165 166 167 168 169 170 171 172 173 174 175 176 177 178 179 180 181 182 183 184 185 186 187 188 189 190 191 192 193 194 195 196 197 198 199 55 200 201 57 202 60 61 203 62 64 65 204 205 66 67 68 69 70 71 72 73 74 75 76 77 78 79 80 81 82 83 84 85 86 87 88 89 90 91 92 93 94 95 96 97 98 99 100 101 102 103 104 105 106 107 108 109 110 111 112 113 114 116 117 118 119 120 121 122 123 124 125 126 127 128 129 130 131 132 133 134 135 136 137 138 139 140 141 142 143 144 145 146 147 149 150 206 151 152 153 154 155 156 157 158 159 160 161
p73:17 A 0 1 2 3 4 5 6 7 8 9 10 11 12 13 14 15 16 17 18 19 20 21 22 23 24 25 26 27 28 29 30 31 32 33 34 35 36 37 38 39 40 41 42 43 44 45 46 47 48 49 50 51 52 53 54 55 56 57 58 59 60 61 62 63 64 65 66 67 68 69 70 71 72 73 74 75 76 77 78 79 80 81 82 83 84 85 86 87 88 89 90 91 92 93 94 95 96 97 98 99 100 101 102 103 104 105 106 107 108 109 110 111 112 113 114 115 116 117 118 119 120 121 122 123 124 125 126 127 128 129 130 131 132 133 134 135 136 137 138 139 140 141 142 143 144 145 146 147 148 149 150 151 152 153 154 155 156 157 158 159 160 161
p73:18 A 162 163 164 165 166 167 168 169 170 171 172 173 174 175 176 177 178 179 180 181 182 183 184 185 186 187 188 189 190 191 192 193 194 195 196 197 198 199 55 200 201 57 202 60 61 203 62 64 65 204 205 66 67 68 69 70 71 72 73 74 75 76 77 78 79 80 81 82 83 84 85 86 87 88 89 90 91 92 93 94 95 96 97 98 99 100 101 102 103 104 105 106 107 108 109 110 111 112 113 114 116 117 118 119 120 121 122 123 124 125 126 127 128 129 130 131 132 133 134 135 136 137 138 139 140 141 142 143 144 145 146 147 149 150 206 151 152 153 154 155 156 157 158 159 160 161
p73:19 A 0 1 2 3 4 5 6 7 8 9 10 11 12 13 14 15 16 17 18 19 20 21 22 23 24 25 26 27 28 29 30 31 32 33 34 35 36 37 38 39 40 41 42 43 44 45 46 47 48 49 50 51 52 53 54 55 56 57 58 59 60 61 62 63 64 65 66 67 68 69 70 71 72 73 74 75 76 77 78 79 80 81 82 83 84 85 86 87 88 89 90 91 92 93 94 95 96 97 98 99 100 101 102 103 104 105 106 107 108 109 110 111 112 113 114 115 116 117 118 119 120 121 122 123 124 125 126 127 128 129 130 131 132 133 134 135 136 137 138 139 140 141 142 143 144 145 146 147 148 149 150 151 152 153 154 155 156 157 158 159 160 161
