//
segsites: 291
positions: 0.0028900289 0.0042800428 0.0059000590 0.0101901019 0.0104701047 0.0164801648 0.0178801788 0.0396203962 0.0423004230 0.0477804778 0.0480004800 0.0568505685 0.0574605746 0.0657506575 0.0684506845 0.0999609996 0.1048710487 0.1107911079 0.1138311383 0.1211812118 0.1242912429 0.1257512575 0.1315513155 0.1364013640 0.1370213702 0.1557615576 0.1702017020 0.1707017070 0.1713817138 0.1792217922 0.1798717987 0.1807518075 0.1841618416 0.1848318483 0.1852518525 0.1871918719 0.1876618766 0.2018820188 0.2078620786 0.2105921059 0.2107121071 0.2168421684 0.2188821888 0.2269322693 0.2280122801 0.2341423414 0.2370223702 0.2373223732 0.2402624026 0.2405124051 0.2410724107 0.2515625156 0.2551725517 0.2559625596 0.2591525915 0.2638526385 0.2675126751 0.2868628686 0.2873228732 0.2875928759 0.2902929029 0.2922829228 0.2953929539 0.2969029690 0.3123731237 0.3188831888 0.3227632276 0.3229832298 0.3273332733 0.3284332843 0.3327733277 0.3354733547 0.3389633896 0.3393733937 0.3429134291 0.3437934379 0.3517335173 0.3527635276 0.3550635506 0.3628736287 0.3653936539 0.3658336583 0.3687736877 0.3693736937 0.3708337083 0.3714837148 0.3717237172 0.3755937559 0.3770137701 0.3860438604 0.3862738627 0.3876438764 0.3920139201 0.3961039610 0.3968239682 0.4017040170 0.4140641406 0.4276142761 0.4295242952 0.4363943639 0.4365243652 0.4370143701 0.4390443904 0.4405444054 0.4406244062 0.4427744277 0.4436044360 0.4563145631 0.4616946169 0.4624546245 0.4777747777 0.4789947899 0.4814548145 0.4832548325 0.4836448364 0.4841848418 0.4853348533 0.4864248642 0.4893748937 0.4894148941 0.4904749047 0.4958749587 0.4996949969 0.5015750158 0.5058750588 0.5152751528 0.5226452265 0.5245652457 0.5288452885 0.5304053041 0.5312753128 0.5326753268 0.5362753628 0.5368653687 0.5380053801 0.5397553976 0.5448554486 0.5455654557 0.5474154742 0.5483754838 0.5510655107 0.5533455335 0.5560155602 0.5602156022 0.5641056411 0.5715057151 0.5723557236 0.5733957340 0.5735857359 0.5757757578 0.5786557866 0.5806658067 0.5836058361 0.5842958430 0.5871758718 0.5948859489 0.5957459575 0.5965759658 0.6026360264 0.6075260753 0.6086560866 0.6101161012 0.6102261023 0.6110961110 0.6123761238 0.6159661597 0.6163761638 0.6211862119 0.6237762378 0.6243162432 0.6289962900 0.6308463085 0.6363563636 0.6385063851 0.6393763938 0.6404164042 0.6426164262 0.6460464605 0.6509465095 0.6516865169 0.6531765318 0.6560265603 0.6606666067 0.6650866509 0.6695566956 0.6696666967 0.6707567076 0.6756067561 0.6792067921 0.6803468035 0.6812368124 0.6824968250 0.6837168372 0.6838068381 0.6909569096 0.6960369604 0.6968769688 0.6996769968 0.7009870099 0.7064870649 0.7075870759 0.7105471055 0.7130271303 0.7209172092 0.7243772438 0.7323073231 0.7329273293 0.7388273883 0.7417074171 0.7461774618 0.7540975410 0.7542175422 0.7563775638 0.7573875739 0.7582975830 0.7585575856 0.7616476165 0.7634576346 0.7649476495 0.7719777198 0.7747177472 0.7809978100 0.7847578476 0.7858078581 0.7873878739 0.7969879699 0.7975779758 0.8008380084 0.8035680357 0.8049580496 0.8117881179 0.8151781518 0.8188881889 0.8202382024 0.8210982110 0.8269182692 0.8288582886 0.8312483125 0.8346883469 0.8402784028 0.8433784338 0.8436684367 0.8525785258 0.8537985380 0.8592885929 0.8610486105 0.8699486995 0.8709287093 0.8718087181 0.8745787458 0.8771787718 0.8771987720 0.8791587916 0.8798087981 0.8860788608 0.8884088841 0.8914989150 0.8977389774 0.9015090151 0.9017490175 0.9043590436 0.9056490565 0.9082690827 0.9105591056 0.9173491735 0.9271092711 0.9282992830 0.9288492885 0.9290092901 0.9310093101 0.9310693107 0.9360093601 0.9367293673 0.9378893789 0.9474194742 0.9477494775 0.9549495495 0.9576095761 0.9583495835 0.9592995930 0.9624496245 0.9677896779 0.9711697117 0.9719797198 0.9725797258 0.9792697927 0.9823498235 0.9834698347 0.9844298443 0.9911799118 0.9958399584
110111101111011011111111111101111011111111111111111111110000010011111111111111111101111101111111111111011111100101111111110111111111111110111101111111111101110110111111111111011011011111111011111111101011111011101101110110110111111110111111111111111111111111111011011111111011110011011011111
111111111111011011111101111101111010111111111111110001110111011110110111111110101101111011111111111111111111110101111011110111111111111110111111111111111101100110111111111011011111111111111011111011101011111011101001111110111111011111111111111111111101111111111011011111111011110001111011111
110111101111011011111101111101111010111111111111111001110000010011110111111110111111111101111111111111011111100101111111111111111111111110111101111111111111110111111111111111011011011111111111111011101011111011101111110110110111111110111111111111111111111111111011011111111011111001011111111
110111101111011011111111111101111011111111111111111011110000010011110111111111111101111101111111111111011111100101111111110111111111111110111101111111111101111110111111111111011011011111111011111011101011111011101101110110110111111110111111111111111111111111111011011111111011110011011011111
110111101111011011111111111101111011111111111111111111110000010011111111111111111101111101111111111111011111100101111111110111111111111110111101111111111101110110111111111111111011011111111011111111101011111011101101110110110111111110111111111111111111111111111011011111111011110011011011111
110111111111011011111101111101111110111111111111110001111000011110110111111110101101111001111111111111011111100111111011110111111111111110111111111111111101100110111111111011011111011111111011111011101111111011101001111111111111011110111111111111111101111111111011111111111111110101111011111
111111111111011011111101111101111010111111111111110001110101011110110111111110101101111011111111111111111111110101111011110111111111111111111111111111111101100110111111111011011111111111111011111011101011111011101001111110111111011110111111111111111101111111111011011111111011110001111011111
110111111111011011111101111101111110111111111111110001111000011110110111111110101101111001111111111111011111100111111011110111111111111110111111111111111101100110111111111011011111011111111011111011101111111011111001111111111111011110111111111111111101111111111011111111111011110101111011111
110111111111011011111101111101111110111111111111110001111000011110110111111110101101111001111111111111011111100111111011110111111111111110111111111111111101100110111111111011011111011111111011111011101111111111101001111111111111011110111111111111111101111111111011111111111011110101111011111
110111101111011011111101111111111010111111111111111001110000010011110111111110111111111101111111111111011111100101111111111111111111111110111101111111111111110111111111111111011011011111111111111011101011111011101111110110110111111110111111111111111111111111111011011111111011111001011111111
111111111111011011111101111101111010111111111111110001110101011110110111111110101101111011111111111111111111110101111011110111111111111110111111111111111101100110111111111011011111111111111011111011101011111011101001111110111111011110111111111111111101111111111111011111111011110001111011111
110111101111111011111101111101111010111111111111111001110000110011110111111111111101111101111111111111011111101101111111110111111111111110111101111111111101110110111111111111011011011111111011111011111011111011101101110110110111111110111111111111111111111111111011011111111011110011011011111
111111111111011011111101111101111010111111111111110001110111011110110111111110101101111011111111111111111111110101111011110111111111111110111111111111111101100110111111111011011111111111111011111011101011111011101001111111111111011110111111111111111101111111111011111111111011110101111011111
110111101111011011111111111101111011111111111111111011110000010011110111111111111101111101111111111111011111100101111111110111111111111110111101111111111101111110111111111111011011011111111011111011101011111011101101110110110111111110111111111111111111111111111011011111111011110011011011111
111111111111011011111101111101111010111111111111110001110101011110110111111110101101111011111111111111111111110101111011110111111111111110111111111111111101100110111111111011011111111111111011111011101011111011101001111110111111011110111111111111111101111111111011011111111011110001111011111
110111101111011011111101111101111010111111111111111001110000010011110111111110111111111101111111111111011111100101111111110111111111111110111101111111111111110111111111111111011011011111111111111011101011111011101111110110110111111110111111111111111111111111111011011111111011111001011111111
110111111111011011111101111101111110111111111111110001111000011110110111111110101101111001111111111111011111100111111011110111111111111110111111111111111101100110111111111011011111011111111011111011101111111011101001111111111111011110111111111111111101111111111011111111111111110101111011111
111111111111011011111101111101111010111111111111110001110101011110110111111110101101111011111111111111111111110101111011110111111111111110111111111111111101100110111111111011011111111111111011111011101011111011101001111110111111011110111111111111111101111111111011011111111011110001111011111
110111101111011011111111111101111011111111111111111111110000010011111111111111111101111101111111111111011111100101111111110111111111111110111101111111111101110110111111111111011011011111111011111111101011111011101101110110110111111110111111111111111111111111111011011111111011110011011011111
110111101111011111111111111101111011111111111111111011110000010011110111111111111101111101111111111111011111100101111111110111111111111110111101111111111101111110111111111111011011011111111011111011101011111011101101110110110111111110111111111111111111111111111011011111111011110011011011111
