#OUT: 5000 SS p2 20 ./sample.txt
Mutations:
2 75339 m1 58265 0 0.5 p1 754 20
1 147927 m1 9480 0 0.5 p2 1240 20
0 271272 m1 4673 0 0.5 p2 1858 20
3 531112 m1 70663 0 0.5 p2 3161 20
4 788220 m1 89047 0 0.5 p2 4449 12
6 842691 m1 58096 0 0.5 p2 4721 8
7 871482 m1 13259 0 0.5 p2 4866 2
10 893129 m1 53275 0 0.5 p2 4973 1
11 897301 m2 98099 -0.5 0.5 p2 4993 1
9 897718 m2 57532 -0.5 0.5 p2 4995 1
12 898141 m2 78486 -0.5 0.5 p2 4997 1
5 898260 m2 50269 -0.5 0.5 p2 4998 1
14 898303 m2 26367 -0.5 0.5 p2 4998 1
13 898622 m2 19401 -0.5 0.5 p2 5000 1
8 898649 m2 48542 -0.5 0.5 p2 5000 1
Genomes:
p2:0 A 0 1 2 3 4
p2:1 A 0 1 5 6 2 3 4
p2:2 A 0 1 7 8 2 3
p2:3 A 0 1 9 2 3
p2:4 A 0 1 10 2 3 4
p2:5 A 0 1 6 2 3 4
p2:6 A 0 1 2 3
p2:7 A 0 1 6 2 3 4
p2:8 A 0 1 2 3
p2:9 A 0 1 2 3 4 11
p2:10 A 0 1 6 2 3 4
p2:11 A 0 1 7 2 3 12
p2:12 A 0 1 6 2 3 4
p2:13 A 0 1 2 3
p2:14 A 0 1 13 14 2 3
p2:15 A 0 1 2 3
p2:16 A 0 1 2 3 4
p2:17 A 0 1 6 2 3 4
p2:18 A 0 1 6 2 3 4
p2:19 A 0 1 6 2 3 4
