#OUT: 5000 SS p1 1 /Users/josephzou/Desktop/divergence.txt
Mutations:
1021 195 m2 88497 0.0299999993 0.5 p1 2 1
177 1518 m1 17450 0 0.5 p1 8 1
30 1672 m2 2710 0.0299999993 0.5 p1 9 1
749 1673 m2 65090 0.0299999993 0.5 p1 9 1
1038 1766 m2 90029 0.0299999993 0.5 p1 10 1
448 4758 m2 40336 0.0299999993 0.5 p1 25 1
425 4944 m2 39186 0.0299999993 0.5 p1 26 1
379 4945 m2 34742 0.0299999993 0.5 p1 26 1
74 6657 m2 6074 0.0299999993 0.5 p1 35 1
697 6658 m2 60753 0.0299999993 0.5 p1 35 1
35 6659 m2 3120 0.0299999993 0.5 p1 35 1
578 7730 m2 50471 0.0299999993 0.5 p1 40 1
11 7731 m2 964 0.0299999993 0.5 p1 40 1
1006 8706 m2 87026 0.0299999993 0.5 p1 45 1
644 8887 m2 54765 0.0299999993 0.5 p1 46 1
346 11023 m1 32465 0 0.5 p1 56 1
212 11607 m2 20577 0.0299999993 0.5 p1 59 1
249 11664 m2 23656 0.0299999993 0.5 p1 60 1
997 13627 m2 86669 0.0299999993 0.5 p1 70 1
659 15951 m2 56835 0.0299999993 0.5 p1 81 1
577 16787 m2 50433 0.0299999993 0.5 p1 86 1
637 16858 m1 54287 0 0.5 p1 86 1
235 17966 m2 22546 0.0299999993 0.5 p1 92 1
605 18051 m2 51817 0.0299999993 0.5 p1 92 1
922 18933 m2 80781 0.0299999993 0.5 p1 97 1
766 19539 m2 66605 0.0299999993 0.5 p1 100 1
884 19759 m1 77328 0 0.5 p1 101 1
633 20487 m2 53992 0.0299999993 0.5 p1 104 1
141 20556 m1 13357 0 0.5 p1 105 1
606 21070 m2 51848 0.0299999993 0.5 p1 107 1
563 21784 m1 49087 0 0.5 p1 111 1
1072 22699 m2 93013 0.0299999993 0.5 p1 116 1
71 23099 m2 5736 0.0299999993 0.5 p1 118 1
877 23567 m2 76608 0.0299999993 0.5 p1 120 1
1048 25102 m2 91043 0.0299999993 0.5 p1 128 1
4 25278 m2 524 0.0299999993 0.5 p1 129 1
352 27074 m2 33269 0.0299999993 0.5 p1 137 1
226 27377 m2 21635 0.0299999993 0.5 p1 139 1
229 28292 m2 21892 0.0299999993 0.5 p1 143 1
801 29728 m2 69864 0.0299999993 0.5 p1 150 1
521 29863 m2 45807 0.0299999993 0.5 p1 151 1
1009 30970 m2 87404 0.0299999993 0.5 p1 156 1
958 31188 m2 83538 0.0299999993 0.5 p1 157 1
509 31388 m2 45093 0.0299999993 0.5 p1 158 1
723 33984 m2 62887 0.0299999993 0.5 p1 171 1
37 36780 m2 3354 0.0299999993 0.5 p1 185 1
936 37036 m2 82026 0.0299999993 0.5 p1 187 1
331 37379 m2 31217 0.0299999993 0.5 p1 188 1
1124 37907 m2 97856 0.0299999993 0.5 p1 191 1
742 39679 m2 64780 0.0299999993 0.5 p1 200 1
835 40154 m2 72698 0.0299999993 0.5 p1 202 1
1008 40215 m1 87284 0 0.5 p1 203 1
919 41420 m2 80515 0.0299999993 0.5 p1 209 1
203 44873 m1 19721 0 0.5 p1 226 1
1121 46051 m2 97772 0.0299999993 0.5 p1 231 1
123 46586 m2 10688 0.0299999993 0.5 p1 234 1
327 47350 m2 30832 0.0299999993 0.5 p1 238 1
603 47529 m2 51685 0.0299999993 0.5 p1 239 1
908 50269 m2 79646 0.0299999993 0.5 p1 253 1
279 50918 m2 26794 0.0299999993 0.5 p1 256 1
627 53440 m1 53674 0 0.5 p1 269 1
104 54247 m2 9264 0.0299999993 0.5 p1 273 1
798 55600 m2 69395 0.0299999993 0.5 p1 280 1
898 55738 m2 78707 0.0299999993 0.5 p1 281 1
33 56668 m2 3078 0.0299999993 0.5 p1 286 1
629 58276 m2 53785 0.0299999993 0.5 p1 294 1
38 60556 m2 3371 0.0299999993 0.5 p1 305 1
520 60666 m1 45805 0 0.5 p1 306 1
1059 61009 m2 91940 0.0299999993 0.5 p1 307 1
1071 61473 m2 93004 0.0299999993 0.5 p1 309 1
403 62160 m2 37325 0.0299999993 0.5 p1 313 1
127 62285 m2 11768 0.0299999993 0.5 p1 313 1
823 63680 m1 71766 0 0.5 p1 321 1
869 63681 m2 75940 0.0299999993 0.5 p1 321 1
743 68075 m1 64823 0 0.5 p1 342 1
1 68208 m2 274 0.0299999993 0.5 p1 343 1
970 68917 m2 84259 0.0299999993 0.5 p1 347 1
980 69360 m2 85057 0.0299999993 0.5 p1 349 1
463 69517 m2 41457 0.0299999993 0.5 p1 350 1
274 71075 m1 25894 0 0.5 p1 358 1
510 72069 m2 45209 0.0299999993 0.5 p1 363 1
114 72417 m2 10228 0.0299999993 0.5 p1 364 1
790 73050 m2 68645 0.0299999993 0.5 p1 368 1
49 73919 m2 4160 0.0299999993 0.5 p1 372 1
126 74451 m1 11680 0 0.5 p1 375 1
63 74725 m2 5162 0.0299999993 0.5 p1 376 1
718 75219 m1 62425 0 0.5 p1 378 1
106 76748 m2 9486 0.0299999993 0.5 p1 386 1
129 77500 m2 11948 0.0299999993 0.5 p1 390 1
311 78024 m2 29385 0.0299999993 0.5 p1 393 1
8 78501 m1 941 0 0.5 p1 395 1
130 79807 m1 12166 0 0.5 p1 401 1
641 80220 m2 54514 0.0299999993 0.5 p1 403 1
732 81032 m2 63620 0.0299999993 0.5 p1 407 1
124 83350 m1 11237 0 0.5 p1 419 1
609 84829 m2 52153 0.0299999993 0.5 p1 426 1
189 86425 m2 18490 0.0299999993 0.5 p1 435 1
1110 86940 m2 96942 0.0299999993 0.5 p1 437 1
597 89277 m2 51428 0.0299999993 0.5 p1 449 1
966 89537 m2 84171 0.0299999993 0.5 p1 450 1
594 90376 m2 51194 0.0299999993 0.5 p1 454 1
501 91182 m2 44650 0.0299999993 0.5 p1 459 1
836 91594 m2 72856 0.0299999993 0.5 p1 461 1
988 94618 m2 85484 0.0299999993 0.5 p1 476 1
1049 96021 m2 91135 0.0299999993 0.5 p1 483 1
42 96304 m2 3662 0.0299999993 0.5 p1 484 1
584 97389 m2 50795 0.0299999993 0.5 p1 489 1
861 97938 m2 75109 0.0299999993 0.5 p1 492 1
115 99054 m1 10237 0 0.5 p1 498 1
994 99402 m2 86157 0.0299999993 0.5 p1 499 1
946 101162 m2 82875 0.0299999993 0.5 p1 508 1
541 101454 m2 47290 0.0299999993 0.5 p1 510 1
548 101655 m2 47915 0.0299999993 0.5 p1 511 1
417 102099 m2 38655 0.0299999993 0.5 p1 513 1
947 103323 m2 82896 0.0299999993 0.5 p1 519 1
87 106050 m1 7197 0 0.5 p1 533 1
508 106360 m2 45074 0.0299999993 0.5 p1 534 1
219 107930 m2 21080 0.0299999993 0.5 p1 542 1
842 108521 m2 73527 0.0299999993 0.5 p1 545 1
838 111923 m2 73077 0.0299999993 0.5 p1 562 1
332 112435 m2 31262 0.0299999993 0.5 p1 565 1
313 112857 m2 29603 0.0299999993 0.5 p1 567 1
1142 112858 m2 99509 0.0299999993 0.5 p1 567 1
48 113432 m2 3978 0.0299999993 0.5 p1 570 1
25 113433 m2 2436 0.0299999993 0.5 p1 570 1
121 114697 m2 10571 0.0299999993 0.5 p1 576 1
655 114748 m1 56194 0 0.5 p1 577 1
258 115358 m2 24233 0.0299999993 0.5 p1 579 1
1041 115359 m2 90278 0.0299999993 0.5 p1 579 1
896 115907 m1 78490 0 0.5 p1 582 1
590 117217 m2 50998 0.0299999993 0.5 p1 589 1
434 118543 m2 39594 0.0299999993 0.5 p1 595 1
542 120429 m2 47419 0.0299999993 0.5 p1 605 1
703 120555 m1 61534 0 0.5 p1 605 1
292 120742 m2 27606 0.0299999993 0.5 p1 606 1
195 121714 m2 19061 0.0299999993 0.5 p1 611 1
1081 121830 m2 94178 0.0299999993 0.5 p1 612 1
773 123076 m2 67490 0.0299999993 0.5 p1 618 1
747 124088 m1 65042 0 0.5 p1 623 1
409 124490 m2 37724 0.0299999993 0.5 p1 625 1
1095 125437 m2 95632 0.0299999993 0.5 p1 630 1
782 126043 m1 67980 0 0.5 p1 633 1
62 126452 m2 5152 0.0299999993 0.5 p1 635 1
680 126453 m2 59506 0.0299999993 0.5 p1 635 1
975 126640 m2 84750 0.0299999993 0.5 p1 636 1
243 128360 m2 23314 0.0299999993 0.5 p1 644 1
763 128637 m2 66257 0.0299999993 0.5 p1 646 1
302 129880 m2 28678 0.0299999993 0.5 p1 652 1
775 130207 m1 67514 0 0.5 p1 654 1
638 130255 m2 54322 0.0299999993 0.5 p1 654 1
961 130567 m2 84000 0.0299999993 0.5 p1 656 1
283 130810 m2 27004 0.0299999993 0.5 p1 657 1
77 133418 m2 6291 0.0299999993 0.5 p1 670 1
470 134363 m1 42444 0 0.5 p1 675 1
1034 135152 m2 89778 0.0299999993 0.5 p1 679 1
855 135153 m2 74651 0.0299999993 0.5 p1 679 1
646 138383 m2 54936 0.0299999993 0.5 p1 695 1
642 139125 m2 54690 0.0299999993 0.5 p1 699 1
225 141168 m2 21587 0.0299999993 0.5 p1 709 1
774 141928 m2 67503 0.0299999993 0.5 p1 713 1
1016 141929 m2 88149 0.0299999993 0.5 p1 713 1
396 143245 m2 36434 0.0299999993 0.5 p1 719 1
740 144300 m2 64626 0.0299999993 0.5 p1 725 1
880 144942 m2 76893 0.0299999993 0.5 p1 728 1
1042 145435 m1 90359 0 0.5 p1 730 1
1067 145493 m2 92525 0.0299999993 0.5 p1 731 1
1136 147614 m2 98807 0.0299999993 0.5 p1 741 1
874 149908 m2 76409 0.0299999993 0.5 p1 753 1
205 150525 m2 19792 0.0299999993 0.5 p1 756 1
1060 152901 m2 91995 0.0299999993 0.5 p1 767 1
306 154090 m2 28915 0.0299999993 0.5 p1 773 1
567 154845 m2 49557 0.0299999993 0.5 p1 777 1
600 156110 m1 51533 0 0.5 p1 783 1
816 157241 m2 71225 0.0299999993 0.5 p1 789 1
426 157428 m2 39217 0.0299999993 0.5 p1 790 1
1125 158754 m2 97959 0.0299999993 0.5 p1 796 1
408 158755 m2 37618 0.0299999993 0.5 p1 796 1
1015 159468 m1 88084 0 0.5 p1 800 1
1025 159809 m2 88958 0.0299999993 0.5 p1 802 1
59 160513 m1 4993 0 0.5 p1 805 1
1129 161100 m2 98246 0.0299999993 0.5 p1 808 1
639 161381 m2 54386 0.0299999993 0.5 p1 809 1
832 161920 m2 72547 0.0299999993 0.5 p1 812 1
860 162115 m2 75089 0.0299999993 0.5 p1 813 1
303 162116 m2 28706 0.0299999993 0.5 p1 813 1
98 164138 m2 8799 0.0299999993 0.5 p1 823 1
228 164486 m1 21739 0 0.5 p1 824 1
440 164487 m2 39901 0.0299999993 0.5 p1 824 1
1130 166874 m2 98328 0.0299999993 0.5 p1 836 1
1045 166973 m2 90808 0.0299999993 0.5 p1 837 1
269 167882 m2 25445 0.0299999993 0.5 p1 841 1
326 168582 m2 30759 0.0299999993 0.5 p1 845 1
632 169698 m2 53954 0.0299999993 0.5 p1 850 1
350 169800 m2 33118 0.0299999993 0.5 p1 851 1
14 171461 m2 1416 0.0299999993 0.5 p1 859 1
854 171498 m2 74485 0.0299999993 0.5 p1 859 1
487 173129 m2 43813 0.0299999993 0.5 p1 867 1
739 173810 m2 64610 0.0299999993 0.5 p1 871 1
507 174020 m2 45041 0.0299999993 0.5 p1 872 1
1139 175286 m2 99341 0.0299999993 0.5 p1 879 1
359 176629 m2 33571 0.0299999993 0.5 p1 885 1
839 177000 m2 73239 0.0299999993 0.5 p1 887 1
27 179368 m2 2561 0.0299999993 0.5 p1 899 1
725 179789 m2 63041 0.0299999993 0.5 p1 901 1
273 181080 m2 25803 0.0299999993 0.5 p1 908 1
969 181913 m2 84252 0.0299999993 0.5 p1 912 1
208 181919 m2 20140 0.0299999993 0.5 p1 912 1
895 183514 m2 78397 0.0299999993 0.5 p1 920 1
745 184399 m2 64905 0.0299999993 0.5 p1 924 1
1118 185537 m2 97484 0.0299999993 0.5 p1 930 1
1084 186018 m2 94646 0.0299999993 0.5 p1 932 1
423 186343 m2 39095 0.0299999993 0.5 p1 934 1
967 187548 m2 84214 0.0299999993 0.5 p1 940 1
527 187926 m2 46435 0.0299999993 0.5 p1 941 1
767 190098 m2 66661 0.0299999993 0.5 p1 952 1
380 192670 m2 34763 0.0299999993 0.5 p1 965 1
652 193539 m2 55537 0.0299999993 0.5 p1 969 1
502 194459 m1 44788 0 0.5 p1 974 1
547 194889 m2 47646 0.0299999993 0.5 p1 976 1
133 195189 m2 12636 0.0299999993 0.5 p1 977 1
190 196041 m2 18679 0.0299999993 0.5 p1 982 1
134 198257 m2 12740 0.0299999993 0.5 p1 992 1
1123 199055 m2 97837 0.0299999993 0.5 p1 997 1
873 202276 m2 76376 0.0299999993 0.5 p1 1006 1
145 204604 m1 13666 0 0.5 p1 1012 1
304 205893 m2 28768 0.0299999993 0.5 p1 1015 1
65 206577 m2 5203 0.0299999993 0.5 p1 1017 1
220 208322 m2 21100 0.0299999993 0.5 p1 1021 1
595 208323 m2 51200 0.0299999993 0.5 p1 1021 1
1108 209009 m1 96660 0 0.5 p1 1023 1
565 214169 m2 49217 0.0299999993 0.5 p1 1036 1
23 214527 m2 2072 0.0299999993 0.5 p1 1037 1
693 215291 m2 60570 0.0299999993 0.5 p1 1039 1
945 215650 m2 82611 0.0299999993 0.5 p1 1040 1
525 217644 m2 46230 0.0299999993 0.5 p1 1045 1
753 223506 m2 65448 0.0299999993 0.5 p1 1059 1
394 226197 m2 36047 0.0299999993 0.5 p1 1066 1
390 226722 m2 35752 0.0299999993 0.5 p1 1067 1
591 227445 m2 51076 0.0299999993 0.5 p1 1069 1
13 228254 m2 1258 0.0299999993 0.5 p1 1071 1
692 229517 m2 60393 0.0299999993 0.5 p1 1074 1
39 230104 m1 3379 0 0.5 p1 1076 1
1117 231293 m2 97421 0.0299999993 0.5 p1 1079 1
865 234528 m2 75711 0.0299999993 0.5 p1 1087 1
701 235637 m1 61238 0 0.5 p1 1090 1
404 236114 m2 37382 0.0299999993 0.5 p1 1091 1
791 237430 m2 69079 0.0299999993 0.5 p1 1094 1
271 241123 m2 25537 0.0299999993 0.5 p1 1103 1
496 244712 m2 44500 0.0299999993 0.5 p1 1112 1
683 245440 m2 59656 0.0299999993 0.5 p1 1114 1
981 246637 m2 85143 0.0299999993 0.5 p1 1117 1
22 249207 m2 2058 0.0299999993 0.5 p1 1123 1
731 252676 m2 63606 0.0299999993 0.5 p1 1132 1
319 254985 m2 30154 0.0299999993 0.5 p1 1138 1
293 256286 m2 27670 0.0299999993 0.5 p1 1141 1
1128 260433 m1 98067 0 0.5 p1 1152 1
231 263183 m1 22169 0 0.5 p1 1159 1
491 264371 m2 44123 0.0299999993 0.5 p1 1162 1
367 264801 m2 33814 0.0299999993 0.5 p1 1163 1
752 266726 m2 65288 0.0299999993 0.5 p1 1168 1
256 268122 m2 24098 0.0299999993 0.5 p1 1171 1
716 268732 m2 62111 0.0299999993 0.5 p1 1173 1
432 270131 m2 39531 0.0299999993 0.5 p1 1176 1
834 271687 m2 72601 0.0299999993 0.5 p1 1180 1
843 273209 m2 73673 0.0299999993 0.5 p1 1184 1
244 273715 m2 23341 0.0299999993 0.5 p1 1185 1
370 273716 m2 33871 0.0299999993 0.5 p1 1185 1
181 274870 m2 17790 0.0299999993 0.5 p1 1188 1
940 275311 m2 82329 0.0299999993 0.5 p1 1189 1
814 278906 m2 71147 0.0299999993 0.5 p1 1198 1
583 279680 m2 50731 0.0299999993 0.5 p1 1200 1
263 282103 m2 24888 0.0299999993 0.5 p1 1206 1
868 282579 m2 75903 0.0299999993 0.5 p1 1207 1
996 284240 m1 86603 0 0.5 p1 1211 1
593 284880 m2 51144 0.0299999993 0.5 p1 1213 1
1137 287770 m2 98868 0.0299999993 0.5 p1 1220 1
1070 291672 m1 92961 0 0.5 p1 1230 1
818 299988 m2 71378 0.0299999993 0.5 p1 1251 1
672 300429 m2 58802 0.0299999993 0.5 p1 1252 1
348 302112 m2 32892 0.0299999993 0.5 p1 1256 1
464 302113 m2 41529 0.0299999993 0.5 p1 1256 1
604 306552 m2 51748 0.0299999993 0.5 p1 1267 1
620 307834 m2 52864 0.0299999993 0.5 p1 1270 1
18 309093 m2 1833 0.0299999993 0.5 p1 1273 1
618 309462 m1 52793 0 0.5 p1 1274 1
1000 314647 m2 86710 0.0299999993 0.5 p1 1287 1
729 316184 m2 63520 0.0299999993 0.5 p1 1291 1
1069 317447 m2 92862 0.0299999993 0.5 p1 1294 1
809 317731 m1 70677 0 0.5 p1 1295 1
419 319769 m2 38742 0.0299999993 0.5 p1 1300 1
105 321707 m2 9372 0.0299999993 0.5 p1 1305 1
218 326631 m2 20987 0.0299999993 0.5 p1 1317 1
377 326991 m2 34543 0.0299999993 0.5 p1 1318 1
284 327204 m2 27107 0.0299999993 0.5 p1 1319 1
949 327976 m2 83050 0.0299999993 0.5 p1 1321 1
831 328087 m1 72479 0 0.5 p1 1321 1
1024 328937 m2 88750 0.0299999993 0.5 p1 1323 1
46 333277 m2 3873 0.0299999993 0.5 p1 1334 1
806 333635 m1 70418 0 0.5 p1 1335 1
371 333636 m2 33929 0.0299999993 0.5 p1 1335 1
903 334834 m2 79079 0.0299999993 0.5 p1 1338 1
744 338747 m2 64868 0.0299999993 0.5 p1 1348 1
465 339720 m2 41657 0.0299999993 0.5 p1 1350 1
450 341219 m2 40393 0.0299999993 0.5 p1 1354 1
365 344040 m2 33794 0.0299999993 0.5 p1 1361 1
651 345625 m2 55489 0.0299999993 0.5 p1 1365 1
171 352410 m2 16391 0.0299999993 0.5 p1 1382 1
689 353219 m2 60137 0.0299999993 0.5 p1 1384 1
72 355554 m2 6032 0.0299999993 0.5 p1 1390 1
750 356878 m2 65091 0.0299999993 0.5 p1 1393 1
287 357657 m2 27237 0.0299999993 0.5 p1 1395 1
551 358812 m2 48306 0.0299999993 0.5 p1 1398 1
568 363003 m1 49630 0 0.5 p1 1408 1
1132 364834 m2 98534 0.0299999993 0.5 p1 1413 1
414 366136 m2 38360 0.0299999993 0.5 p1 1416 1
728 367813 m2 63408 0.0299999993 0.5 p1 1420 1
299 367814 m2 28519 0.0299999993 0.5 p1 1420 1
16 369006 m1 1674 0 0.5 p1 1423 1
148 370663 m2 14168 0.0299999993 0.5 p1 1427 1
1007 373865 m1 87117 0 0.5 p1 1435 1
851 375929 m2 74212 0.0299999993 0.5 p1 1440 1
164 376774 m1 15989 0 0.5 p1 1442 1
340 377879 m2 31845 0.0299999993 0.5 p1 1445 1
549 378313 m1 47960 0 0.5 p1 1446 1
648 379589 m2 55273 0.0299999993 0.5 p1 1449 1
186 384692 m2 18143 0.0299999993 0.5 p1 1462 1
184 393052 m2 17970 0.0299999993 0.5 p1 1483 1
1115 393905 m2 97393 0.0299999993 0.5 p1 1485 1
376 396639 m2 34444 0.0299999993 0.5 p1 1492 1
537 396640 m2 47107 0.0299999993 0.5 p1 1492 1
216 398669 m2 20910 0.0299999993 0.5 p1 1497 1
462 399086 m2 41258 0.0299999993 0.5 p1 1498 1
1058 399087 m2 91829 0.0299999993 0.5 p1 1498 1
298 401077 m2 28369 0.0299999993 0.5 p1 1503 1
221 403473 m2 21119 0.0299999993 0.5 p1 1509 1
135 403474 m2 12807 0.0299999993 0.5 p1 1509 1
1147 404393 m2 99914 0.0299999993 0.5 p1 1511 1
608 404772 m2 52141 0.0299999993 0.5 p1 1512 1
522 405184 m2 45845 0.0299999993 0.5 p1 1513 1
385 408771 m2 35258 0.0299999993 0.5 p1 1522 1
741 409044 m2 64757 0.0299999993 0.5 p1 1523 1
700 410251 m1 60976 0 0.5 p1 1526 1
343 410252 m2 32059 0.0299999993 0.5 p1 1526 1
355 411509 m2 33414 0.0299999993 0.5 p1 1529 1
909 413480 m2 79662 0.0299999993 0.5 p1 1534 1
891 417122 m2 77982 0.0299999993 0.5 p1 1543 1
265 419074 m2 25023 0.0299999993 0.5 p1 1548 1
397 419523 m2 36517 0.0299999993 0.5 p1 1549 1
132 419524 m2 12335 0.0299999993 0.5 p1 1549 1
338 420644 m2 31621 0.0299999993 0.5 p1 1552 1
149 425971 m1 14410 0 0.5 p1 1565 1
449 427229 m1 40352 0 0.5 p1 1568 1
233 427932 m2 22206 0.0299999993 0.5 p1 1570 1
580 427933 m1 50507 0 0.5 p1 1570 1
1005 428313 m1 86915 0 0.5 p1 1571 1
622 428470 m2 52941 0.0299999993 0.5 p1 1571 1
261 428471 m2 24685 0.0299999993 0.5 p1 1571 1
111 430708 m2 10037 0.0299999993 0.5 p1 1577 1
236 433263 m2 22712 0.0299999993 0.5 p1 1583 1
421 435582 m2 38980 0.0299999993 0.5 p1 1589 1
1046 435851 m2 90847 0.0299999993 0.5 p1 1590 1
987 438766 m2 85389 0.0299999993 0.5 p1 1597 1
223 441459 m2 21297 0.0299999993 0.5 p1 1604 1
482 442300 m2 43619 0.0299999993 0.5 p1 1606 1
1131 445835 m2 98483 0.0299999993 0.5 p1 1615 1
483 446730 m2 43650 0.0299999993 0.5 p1 1617 1
156 451816 m1 15290 0 0.5 p1 1630 1
837 452526 m2 72905 0.0299999993 0.5 p1 1632 1
611 455266 m2 52189 0.0299999993 0.5 p1 1639 1
552 456581 m2 48335 0.0299999993 0.5 p1 1642 1
587 457330 m1 50875 0 0.5 p1 1644 1
1066 459757 m2 92433 0.0299999993 0.5 p1 1650 1
530 460497 m1 46730 0 0.5 p1 1652 1
320 463730 m2 30255 0.0299999993 0.5 p1 1660 1
467 464875 m2 41785 0.0299999993 0.5 p1 1663 1
785 467242 m2 68191 0.0299999993 0.5 p1 1669 1
528 470130 m2 46436 0.0299999993 0.5 p1 1676 1
968 471395 m2 84221 0.0299999993 0.5 p1 1679 1
43 471402 m2 3666 0.0299999993 0.5 p1 1679 1
515 472209 m2 45464 0.0299999993 0.5 p1 1681 1
738 474617 m2 64281 0.0299999993 0.5 p1 1687 1
813 475455 m2 70982 0.0299999993 0.5 p1 1689 1
905 476972 m1 79363 0 0.5 p1 1693 1
232 478339 m2 22183 0.0299999993 0.5 p1 1696 1
808 478623 m1 70645 0 0.5 p1 1697 1
240 482222 m2 23052 0.0299999993 0.5 p1 1706 1
911 482235 m2 79793 0.0299999993 0.5 p1 1706 1
545 482630 m2 47641 0.0299999993 0.5 p1 1707 1
125 483524 m2 11456 0.0299999993 0.5 p1 1709 1
1033 483927 m2 89604 0.0299999993 0.5 p1 1710 1
366 485810 m2 33795 0.0299999993 0.5 p1 1715 1
888 488603 m2 77598 0.0299999993 0.5 p1 1722 1
674 490569 m2 58950 0.0299999993 0.5 p1 1727 1
506 491040 m2 44995 0.0299999993 0.5 p1 1728 1
872 491052 m2 76294 0.0299999993 0.5 p1 1728 1
94 491409 m2 8179 0.0299999993 0.5 p1 1729 1
15 494133 m2 1492 0.0299999993 0.5 p1 1736 1
900 495037 m1 78824 0 0.5 p1 1738 1
433 495566 m2 39589 0.0299999993 0.5 p1 1739 1
878 497483 m2 76783 0.0299999993 0.5 p1 1744 1
1057 497484 m1 91821 0 0.5 p1 1744 1
67 497848 m2 5338 0.0299999993 0.5 p1 1745 1
471 497849 m2 42651 0.0299999993 0.5 p1 1745 1
82 498683 m2 6602 0.0299999993 0.5 p1 1747 1
772 503130 m2 67451 0.0299999993 0.5 p1 1758 1
582 504648 m2 50689 0.0299999993 0.5 p1 1762 1
280 505947 m2 26800 0.0299999993 0.5 p1 1765 1
297 513777 m2 28159 0.0299999993 0.5 p1 1785 1
624 514665 m1 53148 0 0.5 p1 1787 1
1078 515059 m2 93698 0.0299999993 0.5 p1 1788 1
354 515474 m2 33364 0.0299999993 0.5 p1 1789 1
112 516740 m1 10141 0 0.5 p1 1792 1
826 518270 m1 72185 0 0.5 p1 1796 1
475 519016 m2 43153 0.0299999993 0.5 p1 1798 1
951 519114 m2 83136 0.0299999993 0.5 p1 1798 1
931 519115 m2 81699 0.0299999993 0.5 p1 1798 1
469 520624 m2 42093 0.0299999993 0.5 p1 1802 1
1044 521108 m2 90473 0.0299999993 0.5 p1 1803 1
238 521485 m2 22945 0.0299999993 0.5 p1 1804 1
904 521919 m2 79105 0.0299999993 0.5 p1 1805 1
1030 525947 m1 89331 0 0.5 p1 1815 1
926 532923 m2 81030 0.0299999993 0.5 p1 1833 1
318 533388 m2 30113 0.0299999993 0.5 p1 1834 1
56 534193 m2 4650 0.0299999993 0.5 p1 1836 1
561 538187 m2 48735 0.0299999993 0.5 p1 1846 1
160 541041 m1 15601 0 0.5 p1 1853 1
827 541518 m1 72202 0 0.5 p1 1854 1
31 542174 m2 2732 0.0299999993 0.5 p1 1856 1
214 542613 m2 20613 0.0299999993 0.5 p1 1857 1
755 544321 m2 65467 0.0299999993 0.5 p1 1861 1
589 547961 m2 50952 0.0299999993 0.5 p1 1870 1
364 551241 m2 33770 0.0299999993 0.5 p1 1878 1
339 551629 m2 31829 0.0299999993 0.5 p1 1879 1
353 552398 m2 33294 0.0299999993 0.5 p1 1881 1
1085 557116 m2 94684 0.0299999993 0.5 p1 1893 1
1002 558807 m2 86877 0.0299999993 0.5 p1 1897 1
88 559617 m2 7331 0.0299999993 0.5 p1 1899 1
871 565213 m1 76278 0 0.5 p1 1913 1
1093 565526 m1 95595 0 0.5 p1 1914 1
384 565895 m2 35040 0.0299999993 0.5 p1 1915 1
679 567411 m2 59435 0.0299999993 0.5 p1 1919 1
266 567575 m2 25041 0.0299999993 0.5 p1 1919 1
937 567812 m2 82093 0.0299999993 0.5 p1 1920 1
736 570170 m2 64071 0.0299999993 0.5 p1 1926 1
841 580363 m2 73524 0.0299999993 0.5 p1 1951 1
517 583772 m2 45599 0.0299999993 0.5 p1 1960 1
75 584290 m2 6222 0.0299999993 0.5 p1 1961 1
1134 584291 m2 98684 0.0299999993 0.5 p1 1961 1
102 585058 m2 9196 0.0299999993 0.5 p1 1963 1
1083 586613 m2 94330 0.0299999993 0.5 p1 1967 1
598 586614 m2 51489 0.0299999993 0.5 p1 1967 1
196 588955 m2 19129 0.0299999993 0.5 p1 1973 1
710 590598 m2 61879 0.0299999993 0.5 p1 1977 1
217 594694 m2 20946 0.0299999993 0.5 p1 1987 1
109 596973 m2 9761 0.0299999993 0.5 p1 1993 1
1001 597846 m2 86780 0.0299999993 0.5 p1 1995 1
776 597847 m2 67551 0.0299999993 0.5 p1 1995 1
424 599485 m2 39138 0.0299999993 0.5 p1 1999 1
405 605461 m2 37472 0.0299999993 0.5 p1 2014 1
628 606268 m2 53762 0.0299999993 0.5 p1 2016 1
1064 607434 m2 92293 0.0299999993 0.5 p1 2019 1
286 608599 m2 27146 0.0299999993 0.5 p1 2022 1
1092 610884 m2 95547 0.0299999993 0.5 p1 2028 1
770 610885 m2 67143 0.0299999993 0.5 p1 2028 1
173 614474 m2 16675 0.0299999993 0.5 p1 2037 1
260 615223 m2 24649 0.0299999993 0.5 p1 2039 1
170 616081 m2 16320 0.0299999993 0.5 p1 2041 1
456 617277 m2 40925 0.0299999993 0.5 p1 2044 1
676 617735 m2 59213 0.0299999993 0.5 p1 2045 1
1011 619177 m2 87682 0.0299999993 0.5 p1 2049 1
957 620462 m2 83354 0.0299999993 0.5 p1 2052 1
222 624694 m1 21132 0 0.5 p1 2063 1
787 625230 m1 68209 0 0.5 p1 2064 1
621 625881 m2 52913 0.0299999993 0.5 p1 2066 1
500 626230 m2 44644 0.0299999993 0.5 p1 2067 1
1087 628388 m2 95029 0.0299999993 0.5 p1 2072 1
57 629932 m2 4834 0.0299999993 0.5 p1 2076 1
913 630672 m2 79855 0.0299999993 0.5 p1 2078 1
275 632798 m2 25911 0.0299999993 0.5 p1 2083 1
503 633136 m1 44947 0 0.5 p1 2084 1
751 633543 m2 65231 0.0299999993 0.5 p1 2085 1
647 637221 m2 55267 0.0299999993 0.5 p1 2094 1
80 637947 m2 6534 0.0299999993 0.5 p1 2096 1
492 638362 m2 44199 0.0299999993 0.5 p1 2097 1
191 641201 m2 18818 0.0299999993 0.5 p1 2104 1
58 643066 m1 4873 0 0.5 p1 2109 1
526 644259 m2 46373 0.0299999993 0.5 p1 2112 1
400 645611 m2 36850 0.0299999993 0.5 p1 2115 1
938 652788 m2 82153 0.0299999993 0.5 p1 2133 1
53 653976 m2 4304 0.0299999993 0.5 p1 2136 1
323 657489 m2 30576 0.0299999993 0.5 p1 2145 1
991 657556 m2 85995 0.0299999993 0.5 p1 2145 1
800 657915 m2 69639 0.0299999993 0.5 p1 2146 1
847 657916 m2 74056 0.0299999993 0.5 p1 2146 1
820 658319 m2 71414 0.0299999993 0.5 p1 2147 1
1020 662212 m2 88491 0.0299999993 0.5 p1 2157 1
200 663604 m1 19496 0 0.5 p1 2160 1
341 664231 m2 31934 0.0299999993 0.5 p1 2162 1
711 665861 m2 61950 0.0299999993 0.5 p1 2166 1
329 666712 m2 30952 0.0299999993 0.5 p1 2168 1
110 668408 m1 9986 0 0.5 p1 2172 1
1086 668695 m2 94860 0.0299999993 0.5 p1 2173 1
617 669553 m2 52716 0.0299999993 0.5 p1 2175 1
165 673215 m1 16093 0 0.5 p1 2184 1
411 673966 m1 38148 0 0.5 p1 2186 1
599 674755 m2 51528 0.0299999993 0.5 p1 2188 1
559 675053 m2 48589 0.0299999993 0.5 p1 2189 1
1126 675818 m2 98023 0.0299999993 0.5 p1 2191 1
1104 676198 m2 96256 0.0299999993 0.5 p1 2192 1
245 676753 m1 23423 0 0.5 p1 2193 1
484 678601 m2 43654 0.0299999993 0.5 p1 2198 1
335 678602 m1 31469 0 0.5 p1 2198 1
513 679069 m2 45405 0.0299999993 0.5 p1 2199 1
1036 680707 m2 89888 0.0299999993 0.5 p1 2203 1
630 681024 m1 53827 0 0.5 p1 2204 1
198 681437 m2 19175 0.0299999993 0.5 p1 2205 1
234 681900 m2 22490 0.0299999993 0.5 p1 2206 1
153 682643 m2 14743 0.0299999993 0.5 p1 2208 1
175 683038 m2 17317 0.0299999993 0.5 p1 2209 1
702 686384 m2 61467 0.0299999993 0.5 p1 2217 1
1075 687406 m2 93381 0.0299999993 0.5 p1 2220 1
920 689160 m1 80536 0 0.5 p1 2224 1
459 692342 m2 41105 0.0299999993 0.5 p1 2232 1
529 692645 m2 46619 0.0299999993 0.5 p1 2233 1
781 694244 m2 67969 0.0299999993 0.5 p1 2237 1
1099 696374 m2 95944 0.0299999993 0.5 p1 2242 1
614 698339 m1 52486 0 0.5 p1 2247 1
356 702657 m2 33473 0.0299999993 0.5 p1 2258 1
1065 707100 m2 92378 0.0299999993 0.5 p1 2269 1
952 712455 m2 83145 0.0299999993 0.5 p1 2282 1
486 712706 m1 43669 0 0.5 p1 2283 1
1050 713216 m2 91144 0.0299999993 0.5 p1 2284 1
490 714001 m2 43950 0.0299999993 0.5 p1 2286 1
211 717493 m2 20453 0.0299999993 0.5 p1 2295 1
285 717494 m1 27123 0 0.5 p1 2295 1
150 718033 m2 14493 0.0299999993 0.5 p1 2296 1
535 720333 m2 47015 0.0299999993 0.5 p1 2302 1
1140 723798 m1 99397 0 0.5 p1 2311 1
760 725676 m1 66003 0 0.5 p1 2316 1
207 725677 m1 19907 0 0.5 p1 2316 1
864 729258 m2 75566 0.0299999993 0.5 p1 2325 1
242 730067 m2 23171 0.0299999993 0.5 p1 2327 1
717 730481 m2 62303 0.0299999993 0.5 p1 2328 1
268 731179 m2 25283 0.0299999993 0.5 p1 2330 1
789 732018 m1 68632 0 0.5 p1 2332 1
1054 732372 m2 91426 0.0299999993 0.5 p1 2333 1
1120 742952 m2 97682 0.0299999993 0.5 p1 2359 1
978 742953 m2 84955 0.0299999993 0.5 p1 2359 1
950 742955 m2 83088 0.0299999993 0.5 p1 2359 1
159 743324 m2 15510 0.0299999993 0.5 p1 2360 1
176 744113 m2 17340 0.0299999993 0.5 p1 2362 1
477 745489 m1 43423 0 0.5 p1 2365 1
55 745490 m2 4506 0.0299999993 0.5 p1 2365 1
830 746240 m2 72327 0.0299999993 0.5 p1 2367 1
301 747047 m2 28677 0.0299999993 0.5 p1 2369 1
554 748039 m1 48453 0 0.5 p1 2372 1
602 748456 m2 51552 0.0299999993 0.5 p1 2373 1
322 751251 m2 30566 0.0299999993 0.5 p1 2380 1
724 754543 m1 63003 0 0.5 p1 2388 1
634 755347 m1 54000 0 0.5 p1 2390 1
846 756533 m2 74008 0.0299999993 0.5 p1 2393 1
230 758223 m2 22131 0.0299999993 0.5 p1 2397 1
3 759793 m2 468 0.0299999993 0.5 p1 2401 1
174 762591 m2 17080 0.0299999993 0.5 p1 2408 1
941 765059 m2 82360 0.0299999993 0.5 p1 2414 1
719 766670 m2 62438 0.0299999993 0.5 p1 2418 1
368 767065 m2 33853 0.0299999993 0.5 p1 2419 1
516 769496 m1 45469 0 0.5 p1 2425 1
524 769497 m2 45913 0.0299999993 0.5 p1 2425 1
899 770731 m2 78712 0.0299999993 0.5 p1 2428 1
757 771224 m2 65593 0.0299999993 0.5 p1 2429 1
444 772039 m2 40166 0.0299999993 0.5 p1 2431 1
918 772197 m1 80463 0 0.5 p1 2432 1
454 775696 m1 40776 0 0.5 p1 2440 1
690 776896 m2 60150 0.0299999993 0.5 p1 2443 1
437 778056 m2 39794 0.0299999993 0.5 p1 2446 1
34 778481 m1 3109 0 0.5 p1 2447 1
1068 781693 m2 92548 0.0299999993 0.5 p1 2455 1
892 783308 m1 78001 0 0.5 p1 2459 1
1146 783309 m2 99809 0.0299999993 0.5 p1 2459 1
290 784429 m2 27531 0.0299999993 0.5 p1 2462 1
615 784430 m2 52572 0.0299999993 0.5 p1 2462 1
215 784807 m2 20810 0.0299999993 0.5 p1 2463 1
142 787377 m2 13441 0.0299999993 0.5 p1 2469 1
1056 789279 m2 91793 0.0299999993 0.5 p1 2474 1
829 790191 m2 72253 0.0299999993 0.5 p1 2476 1
853 796934 m2 74393 0.0299999993 0.5 p1 2493 1
382 797370 m2 34841 0.0299999993 0.5 p1 2494 1
92 797856 m2 7800 0.0299999993 0.5 p1 2495 1
315 798569 m2 29823 0.0299999993 0.5 p1 2497 1
36 799713 m2 3129 0.0299999993 0.5 p1 2500 1
452 800130 m2 40690 0.0299999993 0.5 p1 2501 1
995 801753 m2 86312 0.0299999993 0.5 p1 2505 1
656 801754 m2 56276 0.0299999993 0.5 p1 2505 1
494 802394 m2 44352 0.0299999993 0.5 p1 2507 1
793 809226 m2 69106 0.0299999993 0.5 p1 2524 1
973 814408 m2 84609 0.0299999993 0.5 p1 2537 1
439 815943 m2 39857 0.0299999993 0.5 p1 2541 1
999 816654 m2 86683 0.0299999993 0.5 p1 2543 1
581 819836 m2 50549 0.0299999993 0.5 p1 2551 1
324 821024 m2 30584 0.0299999993 0.5 p1 2554 1
972 825570 m2 84523 0.0299999993 0.5 p1 2565 1
704 826754 m2 61608 0.0299999993 0.5 p1 2568 1
811 828438 m1 70845 0 0.5 p1 2572 1
685 830003 m2 59786 0.0299999993 0.5 p1 2576 1
881 830493 m2 76897 0.0299999993 0.5 p1 2577 1
910 833256 m1 79700 0 0.5 p1 2584 1
69 837566 m2 5556 0.0299999993 0.5 p1 2595 1
822 837875 m2 71720 0.0299999993 0.5 p1 2596 1
654 838292 m2 55796 0.0299999993 0.5 p1 2597 1
664 839946 m2 57320 0.0299999993 0.5 p1 2601 1
518 841489 m2 45672 0.0299999993 0.5 p1 2605 1
1028 846025 m2 89202 0.0299999993 0.5 p1 2616 1
479 847638 m2 43469 0.0299999993 0.5 p1 2620 1
976 848033 m2 84906 0.0299999993 0.5 p1 2621 1
550 848373 m2 48061 0.0299999993 0.5 p1 2622 1
696 851921 m2 60728 0.0299999993 0.5 p1 2631 1
257 857990 m2 24172 0.0299999993 0.5 p1 2646 1
334 860709 m1 31455 0 0.5 p1 2653 1
26 861219 m1 2481 0 0.5 p1 2654 1
137 861557 m2 12989 0.0299999993 0.5 p1 2655 1
336 861959 m2 31512 0.0299999993 0.5 p1 2656 1
485 862270 m2 43668 0.0299999993 0.5 p1 2657 1
76 864346 m1 6289 0 0.5 p1 2662 1
794 865053 m2 69124 0.0299999993 0.5 p1 2664 1
669 865841 m2 58435 0.0299999993 0.5 p1 2666 1
592 866759 m2 51138 0.0299999993 0.5 p1 2668 1
907 869140 m1 79593 0 0.5 p1 2674 1
686 871142 m1 60056 0 0.5 p1 2679 1
962 871487 m2 84099 0.0299999993 0.5 p1 2680 1
983 873021 m2 85263 0.0299999993 0.5 p1 2684 1
1013 875509 m2 87965 0.0299999993 0.5 p1 2690 1
661 876163 m2 56915 0.0299999993 0.5 p1 2692 1
480 879386 m2 43506 0.0299999993 0.5 p1 2700 1
381 885379 m1 34823 0 0.5 p1 2715 1
328 886371 m2 30884 0.0299999993 0.5 p1 2718 1
393 886372 m2 36021 0.0299999993 0.5 p1 2718 1
784 890796 m2 68149 0.0299999993 0.5 p1 2729 1
533 890797 m2 46849 0.0299999993 0.5 p1 2729 1
688 891950 m2 60134 0.0299999993 0.5 p1 2732 1
797 894780 m2 69318 0.0299999993 0.5 p1 2739 1
1047 895201 m2 91012 0.0299999993 0.5 p1 2740 1
665 896865 m2 57488 0.0299999993 0.5 p1 2744 1
386 899135 m2 35491 0.0299999993 0.5 p1 2750 1
374 904694 m2 34103 0.0299999993 0.5 p1 2764 1
1114 905889 m2 97386 0.0299999993 0.5 p1 2767 1
519 906806 m2 45716 0.0299999993 0.5 p1 2769 1
54 907827 m1 4382 0 0.5 p1 2772 1
188 910254 m1 18265 0 0.5 p1 2778 1
488 913155 m1 43917 0 0.5 p1 2785 1
10 914690 m2 963 0.0299999993 0.5 p1 2789 1
45 915052 m2 3827 0.0299999993 0.5 p1 2790 1
351 915621 m2 33252 0.0299999993 0.5 p1 2791 1
636 916380 m2 54245 0.0299999993 0.5 p1 2793 1
616 917994 m2 52686 0.0299999993 0.5 p1 2797 1
927 918790 m2 81076 0.0299999993 0.5 p1 2799 1
108 919926 m2 9631 0.0299999993 0.5 p1 2802 1
658 920391 m2 56441 0.0299999993 0.5 p1 2803 1
532 922777 m2 46830 0.0299999993 0.5 p1 2809 1
204 923673 m2 19763 0.0299999993 0.5 p1 2811 1
1062 926425 m2 92090 0.0299999993 0.5 p1 2818 1
192 926845 m1 18853 0 0.5 p1 2819 1
653 929262 m2 55688 0.0299999993 0.5 p1 2825 1
984 933761 m2 85309 0.0299999993 0.5 p1 2836 1
224 935278 m2 21371 0.0299999993 0.5 p1 2840 1
998 937855 m2 86671 0.0299999993 0.5 p1 2846 1
916 938495 m2 80254 0.0299999993 0.5 p1 2848 1
852 942661 m1 74293 0 0.5 p1 2858 1
879 943056 m2 76839 0.0299999993 0.5 p1 2859 1
803 943334 m2 69901 0.0299999993 0.5 p1 2860 1
917 944171 m2 80357 0.0299999993 0.5 p1 2862 1
155 944546 m2 15254 0.0299999993 0.5 p1 2863 1
544 944547 m2 47568 0.0299999993 0.5 p1 2863 1
399 946620 m2 36819 0.0299999993 0.5 p1 2868 1
511 949786 m1 45265 0 0.5 p1 2876 1
307 954229 m2 28969 0.0299999993 0.5 p1 2887 1
154 954621 m1 14910 0 0.5 p1 2888 1
250 955023 m2 23710 0.0299999993 0.5 p1 2889 1
93 955525 m2 8066 0.0299999993 0.5 p1 2890 1
965 962749 m2 84155 0.0299999993 0.5 p1 2908 1
771 967625 m2 67294 0.0299999993 0.5 p1 2920 1
378 967899 m2 34615 0.0299999993 0.5 p1 2921 1
954 968420 m2 83226 0.0299999993 0.5 p1 2922 1
677 971912 m2 59253 0.0299999993 0.5 p1 2931 1
889 973536 m2 77785 0.0299999993 0.5 p1 2935 1
151 979631 m2 14579 0.0299999993 0.5 p1 2950 1
850 980314 m2 74143 0.0299999993 0.5 p1 2952 1
1055 982354 m2 91591 0.0299999993 0.5 p1 2957 1
1032 983086 m2 89590 0.0299999993 0.5 p1 2959 1
295 985676 m2 27920 0.0299999993 0.5 p1 2965 1
948 986036 m2 83031 0.0299999993 0.5 p1 2966 1
713 987514 m1 61962 0 0.5 p1 2970 1
555 990699 m2 48461 0.0299999993 0.5 p1 2978 1
128 991885 m2 11938 0.0299999993 0.5 p1 2981 1
1026 992642 m2 89019 0.0299999993 0.5 p1 2983 1
438 993917 m2 39821 0.0299999993 0.5 p1 2986 1
985 997470 m2 85313 0.0299999993 0.5 p1 2995 1
185 1000665 m2 18083 0.0299999993 0.5 p1 3003 1
610 1001613 m2 52169 0.0299999993 0.5 p1 3005 1
182 1006267 m2 17825 0.0299999993 0.5 p1 3017 1
543 1006268 m2 47455 0.0299999993 0.5 p1 3017 1
778 1007036 m2 67821 0.0299999993 0.5 p1 3019 1
342 1012434 m1 31974 0 0.5 p1 3032 1
422 1012435 m2 39019 0.0299999993 0.5 p1 3032 1
227 1014685 m2 21738 0.0299999993 0.5 p1 3038 1
90 1015175 m2 7553 0.0299999993 0.5 p1 3039 1
0 1015597 m2 90 0.0299999993 0.5 p1 3040 1
684 1018341 m2 59709 0.0299999993 0.5 p1 3047 1
21 1018342 m2 1997 0.0299999993 0.5 p1 3047 1
819 1018343 m1 71393 0 0.5 p1 3047 1
360 1019228 m1 33588 0 0.5 p1 3049 1
157 1019717 m1 15366 0 0.5 p1 3050 1
113 1019718 m2 10162 0.0299999993 0.5 p1 3050 1
197 1023237 m2 19161 0.0299999993 0.5 p1 3059 1
858 1025268 m2 75025 0.0299999993 0.5 p1 3064 1
84 1025640 m2 6782 0.0299999993 0.5 p1 3065 1
357 1025996 m2 33515 0.0299999993 0.5 p1 3066 1
358 1026843 m2 33569 0.0299999993 0.5 p1 3068 1
416 1028005 m2 38412 0.0299999993 0.5 p1 3071 1
193 1028352 m2 18877 0.0299999993 0.5 p1 3072 1
612 1033874 m2 52237 0.0299999993 0.5 p1 3086 1
805 1035095 m2 70276 0.0299999993 0.5 p1 3089 1
670 1037092 m2 58498 0.0299999993 0.5 p1 3094 1
143 1038760 m2 13581 0.0299999993 0.5 p1 3098 1
1111 1038761 m2 97054 0.0299999993 0.5 p1 3098 1
556 1040651 m2 48468 0.0299999993 0.5 p1 3103 1
347 1041054 m2 32638 0.0299999993 0.5 p1 3104 1
660 1045034 m2 56857 0.0299999993 0.5 p1 3114 1
1019 1048055 m1 88419 0 0.5 p1 3122 1
314 1051241 m2 29797 0.0299999993 0.5 p1 3130 1
1051 1053806 m1 91145 0 0.5 p1 3136 1
60 1054164 m2 5108 0.0299999993 0.5 p1 3137 1
1018 1055665 m2 88375 0.0299999993 0.5 p1 3141 1
705 1055666 m1 61707 0 0.5 p1 3141 1
986 1058129 m2 85338 0.0299999993 0.5 p1 3147 1
626 1059951 m2 53528 0.0299999993 0.5 p1 3151 1
886 1059952 m2 77398 0.0299999993 0.5 p1 3151 1
825 1063526 m2 72122 0.0299999993 0.5 p1 3160 1
210 1066188 m1 20416 0 0.5 p1 3167 1
734 1067915 m2 63852 0.0299999993 0.5 p1 3171 1
1031 1067916 m2 89452 0.0299999993 0.5 p1 3171 1
398 1071087 m2 36614 0.0299999993 0.5 p1 3179 1
786 1071398 m2 68193 0.0299999993 0.5 p1 3180 1
78 1071898 m2 6364 0.0299999993 0.5 p1 3181 1
246 1075015 m2 23462 0.0299999993 0.5 p1 3189 1
101 1075226 m2 9069 0.0299999993 0.5 p1 3190 1
761 1077994 m1 66052 0 0.5 p1 3197 1
953 1077995 m2 83210 0.0299999993 0.5 p1 3197 1
536 1079684 m1 47095 0 0.5 p1 3201 1
1107 1082482 m2 96577 0.0299999993 0.5 p1 3208 1
546 1084169 m1 47643 0 0.5 p1 3212 1
418 1085604 m2 38684 0.0299999993 0.5 p1 3216 1
1094 1086409 m2 95627 0.0299999993 0.5 p1 3218 1
756 1089679 m2 65474 0.0299999993 0.5 p1 3226 1
807 1090134 m2 70633 0.0299999993 0.5 p1 3227 1
796 1092214 m2 69234 0.0299999993 0.5 p1 3232 1
255 1094950 m2 24095 0.0299999993 0.5 p1 3239 1
406 1095789 m1 37534 0 0.5 p1 3241 1
712 1096145 m2 61953 0.0299999993 0.5 p1 3242 1
254 1097314 m2 24063 0.0299999993 0.5 p1 3245 1
1103 1098148 m2 96210 0.0299999993 0.5 p1 3247 1
570 1100185 m2 49715 0.0299999993 0.5 p1 3252 1
894 1101004 m2 78345 0.0299999993 0.5 p1 3254 1
1043 1102151 m1 90432 0 0.5 p1 3257 1
158 1103483 m2 15376 0.0299999993 0.5 p1 3260 1
1113 1104737 m2 97353 0.0299999993 0.5 p1 3263 1
523 1105415 m2 45855 0.0299999993 0.5 p1 3265 1
281 1107432 m2 26898 0.0299999993 0.5 p1 3270 1
875 1110284 m2 76456 0.0299999993 0.5 p1 3277 1
375 1110551 m2 34417 0.0299999993 0.5 p1 3278 1
856 1113026 m2 74797 0.0299999993 0.5 p1 3284 1
1082 1115104 m2 94301 0.0299999993 0.5 p1 3289 1
333 1118523 m2 31356 0.0299999993 0.5 p1 3298 1
412 1119437 m2 38331 0.0299999993 0.5 p1 3300 1
1143 1120955 m2 99524 0.0299999993 0.5 p1 3304 1
990 1123325 m2 85835 0.0299999993 0.5 p1 3310 1
902 1124241 m2 78957 0.0299999993 0.5 p1 3312 1
733 1130611 m2 63786 0.0299999993 0.5 p1 3328 1
146 1132699 m2 14099 0.0299999993 0.5 p1 3333 1
815 1134807 m2 71161 0.0299999993 0.5 p1 3338 1
202 1135566 m2 19696 0.0299999993 0.5 p1 3340 1
883 1136651 m2 77181 0.0299999993 0.5 p1 3343 1
460 1138455 m2 41235 0.0299999993 0.5 p1 3347 1
429 1138713 m2 39399 0.0299999993 0.5 p1 3348 1
635 1141561 m2 54202 0.0299999993 0.5 p1 3355 1
1003 1141700 m2 86882 0.0299999993 0.5 p1 3355 1
681 1144783 m2 59538 0.0299999993 0.5 p1 3363 1
81 1146080 m2 6579 0.0299999993 0.5 p1 3366 1
383 1151622 m2 34980 0.0299999993 0.5 p1 3380 1
1073 1153195 m2 93104 0.0299999993 0.5 p1 3384 1
344 1155901 m2 32183 0.0299999993 0.5 p1 3391 1
66 1157567 m2 5254 0.0299999993 0.5 p1 3395 1
392 1160629 m2 35978 0.0299999993 0.5 p1 3403 1
569 1163446 m2 49649 0.0299999993 0.5 p1 3410 1
586 1165387 m2 50854 0.0299999993 0.5 p1 3415 1
68 1166899 m2 5512 0.0299999993 0.5 p1 3419 1
572 1167377 m2 50109 0.0299999993 0.5 p1 3420 1
930 1167742 m2 81467 0.0299999993 0.5 p1 3421 1
539 1168703 m2 47141 0.0299999993 0.5 p1 3423 1
817 1171458 m2 71370 0.0299999993 0.5 p1 3430 1
12 1172155 m2 1133 0.0299999993 0.5 p1 3432 1
963 1175762 m2 84124 0.0299999993 0.5 p1 3441 1
799 1178489 m2 69508 0.0299999993 0.5 p1 3448 1
1052 1180904 m2 91159 0.0299999993 0.5 p1 3454 1
708 1182018 m2 61779 0.0299999993 0.5 p1 3457 1
373 1182019 m2 34087 0.0299999993 0.5 p1 3457 1
495 1184089 m2 44474 0.0299999993 0.5 p1 3462 1
473 1184552 m2 43117 0.0299999993 0.5 p1 3463 1
914 1184850 m2 80139 0.0299999993 0.5 p1 3464 1
9 1188074 m2 947 0.0299999993 0.5 p1 3472 1
431 1189362 m2 39522 0.0299999993 0.5 p1 3475 1
291 1189603 m2 27539 0.0299999993 0.5 p1 3476 1
857 1190136 m1 74938 0 0.5 p1 3477 1
474 1190813 m2 43141 0.0299999993 0.5 p1 3479 1
446 1191280 m2 40315 0.0299999993 0.5 p1 3480 1
560 1192917 m2 48649 0.0299999993 0.5 p1 3484 1
147 1194030 m2 14148 0.0299999993 0.5 p1 3487 1
152 1194757 m2 14601 0.0299999993 0.5 p1 3489 1
1022 1195556 m2 88628 0.0299999993 0.5 p1 3491 1
754 1197979 m2 65461 0.0299999993 0.5 p1 3497 1
1100 1200053 m1 95956 0 0.5 p1 3502 1
1105 1200365 m2 96397 0.0299999993 0.5 p1 3503 1
96 1201990 m2 8444 0.0299999993 0.5 p1 3507 1
929 1202327 m2 81233 0.0299999993 0.5 p1 3508 1
6 1208628 m2 577 0.0299999993 0.5 p1 3524 1
1138 1211889 m2 99172 0.0299999993 0.5 p1 3532 1
239 1214547 m2 22975 0.0299999993 0.5 p1 3538 1
282 1220390 m2 26942 0.0299999993 0.5 p1 3553 1
476 1222467 m1 43407 0 0.5 p1 3558 1
241 1222468 m2 23087 0.0299999993 0.5 p1 3558 1
1101 1223630 m2 96010 0.0299999993 0.5 p1 3561 1
95 1224831 m2 8201 0.0299999993 0.5 p1 3564 1
1010 1230260 m2 87488 0.0299999993 0.5 p1 3578 1
183 1231906 m2 17891 0.0299999993 0.5 p1 3582 1
312 1232294 m2 29484 0.0299999993 0.5 p1 3583 1
571 1233450 m2 49754 0.0299999993 0.5 p1 3586 1
172 1234683 m2 16594 0.0299999993 0.5 p1 3589 1
663 1236653 m2 57110 0.0299999993 0.5 p1 3594 1
768 1240266 m2 66783 0.0299999993 0.5 p1 3603 1
169 1244708 m2 16288 0.0299999993 0.5 p1 3614 1
1012 1246731 m2 87890 0.0299999993 0.5 p1 3619 1
964 1252010 m2 84125 0.0299999993 0.5 p1 3632 1
180 1255648 m2 17767 0.0299999993 0.5 p1 3641 1
727 1255975 m2 63138 0.0299999993 0.5 p1 3642 1
118 1256309 m2 10285 0.0299999993 0.5 p1 3643 1
607 1256858 m2 51927 0.0299999993 0.5 p1 3644 1
1037 1257180 m2 89979 0.0299999993 0.5 p1 3645 1
442 1258870 m1 40099 0 0.5 p1 3649 1
361 1260325 m2 33619 0.0299999993 0.5 p1 3653 1
1116 1262120 m2 97419 0.0299999993 0.5 p1 3657 1
187 1262768 m1 18171 0 0.5 p1 3659 1
979 1263744 m2 84982 0.0299999993 0.5 p1 3661 1
993 1264057 m1 86144 0 0.5 p1 3662 1
52 1264979 m1 4263 0 0.5 p1 3664 1
707 1266590 m2 61751 0.0299999993 0.5 p1 3668 1
44 1267729 m1 3713 0 0.5 p1 3671 1
943 1270131 m2 82450 0.0299999993 0.5 p1 3677 1
64 1272836 m2 5197 0.0299999993 0.5 p1 3684 1
99 1276560 m2 8828 0.0299999993 0.5 p1 3693 1
1098 1276885 m2 95839 0.0299999993 0.5 p1 3694 1
955 1276910 m2 83266 0.0299999993 0.5 p1 3694 1
199 1277434 m2 19194 0.0299999993 0.5 p1 3695 1
863 1279004 m2 75342 0.0299999993 0.5 p1 3699 1
272 1285283 m2 25546 0.0299999993 0.5 p1 3715 1
430 1285284 m2 39502 0.0299999993 0.5 p1 3715 1
730 1286965 m1 63600 0 0.5 p1 3719 1
650 1289345 m2 55393 0.0299999993 0.5 p1 3725 1
237 1289802 m2 22879 0.0299999993 0.5 p1 3726 1
50 1289821 m2 4231 0.0299999993 0.5 p1 3726 1
779 1294244 m2 67870 0.0299999993 0.5 p1 3737 1
777 1295691 m2 67819 0.0299999993 0.5 p1 3741 1
136 1296519 m2 12866 0.0299999993 0.5 p1 3743 1
643 1296865 m2 54694 0.0299999993 0.5 p1 3744 1
721 1301348 m1 62592 0 0.5 p1 3755 1
1144 1302066 m2 99570 0.0299999993 0.5 p1 3757 1
662 1302167 m1 56963 0 0.5 p1 3757 1
1027 1304828 m2 89131 0.0299999993 0.5 p1 3764 1
989 1307556 m2 85757 0.0299999993 0.5 p1 3771 1
253 1307978 m2 23981 0.0299999993 0.5 p1 3772 1
330 1309279 m1 31135 0 0.5 p1 3775 1
410 1310334 m2 37877 0.0299999993 0.5 p1 3778 1
1089 1315218 m2 95292 0.0299999993 0.5 p1 3790 1
1122 1316315 m2 97822 0.0299999993 0.5 p1 3793 1
116 1316940 m2 10261 0.0299999993 0.5 p1 3794 1
906 1317659 m2 79412 0.0299999993 0.5 p1 3796 1
810 1319598 m2 70807 0.0299999993 0.5 p1 3801 1
161 1320519 m2 15618 0.0299999993 0.5 p1 3803 1
840 1322832 m2 73326 0.0299999993 0.5 p1 3809 1
85 1323135 m1 6873 0 0.5 p1 3810 1
458 1323304 m2 41074 0.0299999993 0.5 p1 3810 1
70 1325118 m2 5622 0.0299999993 0.5 p1 3815 1
862 1328426 m1 75212 0 0.5 p1 3823 1
765 1329757 m2 66553 0.0299999993 0.5 p1 3826 1
845 1333571 m2 73970 0.0299999993 0.5 p1 3836 1
47 1335954 m2 3944 0.0299999993 0.5 p1 3842 1
959 1337270 m1 83541 0 0.5 p1 3845 1
695 1337915 m2 60704 0.0299999993 0.5 p1 3847 1
933 1343481 m2 81788 0.0299999993 0.5 p1 3861 1
453 1343839 m2 40751 0.0299999993 0.5 p1 3862 1
759 1345379 m2 65853 0.0299999993 0.5 p1 3866 1
512 1346078 m1 45288 0 0.5 p1 3868 1
1106 1348609 m1 96547 0 0.5 p1 3874 1
557 1349747 m1 48478 0 0.5 p1 3877 1
17 1352131 m2 1810 0.0299999993 0.5 p1 3883 1
678 1353087 m2 59270 0.0299999993 0.5 p1 3885 1
795 1353492 m2 69232 0.0299999993 0.5 p1 3886 1
349 1355863 m2 32953 0.0299999993 0.5 p1 3892 1
1039 1356230 m2 90061 0.0299999993 0.5 p1 3893 1
534 1357365 m1 46898 0 0.5 p1 3896 1
596 1360156 m2 51287 0.0299999993 0.5 p1 3903 1
1080 1362956 m1 94085 0 0.5 p1 3910 1
579 1362957 m2 50493 0.0299999993 0.5 p1 3910 1
391 1364128 m2 35915 0.0299999993 0.5 p1 3913 1
932 1370988 m2 81748 0.0299999993 0.5 p1 3930 1
844 1372851 m2 73787 0.0299999993 0.5 p1 3935 1
824 1374137 m2 72068 0.0299999993 0.5 p1 3938 1
1096 1375054 m2 95755 0.0299999993 0.5 p1 3940 1
623 1378229 m2 52982 0.0299999993 0.5 p1 3948 1
812 1378919 m2 70866 0.0299999993 0.5 p1 3950 1
83 1378920 m2 6619 0.0299999993 0.5 p1 3950 1
666 1380187 m2 57509 0.0299999993 0.5 p1 3953 1
859 1382998 m2 75038 0.0299999993 0.5 p1 3960 1
117 1383375 m1 10269 0 0.5 p1 3961 1
138 1383684 m2 13243 0.0299999993 0.5 p1 3962 1
514 1385027 m2 45455 0.0299999993 0.5 p1 3965 1
746 1386260 m2 64951 0.0299999993 0.5 p1 3968 1
1053 1387925 m2 91312 0.0299999993 0.5 p1 3972 1
1097 1387926 m2 95772 0.0299999993 0.5 p1 3972 1
387 1388668 m2 35543 0.0299999993 0.5 p1 3974 1
866 1390603 m2 75769 0.0299999993 0.5 p1 3979 1
1035 1392317 m1 89801 0 0.5 p1 3983 1
649 1393023 m2 55286 0.0299999993 0.5 p1 3985 1
120 1393860 m2 10389 0.0299999993 0.5 p1 3987 1
119 1395855 m2 10371 0.0299999993 0.5 p1 3992 1
1091 1397711 m1 95538 0 0.5 p1 3997 1
248 1399436 m2 23635 0.0299999993 0.5 p1 4001 1
709 1399834 m2 61830 0.0299999993 0.5 p1 4002 1
566 1403364 m2 49304 0.0299999993 0.5 p1 4011 1
178 1403748 m2 17556 0.0299999993 0.5 p1 4012 1
259 1405700 m2 24631 0.0299999993 0.5 p1 4017 1
960 1407516 m2 83707 0.0299999993 0.5 p1 4021 1
451 1408945 m2 40529 0.0299999993 0.5 p1 4025 1
29 1410953 m2 2617 0.0299999993 0.5 p1 4030 1
2 1410954 m2 312 0.0299999993 0.5 p1 4030 1
625 1411758 m2 53352 0.0299999993 0.5 p1 4032 1
682 1413367 m2 59612 0.0299999993 0.5 p1 4036 1
296 1414716 m2 28005 0.0299999993 0.5 p1 4039 1
139 1416655 m2 13318 0.0299999993 0.5 p1 4044 1
73 1417826 m2 6057 0.0299999993 0.5 p1 4047 1
278 1420698 m2 26484 0.0299999993 0.5 p1 4054 1
882 1422412 m2 76924 0.0299999993 0.5 p1 4058 1
758 1422413 m2 65839 0.0299999993 0.5 p1 4058 1
934 1422683 m2 81836 0.0299999993 0.5 p1 4059 1
468 1425057 m2 42009 0.0299999993 0.5 p1 4065 1
780 1425882 m2 67920 0.0299999993 0.5 p1 4067 1
1141 1427036 m2 99436 0.0299999993 0.5 p1 4070 1
209 1442631 m2 20306 0.0299999993 0.5 p1 4108 1
167 1444733 m2 16185 0.0299999993 0.5 p1 4113 1
762 1447098 m2 66104 0.0299999993 0.5 p1 4119 1
645 1451098 m2 54859 0.0299999993 0.5 p1 4129 1
19 1452286 m2 1884 0.0299999993 0.5 p1 4132 1
457 1454035 m2 40954 0.0299999993 0.5 p1 4136 1
769 1454325 m2 67085 0.0299999993 0.5 p1 4137 1
553 1454863 m2 48393 0.0299999993 0.5 p1 4138 1
640 1455521 m2 54442 0.0299999993 0.5 p1 4140 1
97 1460238 m1 8582 0 0.5 p1 4152 1
24 1462386 m2 2220 0.0299999993 0.5 p1 4157 1
407 1471063 m2 37557 0.0299999993 0.5 p1 4179 1
1017 1473929 m2 88321 0.0299999993 0.5 p1 4186 1
395 1474538 m2 36123 0.0299999993 0.5 p1 4188 1
363 1475442 m2 33751 0.0299999993 0.5 p1 4190 1
122 1477771 m2 10661 0.0299999993 0.5 p1 4196 1
415 1477772 m2 38373 0.0299999993 0.5 p1 4196 1
162 1478962 m1 15629 0 0.5 p1 4199 1
1135 1480921 m1 98791 0 0.5 p1 4204 1
1004 1488235 m2 86899 0.0299999993 0.5 p1 4222 1
325 1489009 m2 30648 0.0299999993 0.5 p1 4224 1
828 1491133 m2 72240 0.0299999993 0.5 p1 4229 1
574 1491134 m2 50297 0.0299999993 0.5 p1 4229 1
876 1493873 m1 76526 0 0.5 p1 4236 1
428 1499871 m2 39342 0.0299999993 0.5 p1 4251 1
531 1500265 m2 46757 0.0299999993 0.5 p1 4252 1
107 1500332 m2 9499 0.0299999993 0.5 p1 4252 1
251 1503515 m2 23908 0.0299999993 0.5 p1 4260 1
956 1505205 m2 83325 0.0299999993 0.5 p1 4264 1
1109 1510730 m2 96857 0.0299999993 0.5 p1 4278 1
61 1512874 m2 5126 0.0299999993 0.5 p1 4283 1
1061 1514094 m2 92003 0.0299999993 0.5 p1 4286 1
1148 1519312 m2 99941 0.0299999993 0.5 p1 4299 1
372 1520380 m1 34049 0 0.5 p1 4302 1
41 1521257 m2 3584 0.0299999993 0.5 p1 4304 1
213 1522409 m2 20594 0.0299999993 0.5 p1 4307 1
667 1522410 m2 57917 0.0299999993 0.5 p1 4307 1
20 1527437 m2 1982 0.0299999993 0.5 p1 4319 1
267 1527438 m2 25109 0.0299999993 0.5 p1 4319 1
131 1530135 m2 12219 0.0299999993 0.5 p1 4326 1
289 1530502 m2 27440 0.0299999993 0.5 p1 4327 1
445 1530503 m2 40304 0.0299999993 0.5 p1 4327 1
585 1535303 m2 50843 0.0299999993 0.5 p1 4339 1
788 1536601 m2 68474 0.0299999993 0.5 p1 4342 1
1023 1547288 m2 88695 0.0299999993 0.5 p1 4369 1
420 1547733 m2 38967 0.0299999993 0.5 p1 4370 1
427 1549728 m2 39306 0.0299999993 0.5 p1 4375 1
935 1550925 m2 81948 0.0299999993 0.5 p1 4378 1
163 1552850 m2 15980 0.0299999993 0.5 p1 4383 1
505 1554251 m2 44972 0.0299999993 0.5 p1 4386 1
1040 1554479 m2 90089 0.0299999993 0.5 p1 4387 1
40 1555080 m2 3534 0.0299999993 0.5 p1 4388 1
310 1558298 m2 29286 0.0299999993 0.5 p1 4396 1
436 1558299 m2 39778 0.0299999993 0.5 p1 4396 1
921 1559906 m2 80748 0.0299999993 0.5 p1 4400 1
51 1560660 m2 4257 0.0299999993 0.5 p1 4402 1
870 1563097 m2 75962 0.0299999993 0.5 p1 4408 1
1076 1563098 m2 93442 0.0299999993 0.5 p1 4408 1
262 1564342 m1 24860 0 0.5 p1 4411 1
321 1570143 m2 30375 0.0299999993 0.5 p1 4425 1
345 1573426 m2 32388 0.0299999993 0.5 p1 4433 1
499 1573427 m2 44612 0.0299999993 0.5 p1 4433 1
481 1574589 m1 43527 0 0.5 p1 4436 1
939 1578789 m2 82271 0.0299999993 0.5 p1 4447 1
619 1578830 m1 52855 0 0.5 p1 4447 1
441 1580392 m2 39989 0.0299999993 0.5 p1 4451 1
317 1582174 m2 30010 0.0299999993 0.5 p1 4455 1
992 1586182 m2 86061 0.0299999993 0.5 p1 4465 1
288 1589035 m2 27292 0.0299999993 0.5 p1 4472 1
668 1589036 m2 57983 0.0299999993 0.5 p1 4472 1
971 1590248 m2 84312 0.0299999993 0.5 p1 4475 1
726 1591822 m2 63096 0.0299999993 0.5 p1 4479 1
748 1592701 m2 65075 0.0299999993 0.5 p1 4481 1
1090 1593851 m2 95326 0.0299999993 0.5 p1 4484 1
1029 1595366 m2 89319 0.0299999993 0.5 p1 4488 1
91 1595841 m2 7757 0.0299999993 0.5 p1 4489 1
32 1596182 m2 2832 0.0299999993 0.5 p1 4490 1
140 1601879 m2 13320 0.0299999993 0.5 p1 4504 1
1112 1606182 m2 97080 0.0299999993 0.5 p1 4515 1
974 1607934 m2 84661 0.0299999993 0.5 p1 4519 1
613 1607935 m2 52248 0.0299999993 0.5 p1 4519 1
737 1609486 m2 64271 0.0299999993 0.5 p1 4523 1
849 1610700 m1 74105 0 0.5 p1 4526 1
402 1611830 m2 37074 0.0299999993 0.5 p1 4529 1
497 1613475 m2 44525 0.0299999993 0.5 p1 4533 1
206 1616670 m2 19807 0.0299999993 0.5 p1 4541 1
144 1616980 m2 13646 0.0299999993 0.5 p1 4542 1
562 1618543 m1 48859 0 0.5 p1 4546 1
166 1621392 m2 16140 0.0299999993 0.5 p1 4553 1
928 1622939 m2 81194 0.0299999993 0.5 p1 4557 1
504 1623417 m2 44952 0.0299999993 0.5 p1 4558 1
558 1624940 m1 48564 0 0.5 p1 4562 1
489 1628716 m2 43943 0.0299999993 0.5 p1 4571 1
461 1630208 m2 41254 0.0299999993 0.5 p1 4575 1
455 1631824 m2 40792 0.0299999993 0.5 p1 4579 1
1102 1636218 m2 96148 0.0299999993 0.5 p1 4590 1
982 1636948 m2 85181 0.0299999993 0.5 p1 4592 1
783 1638268 m2 68061 0.0299999993 0.5 p1 4595 1
1063 1642556 m2 92247 0.0299999993 0.5 p1 4606 1
447 1643954 m2 40320 0.0299999993 0.5 p1 4609 1
194 1645545 m2 19018 0.0299999993 0.5 p1 4613 1
1127 1647431 m2 98028 0.0299999993 0.5 p1 4618 1
588 1647928 m2 50885 0.0299999993 0.5 p1 4619 1
601 1649991 m1 51541 0 0.5 p1 4624 1
893 1654864 m2 78143 0.0299999993 0.5 p1 4636 1
698 1655539 m2 60818 0.0299999993 0.5 p1 4638 1
89 1658658 m2 7415 0.0299999993 0.5 p1 4646 1
179 1660350 m2 17757 0.0299999993 0.5 p1 4650 1
706 1664079 m2 61727 0.0299999993 0.5 p1 4659 1
435 1666331 m2 39645 0.0299999993 0.5 p1 4665 1
1074 1667643 m2 93154 0.0299999993 0.5 p1 4668 1
885 1667955 m2 77375 0.0299999993 0.5 p1 4669 1
675 1668754 m2 59174 0.0299999993 0.5 p1 4671 1
575 1669166 m2 50304 0.0299999993 0.5 p1 4672 1
308 1670113 m1 29008 0 0.5 p1 4674 1
168 1672342 m2 16200 0.0299999993 0.5 p1 4680 1
401 1673210 m2 37041 0.0299999993 0.5 p1 4682 1
576 1673472 m2 50354 0.0299999993 0.5 p1 4683 1
923 1675121 m1 80802 0 0.5 p1 4687 1
1088 1676718 m2 95100 0.0299999993 0.5 p1 4691 1
316 1680414 m2 29882 0.0299999993 0.5 p1 4700 1
912 1683247 m2 79853 0.0299999993 0.5 p1 4707 1
804 1685256 m2 69999 0.0299999993 0.5 p1 4712 1
309 1685543 m2 29113 0.0299999993 0.5 p1 4713 1
848 1686675 m1 74070 0 0.5 p1 4716 1
247 1687103 m2 23542 0.0299999993 0.5 p1 4717 1
294 1687104 m1 27905 0 0.5 p1 4717 1
1119 1687660 m1 97516 0 0.5 p1 4718 1
714 1689693 m1 61978 0 0.5 p1 4723 1
720 1691350 m2 62466 0.0299999993 0.5 p1 4727 1
1014 1695216 m2 88053 0.0299999993 0.5 p1 4737 1
300 1696149 m2 28612 0.0299999993 0.5 p1 4739 1
691 1699249 m1 60369 0 0.5 p1 4747 1
925 1700779 m2 80938 0.0299999993 0.5 p1 4751 1
264 1701651 m2 24958 0.0299999993 0.5 p1 4753 1
764 1710261 m1 66498 0 0.5 p1 4775 1
792 1711500 m2 69088 0.0299999993 0.5 p1 4778 1
631 1712763 m1 53859 0 0.5 p1 4781 1
472 1713568 m2 42921 0.0299999993 0.5 p1 4783 1
867 1714510 m2 75886 0.0299999993 0.5 p1 4785 1
699 1715757 m2 60905 0.0299999993 0.5 p1 4788 1
443 1716496 m2 40145 0.0299999993 0.5 p1 4790 1
7 1717338 m2 623 0.0299999993 0.5 p1 4792 1
833 1717712 m2 72557 0.0299999993 0.5 p1 4793 1
498 1722989 m2 44594 0.0299999993 0.5 p1 4806 1
86 1723853 m2 6966 0.0299999993 0.5 p1 4808 1
924 1723854 m2 80854 0.0299999993 0.5 p1 4808 1
977 1728218 m2 84952 0.0299999993 0.5 p1 4819 1
540 1728936 m2 47258 0.0299999993 0.5 p1 4821 1
252 1729787 m2 23979 0.0299999993 0.5 p1 4823 1
887 1731844 m2 77400 0.0299999993 0.5 p1 4828 1
478 1732670 m2 43468 0.0299999993 0.5 p1 4830 1
915 1732962 m2 80140 0.0299999993 0.5 p1 4831 1
538 1737688 m2 47121 0.0299999993 0.5 p1 4843 1
1079 1740069 m2 94078 0.0299999993 0.5 p1 4849 1
337 1740489 m2 31529 0.0299999993 0.5 p1 4850 1
657 1742632 m2 56348 0.0299999993 0.5 p1 4855 1
28 1745210 m2 2603 0.0299999993 0.5 p1 4862 1
5 1745687 m2 552 0.0299999993 0.5 p1 4863 1
305 1745688 m2 28874 0.0299999993 0.5 p1 4863 1
564 1746525 m2 49109 0.0299999993 0.5 p1 4865 1
277 1748625 m2 26479 0.0299999993 0.5 p1 4870 1
673 1748915 m2 58862 0.0299999993 0.5 p1 4871 1
687 1750999 m1 60077 0 0.5 p1 4876 1
79 1753704 m2 6410 0.0299999993 0.5 p1 4883 1
942 1755684 m2 82443 0.0299999993 0.5 p1 4888 1
1133 1758537 m2 98677 0.0299999993 0.5 p1 4895 1
944 1759809 m1 82471 0 0.5 p1 4898 1
413 1763748 m2 38346 0.0299999993 0.5 p1 4908 1
890 1764954 m2 77940 0.0299999993 0.5 p1 4911 1
901 1765405 m2 78909 0.0299999993 0.5 p1 4912 1
103 1765406 m1 9204 0 0.5 p1 4912 1
821 1765407 m2 71654 0.0299999993 0.5 p1 4912 1
369 1766495 m1 33860 0 0.5 p1 4915 1
715 1768183 m1 62077 0 0.5 p1 4919 1
735 1768516 m2 63895 0.0299999993 0.5 p1 4920 1
573 1769783 m2 50295 0.0299999993 0.5 p1 4923 1
466 1772204 m2 41736 0.0299999993 0.5 p1 4929 1
722 1772205 m1 62715 0 0.5 p1 4929 1
694 1774993 m1 60585 0 0.5 p1 4936 1
493 1776534 m1 44282 0 0.5 p1 4940 1
389 1780540 m2 35707 0.0299999993 0.5 p1 4950 1
276 1781718 m1 26414 0 0.5 p1 4953 1
802 1782895 m2 69878 0.0299999993 0.5 p1 4956 1
100 1782896 m1 9064 0 0.5 p1 4956 1
897 1786543 m2 78596 0.0299999993 0.5 p1 4965 1
362 1789487 m1 33713 0 0.5 p1 4972 1
270 1793324 m2 25465 0.0299999993 0.5 p1 4982 1
201 1795889 m2 19688 0.0299999993 0.5 p1 4988 1
1077 1798295 m2 93618 0.0299999993 0.5 p1 4994 1
671 1799102 m2 58509 0.0299999993 0.5 p1 4996 1
388 1800304 m1 35591 0 0.5 p1 4999 1
1145 1800603 m2 99624 0.0299999993 0.5 p1 5000 1
Genomes:
p1:0 A 0 1 2 3 4 5 6 7 8 9 10 11 12 13 14 15 16 17 18 19 20 21 22 23 24 25 26 27 28 29 30 31 32 33 34 35 36 37 38 39 40 41 42 43 44 45 46 47 48 49 50 51 52 53 54 55 56 57 58 59 60 61 62 63 64 65 66 67 68 69 70 71 72 73 74 75 76 77 78 79 80 81 82 83 84 85 86 87 88 89 90 91 92 93 94 95 96 97 98 99 100 101 102 103 104 105 106 107 108 109 110 111 112 113 114 115 116 117 118 119 120 121 122 123 124 125 126 127 128 129 130 131 132 133 134 135 136 137 138 139 140 141 142 143 144 145 146 147 148 149 150 151 152 153 154 155 156 157 158 159 160 161 162 163 164 165 166 167 168 169 170 171 172 173 174 175 176 177 178 179 180 181 182 183 184 185 186 187 188 189 190 191 192 193 194 195 196 197 198 199 200 201 202 203 204 205 206 207 208 209 210 211 212 213 214 215 216 217 218 219 220 221 222 223 224 225 226 227 228 229 230 231 232 233 234 235 236 237 238 239 240 241 242 243 244 245 246 247 248 249 250 251 252 253 254 255 256 257 258 259 260 261 262 263 264 265 266 267 268 269 270 271 272 273 274 275 276 277 278 279 280 281 282 283 284 285 286 287 288 289 290 291 292 293 294 295 296 297 298 299 300 301 302 303 304 305 306 307 308 309 310 311 312 313 314 315 316 317 318 319 320 321 322 323 324 325 326 327 328 329 330 331 332 333 334 335 336 337 338 339 340 341 342 343 344 345 346 347 348 349 350 351 352 353 354 355 356 357 358 359 360 361 362 363 364 365 366 367 368 369 370 371 372 373 374 375 376 377 378 379 380 381 382 383 384 385 386 387 388 389 390 391 392 393 394 395 396 397 398 399 400 401 402 403 404 405 406 407 408 409 410 411 412 413 414 415 416 417 418 419 420 421 422 423 424 425 426 427 428 429 430 431 432 433 434 435 436 437 438 439 440 441 442 443 444 445 446 447 448 449 450 451 452 453 454 455 456 457 458 459 460 461 462 463 464 465 466 467 468 469 470 471 472 473 474 475 476 477 478 479 480 481 482 483 484 485 486 487 488 489 490 491 492 493 494 495 496 497 498 499 500 501 502 503 504 505 506 507 508 509 510 511 512 513 514 515 516 517 518 519 520 521 522 523 524 525 526 527 528 529 530 531 532 533 534 535 536 537 538 539 540 541 542 543 544 545 546 547 548 549 550 551 552 553 554 555 556 557 558 559 560 561 562 563 564 565 566 567 568 569 570 571 572 573 574 575 576 577 578 579 580 581 582 583 584 585 586 587 588 589 590 591 592 593 594 595 596 597 598 599 600 601 602 603 604 605 606 607 608 609 610 611 612 613 614 615 616 617 618 619 620 621 622 623 624 625 626 627 628 629 630 631 632 633 634 635 636 637 638 639 640 641 642 643 644 645 646 647 648 649 650 651 652 653 654 655 656 657 658 659 660 661 662 663 664 665 666 667 668 669 670 671 672 673 674 675 676 677 678 679 680 681 682 683 684 685 686 687 688 689 690 691 692 693 694 695 696 697 698 699 700 701 702 703 704 705 706 707 708 709 710 711 712 713 714 715 716 717 718 719 720 721 722 723 724 725 726 727 728 729 730 731 732 733 734 735 736 737 738 739 740 741 742 743 744 745 746 747 748 749 750 751 752 753 754 755 756 757 758 759 760 761 762 763 764 765 766 767 768 769 770 771 772 773 774 775 776 777 778 779 780 781 782 783 784 785 786 787 788 789 790 791 792 793 794 795 796 797 798 799 800 801 802 803 804 805 806 807 808 809 810 811 812 813 814 815 816 817 818 819 820 821 822 823 824 825 826 827 828 829 830 831 832 833 834 835 836 837 838 839 840 841 842 843 844 845 846 847 848 849 850 851 852 853 854 855 856 857 858 859 860 861 862 863 864 865 866 867 868 869 870 871 872 873 874 875 876 877 878 879 880 881 882 883 884 885 886 887 888 889 890 891 892 893 894 895 896 897 898 899 900 901 902 903 904 905 906 907 908 909 910 911 912 913 914 915 916 917 918 919 920 921 922 923 924 925 926 927 928 929 930 931 932 933 934 935 936 937 938 939 940 941 942 943 944 945 946 947 948 949 950 951 952 953 954 955 956 957 958 959 960 961 962 963 964 965 966 967 968 969 970 971 972 973 974 975 976 977 978 979 980 981 982 983 984 985 986 987 988 989 990 991 992 993 994 995 996 997 998 999 1000 1001 1002 1003 1004 1005 1006 1007 1008 1009 1010 1011 1012 1013 1014 1015 1016 1017 1018 1019 1020 1021 1022 1023 1024 1025 1026 1027 1028 1029 1030 1031 1032 1033 1034 1035 1036 1037 1038 1039 1040 1041 1042 1043 1044 1045 1046 1047 1048 1049 1050 1051 1052 1053 1054 1055 1056 1057 1058 1059 1060 1061 1062 1063 1064 1065 1066 1067 1068 1069 1070 1071 1072 1073 1074 1075 1076 1077 1078 1079 1080 1081 1082 1083 1084 1085 1086 1087 1088 1089 1090 1091 1092 1093 1094 1095 1096 1097 1098 1099 1100 1101 1102 1103 1104 1105 1106 1107 1108 1109 1110 1111 1112 1113 1114 1115 1116 1117 1118 1119 1120 1121 1122 1123 1124 1125 1126 1127 1128 1129 1130 1131 1132 1133 1134 1135 1136 1137 1138 1139 1140 1141 1142 1143 1144 1145 1146 1147 1148
