#OUT: 1500 SS p67 20 ./Data/brutesSample.txt
Mutations:
81 62144 m80 650942 0.0320407599 0.5 p65 714 20
48 63091 m1 352592 0 0.5 p67 718 20
139 63092 m81 256523 -0.0221232492 0.5 p67 718 7
138 63886 m80 251454 0.00413898798 0.5 p67 722 7
27 65530 m80 197381 0.014304921 0.5 p67 730 13
140 65733 m2 261509 0 0.5 p67 731 7
176 65734 m1 550084 0 0.5 p67 731 7
157 65934 m80 405180 0.00284052733 0.5 p67 732 7
1 66766 m1 25176 0 0.5 p67 736 20
57 66995 m1 439478 0 0.5 p67 737 13
99 67841 m2 785178 0 0.5 p67 741 20
79 68477 m80 648296 0.00464337599 0.5 p67 744 20
125 70000 m80 187290 0.00734538864 0.5 p67 751 7
165 71432 m2 464442 0 0.5 p67 758 7
78 72243 m80 602072 0.0105098691 0.5 p67 762 13
67 73522 m80 516916 0.00456613628 0.5 p67 768 13
4 75256 m1 47422 0 0.5 p67 775 20
181 75960 m80 584489 0.00850492157 0.5 p67 778 7
20 75966 m1 163559 0 0.5 p67 778 20
80 76208 m2 649621 0 0.5 p67 779 13
43 76941 m80 339537 0.0141834682 0.5 p67 782 13
21 78456 m1 179152 0 0.5 p67 788 13
25 79422 m80 193548 0.00684219645 0.5 p67 792 13
75 79691 m80 593486 0.00549023645 0.5 p67 793 13
122 79706 m80 182038 0.0390049592 0.5 p67 793 7
188 80201 m81 656098 -0.0103150671 0.5 p67 795 7
149 80730 m81 391834 -0.0079951128 0.5 p67 797 7
60 82256 m81 457831 -0.0164858494 0.5 p67 803 13
74 82507 m80 593198 0.00682779169 0.5 p67 804 13
55 83295 m1 433065 0 0.5 p67 807 13
45 85880 m2 342643 0 0.5 p67 817 13
61 86143 m2 462544 0 0.5 p67 818 13
49 87167 m1 372038 0 0.5 p67 822 13
77 88482 m81 598984 -0.00372509682 0.5 p67 827 13
167 89021 m80 471059 0.00647291681 0.5 p67 829 7
46 89243 m81 344434 -0.0127378227 0.5 p67 830 13
150 90293 m81 392922 -0.00559816975 0.5 p67 834 7
141 90564 m2 267578 0 0.5 p67 835 7
186 91024 m1 633776 0 0.5 p67 837 7
28 94501 m80 199642 0.000741286087 0.5 p67 850 13
52 96021 m80 401619 0.00321542239 0.5 p67 856 13
6 96787 m1 61469 0 0.5 p67 859 20
2 99050 m1 39616 0 0.5 p67 868 20
5 100117 m60 57440 0.00132119691 0.5 p67 872 20
190 101158 m80 667748 0.00189572771 0.5 p67 876 7
90 101175 m80 720920 0.033209376 0.5 p67 876 13
199 108893 m3 794887 -6.50443144e-06 0.100000001 p67 906 7
23 110202 m80 188014 0.00391286518 0.5 p67 911 13
89 113000 m1 704513 0 0.5 p67 922 13
30 113501 m81 201653 -0.00490005547 0.5 p67 924 13
82 114002 m81 652848 -0.00724039366 0.5 p67 926 13
98 114226 m1 783756 0 0.5 p67 927 13
146 115001 m1 366271 0 0.5 p67 930 7
128 115248 m80 196211 5.72424724e-05 0.5 p67 931 7
63 115496 m1 485072 0 0.5 p67 932 13
137 116239 m80 246277 0.0136001362 0.5 p67 935 7
39 116736 m80 270099 0.0191689581 0.5 p67 937 13
94 118276 m1 749374 0 0.5 p67 943 13
58 118277 m2 448073 0 0.5 p67 943 13
133 118774 m1 225180 0 0.5 p67 945 7
172 118775 m2 527163 0 0.5 p67 945 7
93 119845 m2 738694 0 0.5 p67 949 13
91 121387 m80 728661 0.00204390474 0.5 p67 955 13
187 122448 m80 648326 0.0033483333 0.5 p67 959 7
159 124494 m1 439409 0 0.5 p67 967 7
42 125013 m2 329134 0 0.5 p67 969 13
95 125271 m1 752412 0 0.5 p67 970 13
174 125277 m80 535403 0.0144423796 0.5 p67 970 7
38 125545 m80 263039 0.00828140229 0.5 p67 971 13
154 126065 m2 399823 0 0.5 p67 973 7
84 127355 m2 665246 0 0.5 p67 978 13
33 128108 m80 210599 0.015155674 0.5 p67 981 13
192 129562 m1 687786 0 0.5 p67 987 7
86 129568 m80 673382 0.00782503933 0.5 p67 987 13
196 131120 m80 709964 0.00525005022 0.5 p67 993 7
50 133702 m81 391168 -0.000403370854 0.5 p67 1003 13
31 133703 m80 204809 0.000418219046 0.5 p67 1003 13
180 133953 m80 583200 0.00467443746 0.5 p67 1004 7
126 134723 m2 193494 0 0.5 p67 1007 7
173 135227 m2 528799 0 0.5 p67 1009 7
22 136789 m80 185140 0.00568745285 0.5 p67 1015 13
166 139361 m80 469317 0.0225600302 0.5 p67 1025 7
152 139606 m81 396869 -0.0104241259 0.5 p67 1026 7
198 140630 m1 753439 0 0.5 p67 1030 7
153 141679 m80 397843 0.0178678576 0.5 p67 1034 7
12 143483 m1 124952 0 0.5 p67 1041 20
131 144778 m80 207161 0.0097664427 0.5 p67 1046 7
83 146313 m80 661159 0.0381480604 0.5 p67 1052 13
8 146582 m1 66499 0 0.5 p67 1053 20
26 148908 m80 193716 0.00802988373 0.5 p67 1062 13
96 148909 m1 752522 0 0.5 p67 1062 13
41 149417 m81 321805 -0.0264518205 0.5 p67 1064 13
200 149692 m1 795212 0 0.5 p67 1065 7
155 153183 m80 401702 0.00190712733 0.5 p67 1078 7
147 153666 m2 380650 0 0.5 p67 1080 7
73 154987 m2 578024 0 0.5 p67 1085 13
37 154988 m80 254456 0.00128006458 0.5 p67 1085 13
69 155494 m80 528875 0.0155939972 0.5 p67 1087 13
194 156010 m3 701967 -0.0548097268 0.100000001 p67 1089 7
191 158875 m80 670553 0.00767897628 0.5 p67 1100 7
44 159609 m80 339951 0.00201412081 0.5 p67 1103 13
145 160441 m1 361438 0 0.5 p67 1106 7
184 160956 m81 600807 -0.0243955348 0.5 p67 1108 7
106 162504 m1 91884 0 0.5 p67 1114 11
16 164429 m71 137181 -0.0202556048 0.5 p67 1121 13
148 165230 m81 389986 -0.0148853855 0.5 p67 1124 7
185 165509 m80 606291 0.00859818887 0.5 p67 1125 7
87 166506 m1 690456 0 0.5 p67 1129 13
143 167010 m80 276031 0.00532528386 0.5 p67 1131 7
193 167275 m3 691425 -0.000551339181 0.100000001 p67 1132 7
119 168023 m1 106141 0 0.5 p67 1135 7
72 168278 m81 576945 -0.00588309206 0.5 p67 1136 13
102 169297 m2 42926 0 0.5 p67 1140 11
189 169572 m81 657063 -0.0226956811 0.5 p67 1141 7
40 173879 m1 282738 0 0.5 p67 1158 13
17 174148 m1 146999 0 0.5 p67 1159 13
14 174149 m70 125901 0.0296097938 0.5 p67 1159 13
7 174425 m1 63073 0 0.5 p67 1160 9
121 175934 m70 125324 0.0163882524 0.5 p67 1166 7
101 176167 m1 838794 0 0.5 p67 1167 20
105 176183 m1 87713 0 0.5 p67 1167 11
56 176684 m1 433287 0 0.5 p67 1169 13
127 176968 m2 193578 0 0.5 p67 1170 7
15 178234 m2 127895 0 0.5 p67 1175 13
197 179538 m1 741329 0 0.5 p67 1180 7
3 179805 m60 42779 0.00410868041 0.5 p67 1181 9
10 179806 m2 98657 0 0.5 p67 1181 9
85 179809 m2 670557 0 0.5 p67 1181 13
34 180364 m80 210641 0.017177863 0.5 p67 1183 13
156 180896 m81 403306 -0.0122918682 0.5 p67 1185 7
103 182383 m3 85025 -5.3796283e-09 0.100000001 p67 1191 11
104 184230 m60 86021 0.048649475 0.5 p67 1198 11
129 185865 m80 198942 0.00323951035 0.5 p67 1204 7
68 187663 m80 517640 0.00192969339 0.5 p67 1211 13
183 189749 m80 594538 0.000247259042 0.5 p67 1219 7
70 189981 m3 569864 -0.0429814607 0.100000001 p67 1220 13
76 190989 m2 594641 0 0.5 p67 1224 13
62 192005 m80 464460 0.000126483123 0.5 p67 1228 13
170 194308 m80 522226 0.00830455031 0.5 p67 1237 7
169 195335 m1 491634 0 0.5 p67 1241 7
47 195597 m1 350102 0 0.5 p67 1242 13
9 195599 m1 73293 0 0.5 p67 1242 9
151 198397 m80 394236 0.00644996017 0.5 p67 1253 7
0 201243 m51 16863 -0.0242828503 0.5 p67 1264 9
18 201497 m1 153884 0 0.5 p67 1265 13
53 201512 m2 401825 0 0.5 p67 1265 13
120 201758 m1 106979 0 0.5 p67 1266 7
144 202014 m1 356067 0 0.5 p67 1267 7
29 202748 m2 201561 0 0.5 p67 1270 13
178 202749 m1 572769 0 0.5 p67 1270 7
36 203543 m1 239726 0 0.5 p67 1273 13
182 205115 m80 592292 0.00692666974 0.5 p67 1279 7
92 208226 m80 737694 0.0101640122 0.5 p67 1291 13
64 209254 m1 500948 0 0.5 p67 1295 13
164 210522 m80 462872 0.00556336623 0.5 p67 1300 7
100 211786 m1 800887 0 0.5 p67 1305 13
162 212289 m80 451188 0.00799418334 0.5 p67 1307 7
59 212540 m80 452619 0.0032154955 0.5 p67 1308 13
19 213085 m1 162239 0 0.5 p67 1310 13
65 215098 m80 511635 0.00371115562 0.5 p67 1318 13
179 215625 m80 579701 0.00105255703 0.5 p67 1320 7
158 215873 m1 420956 0 0.5 p67 1321 7
54 216414 m1 417833 0 0.5 p67 1323 13
195 218474 m1 705508 0 0.5 p67 1331 7
168 218475 m1 477490 0 0.5 p67 1331 7
71 219766 m80 576801 0.00425399886 0.5 p67 1336 13
163 221057 m80 452280 0.0162892211 0.5 p67 1341 7
32 221824 m80 208093 0.00148484437 0.5 p67 1344 13
11 222097 m1 122750 0 0.5 p67 1345 13
134 225929 m1 237123 0 0.5 p67 1360 7
88 227704 m1 696121 0 0.5 p67 1367 13
175 228234 m80 536639 0.0419449434 0.5 p67 1369 7
132 229752 m1 223856 0 0.5 p67 1375 7
35 234589 m1 224696 0 0.5 p67 1394 13
24 236479 m81 191275 -0.00344656152 0.5 p67 1401 13
97 237007 m1 765657 0 0.5 p67 1403 13
123 243066 m2 186248 0 0.5 p67 1427 7
136 243342 m1 245169 0 0.5 p67 1428 7
160 244339 m2 445233 0 0.5 p67 1432 7
51 244604 m80 395429 0.0162712391 0.5 p67 1433 12
124 244872 m80 187160 0.000310057163 0.5 p67 1434 7
211 245869 m1 25549 0 0.5 p67 1438 1
217 246618 m80 444930 0.0132741807 0.5 p67 1441 1
213 246900 m1 345944 0 0.5 p67 1442 1
135 247138 m1 239581 0 0.5 p67 1443 7
111 248758 m3 679174 -0.00267108809 0.100000001 p67 1449 9
107 249737 m2 96112 0 0.5 p67 1453 6
161 249970 m80 447060 0.0104270186 0.5 p67 1454 7
214 250530 m2 379154 0 0.5 p67 1456 1
216 251047 m1 434384 0 0.5 p67 1458 1
171 252369 m80 524842 0.0252267011 0.5 p67 1463 6
215 252632 m2 403436 0 0.5 p67 1464 1
66 253449 m2 513935 0 0.5 p67 1467 3
118 253454 m1 13229 0 0.5 p67 1467 6
205 253998 m2 43348 0 0.5 p67 1469 1
109 254252 m80 410168 0.00138512894 0.5 p67 1470 9
142 254509 m2 270633 0 0.5 p67 1471 6
212 255302 m1 26204 0 0.5 p67 1474 1
108 255825 m1 231582 0 0.5 p67 1476 9
112 256049 m1 753859 0 0.5 p67 1477 9
115 256583 m1 303116 0 0.5 p67 1479 4
117 257098 m1 840583 0 0.5 p67 1481 4
114 258397 m1 139407 0 0.5 p67 1486 4
202 258422 m80 579630 0.0182964988 0.5 p67 1486 1
209 258684 m3 416894 -0.176837668 0.100000001 p67 1487 1
130 258986 m80 206215 0.00687488541 0.5 p67 1488 6
177 258987 m1 561538 0 0.5 p67 1488 6
218 260259 m1 615362 0 0.5 p67 1493 1
110 260266 m1 629860 0 0.5 p67 1493 2
116 260515 m80 719206 0.0109032812 0.5 p67 1494 3
204 260516 m1 284091 0 0.5 p67 1494 1
201 260526 m1 118534 0 0.5 p67 1494 1
13 260529 m71 125195 -0.0123723466 0.5 p67 1494 2
208 260544 m1 152800 0 0.5 p67 1494 1
210 261090 m80 659409 0.0157501586 0.5 p67 1496 1
206 261356 m81 650297 -0.00807573739 0.5 p67 1497 1
203 261580 m1 551182 0 0.5 p67 1498 1
207 261582 m1 360922 0 0.5 p67 1498 1
113 261586 m3 94301 -0.000679443241 0.100000001 p67 1498 1
Genomes:
p67:0 A 0 1 2 3 4 5 6 7 8 9 10 11 12 13 14 15 16 17 18 19 20 21 22 23 24 25 26 27 28 29 30 31 32 33 34 35 36 37 38 39 40 41 42 43 44 45 46 47 48 49 50 51 52 53 54 55 56 57 58 59 60 61 62 63 64 65 66 67 68 69 70 71 72 73 74 75 76 77 78 79 80 81 82 83 84 85 86 87 88 89 90 91 92 93 94 95 96 97 98 99 100 101
p67:1 A 1 2 102 4 5 6 8 103 104 105 106 107 11 12 14 15 16 17 18 19 20 21 22 23 24 25 26 27 28 29 30 31 32 33 34 35 108 36 37 38 39 40 41 42 43 44 45 46 47 48 49 50 51 52 53 109 54 55 56 57 58 59 60 61 62 63 64 65 67 68 69 70 71 72 73 74 75 76 77 78 110 79 80 81 82 83 84 85 86 111 87 88 89 90 91 92 93 94 95 96 112 97 98 99 100 101
p67:2 A 1 2 102 4 5 6 8 103 104 105 106 107 11 12 14 15 16 17 18 19 20 21 22 23 24 25 26 27 28 29 30 31 32 33 34 35 108 36 37 38 39 40 41 42 43 44 45 46 47 48 49 50 51 52 53 109 54 55 56 57 58 59 60 61 62 63 64 65 67 68 69 70 71 72 73 74 75 76 77 78 110 79 80 81 82 83 84 85 86 111 87 88 89 90 91 92 93 94 95 96 112 97 98 99 100 101
p67:3 A 1 2 102 4 5 6 8 103 104 105 106 113 11 12 14 15 16 114 17 18 19 20 21 22 23 24 25 26 27 28 29 30 31 32 33 34 35 108 36 37 38 39 40 115 41 42 43 44 45 46 47 48 49 50 51 52 53 109 54 55 56 57 58 59 60 61 62 63 64 65 67 68 69 70 71 72 73 74 75 76 77 78 79 80 81 82 83 84 85 86 111 87 88 89 116 90 91 92 93 94 95 96 112 97 98 99 100 101 117
p67:4 A 118 0 1 2 3 4 5 6 7 8 9 10 119 120 12 121 20 122 123 124 125 126 127 128 129 130 131 132 133 134 135 136 137 138 139 140 141 142 143 48 144 145 146 147 148 149 150 151 152 153 154 155 156 157 158 159 160 161 162 163 164 165 166 167 168 169 170 171 172 173 174 175 176 177 178 179 180 181 182 183 184 185 186 79 187 81 188 189 190 191 192 193 194 195 196 197 198 99 199 200 101
p67:5 A 1 2 102 4 5 6 8 103 104 105 106 11 12 14 15 16 114 17 18 19 20 21 22 23 24 25 26 27 28 29 30 31 32 33 34 35 108 36 37 38 39 40 115 41 42 43 44 45 46 47 48 49 50 51 52 53 109 54 55 56 57 58 59 60 61 62 63 64 65 67 68 69 70 71 72 73 74 75 76 77 78 79 80 81 82 83 84 85 86 111 87 88 89 116 90 91 92 93 94 95 96 112 97 98 99 100 101 117
p67:6 A 118 0 1 2 3 4 5 6 7 8 9 10 119 120 12 121 20 122 123 124 125 126 127 128 129 130 131 132 133 134 135 136 137 138 139 140 141 142 143 48 144 145 146 147 148 149 150 151 152 153 154 155 156 157 158 159 160 161 162 163 164 165 166 167 168 169 170 171 172 173 174 175 176 177 178 179 180 181 182 183 184 185 186 79 187 81 188 189 190 191 192 193 194 195 196 197 198 99 199 200 101
p67:7 A 118 0 1 2 3 4 5 6 7 8 9 10 119 120 12 121 20 122 123 124 125 126 127 128 129 130 131 132 133 134 135 136 137 138 139 140 141 142 143 48 144 145 146 147 148 149 150 151 152 153 154 155 156 157 158 159 160 161 162 163 164 165 166 167 168 169 170 171 172 173 174 175 176 177 178 179 180 181 182 183 184 185 186 79 187 81 188 189 190 191 192 193 194 195 196 197 198 99 199 200 101
p67:8 A 0 1 2 3 4 5 6 7 8 9 10 11 12 13 14 15 16 17 18 19 20 21 22 23 24 25 26 27 28 29 30 31 32 33 34 35 36 37 38 39 40 41 42 43 44 45 46 47 48 49 50 51 52 53 54 55 56 57 58 59 60 61 62 63 64 65 66 67 68 69 70 71 72 73 74 75 76 77 78 79 80 81 82 83 84 85 86 87 88 89 90 91 92 93 94 95 96 97 98 99 100 101
p67:9 A 1 2 102 4 5 6 8 103 104 105 106 107 201 11 12 14 15 16 17 18 19 20 21 22 23 24 25 26 27 28 29 30 31 32 33 34 35 36 37 38 39 40 41 42 43 44 45 46 47 48 49 50 51 52 53 54 55 56 57 58 59 60 61 62 63 64 65 66 67 68 69 70 71 72 73 202 74 75 76 77 78 79 80 81 82 83 84 85 86 87 88 89 90 91 92 93 94 95 96 97 98 99 100 101
p67:10 A 1 2 102 4 5 6 8 103 104 105 106 107 11 12 14 15 16 17 18 19 20 21 22 23 24 25 26 27 28 29 30 31 32 33 34 35 108 36 37 38 39 40 41 42 43 44 45 46 47 48 49 50 51 52 53 109 54 55 56 57 58 59 60 61 62 63 64 65 67 68 69 203 70 71 72 73 74 75 76 77 78 79 80 81 82 83 84 85 86 111 87 88 89 90 91 92 93 94 95 96 112 97 98 99 100 101
p67:11 A 118 0 1 2 3 4 5 6 7 8 9 10 119 120 12 121 20 122 123 124 125 126 127 128 129 130 131 132 133 134 135 136 137 138 139 140 141 142 143 48 144 145 146 147 148 149 150 151 152 153 154 155 156 157 158 159 160 161 162 163 164 165 166 167 168 169 170 171 172 173 174 175 176 177 178 179 180 181 182 183 184 185 186 79 187 81 188 189 190 191 192 193 194 195 196 197 198 99 199 200 101
p67:12 A 1 2 102 4 5 6 8 103 104 105 106 107 11 12 14 15 16 17 18 19 20 21 22 23 24 25 26 27 28 29 30 31 32 33 34 35 108 36 37 38 39 40 41 42 43 44 45 46 47 48 49 50 51 52 53 109 54 55 56 57 58 59 60 61 62 63 64 65 67 68 69 70 71 72 73 74 75 76 77 78 79 80 81 82 83 84 85 86 111 87 88 89 90 91 92 93 94 95 96 112 97 98 99 100 101
p67:13 A 118 0 1 2 3 4 5 6 7 8 9 10 119 120 12 121 20 122 123 124 125 126 127 128 129 130 131 132 133 134 135 136 137 138 139 140 141 142 143 204 48 144 145 146 147 148 149 150 151 152 153 154 155 156 157 158 159 160 161 162 163 164 165 166 167 168 169 170 171 172 173 174 175 176 177 178 179 180 181 182 183 184 185 186 79 187 81 188 189 190 191 192 193 194 195 196 197 198 99 199 200 101
p67:14 A 0 1 2 3 205 4 5 6 7 8 9 10 119 120 12 121 20 122 123 124 125 126 127 128 129 131 132 133 134 135 136 137 138 139 140 141 143 48 144 145 146 147 148 149 150 151 152 153 154 155 156 157 158 159 160 161 162 163 164 165 166 167 168 169 170 172 173 174 175 176 178 179 180 181 182 183 184 185 186 79 187 206 81 188 189 190 191 192 193 194 195 196 197 198 99 199 200 101
p67:15 A 1 2 102 4 5 6 8 103 104 105 106 11 12 14 15 16 114 17 18 19 20 21 22 23 24 25 26 27 28 29 30 31 32 33 34 35 108 36 37 38 39 40 115 41 42 43 44 45 46 47 48 49 50 51 52 53 109 54 55 56 57 58 59 60 61 62 63 64 65 67 68 69 70 71 72 73 74 75 76 77 78 79 80 81 82 83 84 85 86 111 87 88 89 116 90 91 92 93 94 95 96 112 97 98 99 100 101 117
p67:16 A 1 2 102 4 5 6 8 103 104 105 106 11 12 14 15 16 114 17 18 19 20 21 22 23 24 25 26 27 28 29 30 31 32 33 34 35 108 36 37 38 39 40 115 41 42 43 44 45 46 47 48 207 49 50 51 52 53 109 54 55 56 57 58 59 60 61 62 63 64 65 67 68 69 70 71 72 73 74 75 76 77 78 79 80 81 82 83 84 85 86 111 87 88 89 90 91 92 93 94 95 96 112 97 98 99 100 101 117
p67:17 A 1 2 102 4 5 6 8 103 104 105 106 107 11 12 14 15 16 17 208 18 19 20 21 22 23 24 25 26 27 28 29 30 31 32 33 34 35 108 36 37 38 39 40 41 42 43 44 45 46 47 48 49 50 51 52 53 109 209 54 55 56 57 58 59 60 61 62 63 64 65 67 68 69 70 71 72 73 74 75 76 77 78 79 80 81 82 210 83 84 85 86 111 87 88 89 90 91 92 93 94 95 96 112 97 98 99 100 101
p67:18 A 118 0 1 2 3 4 5 6 7 8 9 10 119 120 12 121 20 122 123 124 125 126 127 128 129 130 131 132 133 134 135 136 137 138 139 140 141 142 143 48 144 145 146 147 148 149 150 151 152 153 154 155 156 157 158 159 160 161 162 163 164 165 166 167 168 169 170 171 172 173 174 175 176 177 178 179 180 181 182 183 184 185 186 79 187 81 188 189 190 191 192 193 194 195 196 197 198 99 199 200 101
p67:19 A 1 211 212 2 102 4 5 6 8 103 104 105 106 11 12 14 15 16 17 18 19 20 21 22 23 24 25 26 27 28 29 30 31 32 33 34 35 36 37 38 39 40 41 42 43 44 45 46 213 47 48 49 214 50 52 53 215 54 55 56 216 57 217 58 59 60 61 62 63 64 65 67 68 69 70 71 72 73 74 75 76 77 78 218 79 80 81 82 83 84 85 86 87 88 89 90 91 92 93 94 95 96 97 98 99 100 101
