//
segsites: 229
positions: 0.0155635294 0.0198388235 0.0296188235 0.0369000000 0.0379247059 0.0466070588 0.0503282353 0.0505011765 0.0509976471 0.0518600000 0.0557905882 0.0675764706 0.0723164706 0.0742035294 0.0782341176 0.0862270588 0.1000294118 0.1012011765 0.1031917647 0.1080988235 0.1130729412 0.1160670588 0.1248717647 0.1258576471 0.1444117647 0.1470023529 0.1474400000 0.1481188235 0.1504647059 0.1613894118 0.1640082353 0.1729400000 0.1810400000 0.1908694118 0.1924223529 0.2107670588 0.2141623529 0.2174388235 0.2178117647 0.2191152941 0.2201882353 0.2203411765 0.2211929412 0.2250294118 0.2276400000 0.2277035294 0.2277388235 0.2279011765 0.2308364706 0.2322129412 0.2340494118 0.2348729412 0.2368976471 0.2371305882 0.2372388235 0.2404129412 0.2409517647 0.2414847059 0.2426058824 0.2437188235 0.2448152941 0.2477635294 0.2478129412 0.2533270588 0.2633600000 0.2643482353 0.2649176471 0.2724494118 0.2789682353 0.2818600000 0.2820305882 0.2884341176 0.2897376471 0.2958282353 0.2980576471 0.2993600000 0.3017917647 0.3076576471 0.3094576471 0.3147976471 0.3177635294 0.3183917647 0.3247423529 0.3326329412 0.3342247059 0.3566070588 0.3588705882 0.3785941176 0.3872164706 0.3966682353 0.3994552941 0.3999423529 0.4031094118 0.4052164706 0.4069929412 0.4118847059 0.4148141176 0.4189023529 0.4252211765 0.4309070588 0.4358258824 0.4376917647 0.4460635294 0.4478235294 0.4588070588 0.4601976471 0.4609811765 0.4622611765 0.4638070588 0.4652105882 0.4669047059 0.4680505882 0.4703800000 0.4724929412 0.4725905882 0.4727352941 0.4744776471 0.4746305882 0.4766823529 0.4825505882 0.4840141176 0.4915682353 0.4952423529 0.5023400000 0.5094882353 0.5097494118 0.5110400000 0.5169517647 0.5170329412 0.5182894118 0.5234470588 0.5238035294 0.5259529412 0.5271447059 0.5308094118 0.5320941176 0.5324929412 0.5386247059 0.5441694118 0.5445552941 0.5464023529 0.5464235294 0.5521376471 0.5541870588 0.5617529412 0.5706729412 0.5735647059 0.5783929412 0.5798811765 0.5893505882 0.5939082353 0.6019235294 0.6081364706 0.6089882353 0.6143835294 0.6174611765 0.6201917647 0.6221164706 0.6222058824 0.6298858824 0.6313400000 0.6471576471 0.6606329412 0.6704282353 0.6738458824 0.6785894118 0.6787588235 0.6797670588 0.6800282353 0.6820011765 0.6861176471 0.6876341176 0.6968141176 0.6978800000 0.6982188235 0.6994564706 0.6995776471 0.7046870588 0.7068317647 0.7083200000 0.7132835294 0.7238188235 0.7410117647 0.7425552941 0.7456188235 0.7627011765 0.7627364706 0.7642600000 0.7650552941 0.7658141176 0.7680564706 0.7718800000 0.7730152941 0.7778341176 0.7826423529 0.7855858824 0.7888858824 0.7888905882 0.7922141176 0.7990282353 0.8091600000 0.8123011765 0.8134411765 0.8189658824 0.8258435294 0.8288388235 0.8300094118 0.8352517647 0.8461247059 0.8481411765 0.8572482353 0.8678752941 0.8690517647 0.8721517647 0.8816164706 0.8851905882 0.8853200000 0.8863988235 0.8868929412 0.9007729412 0.9166317647 0.9220658824 0.9237388235 0.9351611765 0.9355435294 0.9422200000 0.9531458824 0.9868164706 0.9889211765
0010010100111010111110001101110111110010001101010101011010001110010100100001001010010001101111011000010001000100010100010100110010000100111001000100010111000010000101101000011011010010010101100110011101010100011110111011011001010
0110011010111111000001110110000000101001110010101010000000010000101011011100110100100000000000001111000110111011101010100010000100011011000110111001000000101101110010000111100100101000111011011001100010101011000001000100001110010
1110011000111111000001110110000000101001110010101010000000010000101011011110110101100000000000001111000110111011101010100010000100011011000110111001001000111101110010000111100100101100111001011001100010101011000001000100001110010
0010010100111010111100001101111111110010001101010101011010001110010100100001001010010101111111011000010001000100010100010100110010000100111001000100010111000010000101101000011011010000010101100110011101010100111110111011011001011
0110011000111111000001110110000000101001110010101010000000010000101011011100110100100000000000001111000110111011101010100010000100011011000110111011100000111101110010010111100100101000111001011001100010101011000001000100001110110
0010010100111010111110001101110111110010001101010101011010001110010100100001001010010001101111011000010001000100010100010100110010000100111001000100010111000010000101101000011011010010010101100110011101010100011110111011011001010
1110011000111111000001110110000000101001110010101010000000010000101011011110110101100000000000001111000110111011101010100010000100011011000110111001001000111101110010000111100100101100111001011001100010101011000001000100001110010
1110011000111111000001110110000000101001110010101010000000110000101011011100110101100000000000001111000110111011101010100010000100011011000110111001000000111101111010000111100100101000111001011001100010101011000001000100001110010
0110011000111111000001110110000000101001110010101010000000010001101011011100110100100000000000001111000110111011101010101010000100011011000110111011100000111101110010000111100100101000111001011001100010101011000001000100001110110
1110011000111111000001110110000000101001110010101010000000110000101011011100110101100000000000001111000110111011101010100010000100011011000110111001000000111101111010000111100100101000111001011001100010101011000001000100001110010
1111011000111111000001110110000000101001110010101010000000010000101011011100110101100000000000001111000110111011101010100010000100011011000110111001000000111101110010000111100100101000111001011001100010101011000001000100001110010
0110011000111111000001110110000000101001110010101010000000010000101011011100110100100000000000001111000110111011101010100010000100011011000110111011100000111101110010010111100100101000111001011001100010101011000001000100001110110
0110011000111111000001110110000000101001110010101010000001010000101011011100110100100000000000001111000110111011101010101010000100011011000110111011100000111101110010000111100100101000111001011001100010101011000001000100001110110
0010010100111010111110001101110111110010001101010101011010001110010100100001001010010001101111011000010001000100010100010100110010000100111001000100010111000010000101101000011011010010010101100110011101010100011110111011011001010
0010010100111010111100001101111111110010001101010101011010001110010100100001001010010101101111011000010001000100010100010100110010000100111001000100010111000010000101101000011011010000010101100110011101010100011110111011011001011
0110011000111111000001110110000000101001110010101010000000010000101011011100110100100000000000001111000110111011101010100010000100011011000110111011100000111101110010000111100100101000111001011001100010101011000001000100001110110
1110011001111111000001110110000000110110001101010101011010001110010000100001001010010001101111111000111001000000010101000100111010100100111001000100010111000010000101101000011011010000010101100110011001010100011110100100001110110
1110111000111111000001110110000000101001110010101010100100010000101011011100110100100010000000001111000110111011101010100011000101011011000110111001000000111101110010000111100100101001111001011001100010101011000001000100101111010
0010010100111010111100001101111111110010001101010101011010001110010100100001001010010101111111011000010001000100010100010100110010000100111001000100010111000010000101101000011011010000010101100110011101010100111110111011011001011
1110011000111111000001110110000000101001110010101010000000110000101011011100110101101000000000001111000110111011101010100010000100011011000110111001000000111101111010000111100100101000111001011001100010101011000001000100001110010
