#OUT: 1500 SS p66 20 ./Data/elitesSample.txt
Mutations:
9 59646 m61 53458 -0.000232883773 0.5 p65 702 20
10 61887 m1 54207 0 0.5 p66 712 20
83 62144 m80 650942 0.0320407599 0.5 p65 714 20
50 63091 m1 352592 0 0.5 p67 718 20
30 65530 m80 197381 0.014304921 0.5 p67 730 20
16 65880 m60 89278 0.00148553413 0.5 p66 732 20
57 66995 m1 439478 0 0.5 p67 737 20
99 67841 m2 785178 0 0.5 p67 741 20
81 68477 m80 648296 0.00464337599 0.5 p67 744 20
17 69765 m60 90805 0.0381977111 0.5 p66 750 20
78 72243 m80 602072 0.0105098691 0.5 p67 762 20
69 73522 m80 516916 0.00456613628 0.5 p67 768 20
82 76208 m2 649621 0 0.5 p67 779 20
45 76941 m80 339537 0.0141834682 0.5 p67 782 20
26 78456 m1 179152 0 0.5 p67 788 20
29 79422 m80 193548 0.00684219645 0.5 p67 792 20
76 79691 m80 593486 0.00549023645 0.5 p67 793 20
12 81466 m60 67536 0.00519935461 0.5 p66 800 17
127 82248 m60 64302 0.0115226675 0.5 p66 803 3
60 82256 m81 457831 -0.0164858494 0.5 p67 803 20
75 82507 m80 593198 0.00682779169 0.5 p67 804 20
56 83295 m1 433065 0 0.5 p67 807 20
120 83774 m2 43000 0 0.5 p66 809 3
46 85880 m2 342643 0 0.5 p67 817 20
61 86143 m2 462544 0 0.5 p67 818 20
51 87167 m1 372038 0 0.5 p67 822 20
23 88203 m1 140684 0 0.5 p66 826 20
7 88204 m60 40709 0.0133987861 0.5 p66 826 17
77 88482 m81 598984 -0.00372509682 0.5 p67 827 20
47 89243 m81 344434 -0.0127378227 0.5 p67 830 20
188 90778 m1 42638 0 0.5 p66 836 9
4 93686 m1 29715 0 0.5 p66 847 9
31 94501 m80 199642 0.000741286087 0.5 p67 850 20
55 96021 m80 401619 0.00321542239 0.5 p67 856 13
8 98280 m60 42812 0.0107678548 0.5 p66 865 8
24 100074 m1 153363 0 0.5 p66 872 20
187 100624 m60 37975 0.00112683617 0.5 p66 874 9
123 101122 m1 48789 0 0.5 p66 876 3
91 101175 m80 720920 0.033209376 0.5 p67 876 20
131 101902 m60 95941 0.0177472848 0.5 p66 879 3
190 107056 m1 51060 0 0.5 p66 899 9
126 107292 m61 55841 -0.00155262393 0.5 p66 900 3
186 107303 m1 33268 0 0.5 p66 900 9
13 108082 m60 79761 0.0152981421 0.5 p66 903 8
133 109901 m1 107245 0 0.5 p66 910 3
28 110202 m80 188014 0.00391286518 0.5 p67 911 20
89 113000 m1 704513 0 0.5 p67 922 20
32 113501 m81 201653 -0.00490005547 0.5 p67 924 20
171 113735 m80 404896 0.0260429624 0.5 p66 925 7
84 114002 m81 652848 -0.00724039366 0.5 p67 926 20
98 114226 m1 783756 0 0.5 p67 927 20
100 114714 m1 827383 0 0.5 p66 929 20
15 115240 m61 84371 -0.00668736966 0.5 p66 931 8
64 115496 m1 485072 0 0.5 p67 932 20
96 116735 m1 756422 0 0.5 p67 937 20
39 116736 m80 270099 0.0191689581 0.5 p67 937 20
94 118276 m1 749374 0 0.5 p67 943 20
58 118277 m2 448073 0 0.5 p67 943 20
93 119845 m2 738694 0 0.5 p67 949 20
22 120304 m2 130483 0 0.5 p66 951 11
92 121387 m80 728661 0.00204390474 0.5 p67 955 20
191 124225 m60 53051 0.0101681231 0.5 p66 966 9
44 125013 m2 329134 0 0.5 p67 969 20
95 125271 m1 752412 0 0.5 p67 970 20
38 125545 m80 263039 0.00828140229 0.5 p67 971 20
86 127355 m2 665246 0 0.5 p67 978 20
35 128108 m80 210599 0.015155674 0.5 p67 981 20
87 129568 m80 673382 0.00782503933 0.5 p67 987 20
54 133702 m81 391168 -0.000403370854 0.5 p67 1003 13
33 133703 m80 204809 0.000418219046 0.5 p67 1003 20
27 136789 m80 185140 0.00568745285 0.5 p67 1015 20
11 139057 m61 59826 -0.023995528 0.5 p66 1024 8
115 143705 m1 8027 0 0.5 p66 1042 3
116 145800 m50 16777 0.0145420088 0.5 p66 1050 3
85 146313 m80 661159 0.0381480604 0.5 p67 1052 20
48 147835 m1 348171 0 0.5 p67 1058 20
74 148398 m2 593140 0 0.5 p67 1060 20
41 149101 m1 301734 0 0.5 p67 1063 20
128 149926 m1 71037 0 0.5 p66 1066 3
36 150435 m1 230296 0 0.5 p66 1068 20
196 151042 m61 90753 -0.00584303495 0.5 p66 1070 9
43 151574 m1 309058 0 0.5 p66 1072 20
194 154153 m60 70076 0.0104301767 0.5 p66 1082 9
119 154689 m1 35744 0 0.5 p66 1084 3
118 155188 m1 31737 0 0.5 p66 1086 3
18 155453 m60 96029 0.00972324423 0.5 p66 1087 8
71 155465 m1 565814 0 0.5 p66 1087 20
5 156231 m1 40084 0 0.5 p66 1090 8
49 158344 m1 349859 0 0.5 p66 1098 20
122 159567 m1 47218 0 0.5 p66 1103 3
63 159586 m2 474994 0 0.5 p66 1103 20
172 162466 m80 409126 0.0153894611 0.5 p66 1114 7
65 168241 m1 502866 0 0.5 p66 1136 20
20 171666 m1 104229 0 0.5 p66 1149 8
40 173612 m2 278280 0 0.5 p66 1157 20
124 174916 m60 50809 0.0042620129 0.5 p66 1162 3
90 175388 m2 709010 0 0.5 p66 1164 20
37 177685 m1 244262 0 0.5 p66 1173 20
67 181604 m1 506934 0 0.5 p66 1188 20
195 183163 m1 80175 0 0.5 p66 1194 9
80 184488 m2 645430 0 0.5 p66 1199 20
52 186088 m1 372495 0 0.5 p66 1205 20
132 186884 m60 98434 0.0262268726 0.5 p66 1208 3
199 187133 m1 108848 0 0.5 p66 1209 9
3 187134 m50 16807 0.0019367194 0.5 p66 1209 9
0 191186 m1 1261 0 0.5 p66 1225 4
72 192203 m1 571167 0 0.5 p66 1229 20
68 193731 m2 510068 0 0.5 p66 1235 20
189 194278 m60 46052 0.00407466386 0.5 p66 1237 9
53 195080 m2 383437 0 0.5 p66 1240 13
156 195567 m61 57132 -0.0192998685 0.5 p66 1242 4
59 196086 m80 455876 0.0148862852 0.5 p66 1244 20
102 197366 m81 324523 -0.00739579042 0.5 p66 1249 6
161 200413 m2 194122 0 0.5 p66 1261 7
97 200678 m1 764074 0 0.5 p66 1262 10
19 202007 m1 99814 0 0.5 p66 1267 4
192 202207 m60 55238 0.00887498911 0.5 p66 1268 9
25 202208 m1 173017 0 0.5 p66 1268 11
113 202975 m80 709088 0.00289444276 0.5 p66 1271 13
104 203530 m1 443621 0 0.5 p66 1273 13
152 203781 m1 23957 0 0.5 p66 1274 5
2 204864 m1 5276 0 0.5 p66 1278 4
177 206887 m2 642764 0 0.5 p66 1286 6
6 207136 m60 40326 0.0272102207 0.5 p66 1287 4
14 211747 m61 83858 -0.0116146458 0.5 p66 1305 4
1 213569 m1 1549 0 0.5 p66 1312 4
154 215319 m60 38827 0.00604667468 0.5 p66 1319 4
134 215328 m1 141200 0 0.5 p66 1319 3
107 215600 m80 524620 0.00475127297 0.5 p66 1320 4
179 215870 m1 777495 0 0.5 p66 1321 6
166 216100 m81 323942 -0.0147811174 0.5 p66 1322 7
141 217654 m1 560664 0 0.5 p66 1328 3
193 217655 m60 58016 0.0020688884 0.5 p66 1328 9
108 218705 m1 559448 0 0.5 p66 1332 4
176 218717 m1 563700 0 0.5 p66 1332 6
73 218958 m2 588692 0 0.5 p66 1333 7
139 218971 m1 485179 0 0.5 p66 1333 3
125 219233 m2 53122 0 0.5 p66 1334 3
159 219237 m2 132147 0 0.5 p66 1334 4
150 219725 m1 3491 0 0.5 p66 1336 5
117 219746 m1 28330 0 0.5 p66 1336 3
167 219976 m2 340662 0 0.5 p66 1337 7
111 221800 m1 696737 0 0.5 p66 1344 7
106 222330 m1 504743 0 0.5 p66 1346 4
136 223811 m1 235031 0 0.5 p66 1352 3
184 223816 m1 8226 0 0.5 p66 1352 8
200 223817 m2 137231 0 0.5 p66 1352 9
198 225097 m1 106792 0 0.5 p66 1357 9
135 227147 m2 184850 0 0.5 p66 1365 3
145 227668 m1 751250 0 0.5 p66 1367 3
66 227943 m1 506269 0 0.5 p66 1368 7
175 228981 m1 559685 0 0.5 p66 1372 6
180 229192 m1 804284 0 0.5 p66 1373 2
21 229951 m1 124793 0 0.5 p66 1376 4
34 229977 m2 209839 0 0.5 p66 1376 7
170 230202 m80 403842 0.00418948242 0.5 p66 1377 3
103 230970 m1 428667 0 0.5 p66 1380 3
129 231480 m1 90270 0 0.5 p66 1382 3
242 231493 m1 762242 0 0.5 p66 1382 1
185 232518 m50 15632 0.0299372077 0.5 p66 1386 8
205 235084 m81 391247 -0.00648998236 0.5 p66 1396 4
197 235647 m1 99714 0 0.5 p66 1398 9
138 236439 m1 428106 0 0.5 p66 1401 3
204 236962 m1 219350 0 0.5 p66 1403 4
110 238234 m3 695082 -0.00247301022 0.100000001 p66 1408 4
208 238966 m2 473142 0 0.5 p66 1411 4
109 239490 m1 623228 0 0.5 p66 1413 3
137 239715 m2 333341 0 0.5 p66 1414 3
213 240214 m1 632419 0 0.5 p66 1416 4
130 240217 m1 94746 0 0.5 p66 1416 3
160 241253 m1 136379 0 0.5 p66 1420 4
148 241254 m1 806704 0 0.5 p66 1420 2
237 241521 m1 376839 0 0.5 p66 1421 1
238 242030 m2 463416 0 0.5 p66 1423 1
144 242290 m2 667145 0 0.5 p66 1424 3
155 242544 m2 52571 0 0.5 p66 1425 4
169 242812 m80 384453 0.0109668896 0.5 p66 1426 3
211 242828 m1 561279 0 0.5 p66 1426 4
210 242829 m80 534149 0.0184443519 0.5 p66 1426 4
178 243296 m1 691989 0 0.5 p66 1428 2
164 243297 m81 267746 -0.00893640332 0.5 p66 1428 3
201 244844 m1 159191 0 0.5 p66 1434 4
231 246069 m2 48286 0 0.5 p66 1439 1
227 246594 m1 353561 0 0.5 p66 1441 1
162 246854 m2 248680 0 0.5 p66 1442 3
163 247109 m2 252085 0 0.5 p66 1443 3
168 247653 m1 368290 0 0.5 p66 1445 3
203 247918 m2 210453 0 0.5 p66 1446 4
157 247930 m60 84197 0.0221016854 0.5 p66 1446 4
243 248210 m2 788074 0 0.5 p66 1447 1
209 248943 m1 500017 0 0.5 p66 1450 2
225 248947 m80 391763 0.00181894074 0.5 p66 1450 2
241 249954 m1 613609 0 0.5 p66 1454 1
158 250503 m2 125450 0 0.5 p66 1456 4
234 251008 m80 256237 0.00486579165 0.5 p66 1458 1
228 251019 m2 598167 0 0.5 p66 1458 1
79 251297 m81 608290 -0.000395013689 0.5 p66 1459 3
42 251519 m1 308279 0 0.5 p66 1460 3
230 251523 m1 842897 0 0.5 p66 1460 2
214 252063 m1 681476 0 0.5 p66 1462 2
173 252600 m1 422570 0 0.5 p66 1464 3
233 252868 m81 251246 -0.00781683717 0.5 p66 1465 1
240 252880 m1 573648 0 0.5 p66 1465 1
215 253701 m1 360033 0 0.5 p66 1468 1
229 253702 m1 754452 0 0.5 p66 1468 2
220 253952 m1 438476 0 0.5 p66 1469 1
224 254220 m2 327292 0 0.5 p66 1470 2
70 254235 m1 556820 0 0.5 p66 1470 2
246 254244 m2 385765 0 0.5 p66 1470 1
142 254474 m1 625216 0 0.5 p66 1471 3
216 255004 m1 427172 0 0.5 p66 1473 1
149 255785 m1 824552 0 0.5 p66 1476 2
248 256011 m1 436187 0 0.5 p66 1477 1
207 256012 m2 469261 0 0.5 p66 1477 2
239 256021 m3 560935 -0.0821415782 0.100000001 p66 1477 1
101 256041 m2 261653 0 0.5 p66 1477 1
247 256253 m1 419779 0 0.5 p66 1478 1
147 256545 m1 799093 0 0.5 p66 1479 3
250 256550 m61 76524 -0.00142686768 0.5 p66 1479 1
62 256794 m2 465826 0 0.5 p66 1480 2
112 257611 m1 705281 0 0.5 p66 1483 1
223 257627 m3 289297 -0.000332297757 0.100000001 p66 1483 2
235 257889 m2 276859 0 0.5 p66 1484 1
219 258137 m1 212797 0 0.5 p66 1485 1
244 258144 m2 81568 0 0.5 p66 1485 1
202 258642 m2 180962 0 0.5 p66 1487 2
143 258933 m2 644350 0 0.5 p66 1488 3
174 258959 m81 468719 -0.00753842527 0.5 p66 1488 1
165 258960 m1 307949 0 0.5 p66 1488 1
212 259182 m2 584556 0 0.5 p66 1489 2
88 259202 m1 681319 0 0.5 p66 1489 2
105 259207 m2 457990 0 0.5 p66 1489 1
217 259439 m1 845793 0 0.5 p66 1490 1
245 259960 m1 292967 0 0.5 p66 1492 1
249 259974 m1 3637 0 0.5 p66 1492 1
153 259979 m60 38326 0.022347115 0.5 p66 1492 1
121 260216 m61 43439 -0.00661532441 0.5 p66 1493 3
232 260232 m2 135303 0 0.5 p66 1493 1
222 260248 m2 45638 0 0.5 p66 1493 2
226 260494 m2 257742 0 0.5 p66 1494 1
146 260497 m1 764741 0 0.5 p66 1494 3
151 260770 m1 18890 0 0.5 p66 1495 1
236 261060 m80 658336 0.00331466901 0.5 p66 1496 1
206 261313 m2 394100 0 0.5 p66 1497 1
183 261546 m1 440773 0 0.5 p66 1498 2
181 261547 m1 145133 0 0.5 p66 1498 2
221 261560 m1 544489 0 0.5 p66 1498 1
114 261576 m1 791794 0 0.5 p66 1498 1
140 261823 m2 526395 0 0.5 p66 1499 1
218 262042 m81 378277 -0.00118135556 0.5 p66 1500 1
182 262045 m81 320625 -0.022561511 0.5 p66 1500 1
Genomes:
p66:0 A 0 1 2 3 4 5 6 7 8 9 10 11 12 13 14 15 16 17 18 19 20 21 22 23 24 25 26 27 28 29 30 31 32 33 34 35 36 37 38 39 40 41 42 43 44 45 46 47 48 49 50 51 52 53 54 55 56 57 58 59 60 61 62 63 64 65 66 67 68 69 70 71 72 73 74 75 76 77 78 79 80 81 82 83 84 85 86 87 88 89 90 91 92 93 94 95 96 97 98 99 100
p66:1 A 0 1 2 3 4 5 6 7 8 9 10 11 12 13 14 15 16 17 18 19 20 21 22 23 24 25 26 27 28 29 30 31 32 33 35 36 37 101 38 39 40 41 43 102 44 45 46 47 48 49 50 51 52 53 54 55 103 56 57 104 58 59 60 105 61 63 64 65 106 67 68 69 107 108 71 72 74 75 76 77 78 109 80 81 82 83 84 85 86 87 110 111 89 112 90 113 91 92 93 94 95 96 97 98 99 114 100
p66:2 A 115 116 117 118 119 120 121 122 123 124 125 9 10 126 127 128 16 129 17 130 131 132 133 22 23 134 24 25 26 135 27 28 29 30 31 32 33 35 36 136 37 38 39 40 41 43 102 44 137 45 46 47 48 49 50 51 52 53 54 55 138 56 57 104 58 59 60 61 63 64 139 65 67 68 69 140 141 71 72 74 75 76 77 78 142 143 80 81 82 83 84 85 86 144 87 111 89 90 113 91 92 93 94 145 95 96 146 98 99 147 148 149 100
p66:3 A 150 3 151 152 4 153 154 5 7 8 155 9 10 156 11 12 13 157 15 16 17 18 20 158 22 159 160 23 24 26 27 28 29 161 30 31 32 33 35 36 37 162 163 38 164 39 40 41 165 43 166 44 45 167 46 47 48 49 50 168 51 52 169 170 171 172 173 56 57 104 58 59 60 61 174 63 64 65 67 68 69 175 176 71 72 74 75 76 77 78 177 80 81 82 83 84 85 86 87 178 89 90 113 91 92 93 94 95 96 179 98 99 180 100
p66:4 A 115 116 117 118 119 120 121 122 123 124 125 9 10 126 127 128 16 129 17 130 131 132 133 22 23 134 24 25 26 135 27 28 29 30 31 32 33 35 36 136 37 38 39 40 41 43 102 44 137 45 46 47 48 49 50 51 52 53 54 55 138 56 57 104 58 59 60 61 63 64 139 65 67 68 69 141 71 72 74 75 76 77 78 142 143 80 81 82 83 84 85 86 144 87 111 89 90 113 91 92 93 94 145 95 96 146 98 99 147 148 149 100
p66:5 A 150 3 152 4 154 5 7 8 155 9 10 156 11 12 13 157 15 16 17 18 20 158 22 159 160 23 181 24 26 27 28 29 30 31 32 33 34 35 36 37 38 39 40 41 43 182 44 45 46 47 48 49 50 51 52 53 54 55 56 57 183 58 59 60 61 63 64 65 66 67 68 69 71 72 73 74 75 76 77 78 80 81 82 83 84 85 86 87 89 90 91 92 93 94 95 96 97 98 99 100
p66:6 A 184 185 186 187 7 188 189 190 191 9 10 192 193 12 194 195 16 196 17 197 198 199 200 23 24 201 26 202 27 28 29 161 30 31 32 33 203 35 204 36 37 38 39 40 41 43 166 44 45 167 46 47 48 49 50 51 52 205 206 171 172 56 57 104 58 59 60 61 207 208 63 64 209 65 67 68 69 210 175 211 176 71 72 212 74 75 76 77 78 213 177 80 81 82 83 84 85 86 87 214 89 90 113 91 92 93 94 95 96 179 98 99 100
p66:7 A 0 1 2 3 4 5 6 7 8 9 10 11 12 13 14 15 16 17 18 19 20 21 22 23 24 25 26 27 28 29 30 31 32 33 35 36 37 38 39 40 41 43 102 44 45 46 47 48 49 50 215 51 52 53 54 55 216 103 56 57 104 58 59 60 61 63 64 65 106 67 68 69 107 108 71 72 74 75 76 77 78 109 80 81 82 83 84 85 86 87 110 111 89 90 113 91 92 93 94 95 96 97 98 99 100 217
p66:8 A 150 3 152 4 154 5 7 8 155 9 10 156 11 12 13 157 15 16 17 18 20 158 22 159 160 23 181 24 26 27 28 29 30 31 32 33 34 35 36 37 38 39 40 41 43 44 45 46 47 48 49 50 51 52 218 53 54 55 56 57 183 58 59 60 61 63 64 65 66 67 68 69 71 72 73 74 75 76 77 78 80 81 82 83 84 85 86 87 89 90 91 92 93 94 95 96 97 98 99 100
p66:9 A 150 3 152 4 186 187 7 188 189 190 191 9 10 192 193 12 194 195 16 196 17 197 198 199 200 23 24 26 27 28 29 161 30 31 32 33 35 219 36 37 162 163 38 164 39 40 41 43 166 44 45 167 46 47 48 49 50 168 51 52 169 170 171 172 173 56 220 57 104 58 59 60 61 63 64 65 67 68 69 221 175 176 71 72 74 75 76 77 78 177 80 81 82 83 84 85 86 87 178 89 90 113 91 92 93 94 95 96 179 98 99 180 100
p66:10 A 184 185 186 187 7 188 222 189 190 191 9 10 192 193 12 194 195 16 196 17 197 198 199 200 23 24 201 26 27 28 29 161 30 31 32 33 203 35 204 36 37 38 39 40 223 41 43 166 224 44 45 167 46 47 48 49 50 51 52 205 225 171 172 56 57 104 58 59 60 61 208 63 64 65 67 68 69 210 175 211 176 71 72 74 75 76 77 78 213 177 80 81 82 83 84 85 86 87 89 90 113 91 92 93 94 95 96 179 98 99 100
p66:11 A 184 185 186 187 7 188 189 190 191 9 10 192 193 12 194 195 16 196 17 197 198 199 200 23 24 201 26 202 27 28 29 161 30 31 32 33 203 35 204 36 37 38 39 40 41 43 166 44 45 167 46 47 48 49 50 51 52 205 171 172 56 57 104 58 59 60 61 207 208 63 64 209 65 67 68 69 210 175 211 176 71 72 212 74 75 76 77 78 213 177 80 81 82 83 84 85 86 87 214 89 90 113 91 92 93 94 95 96 179 98 99 100
p66:12 A 184 185 186 187 7 188 189 190 191 9 10 192 193 12 194 195 16 196 17 197 198 199 200 23 24 25 26 27 28 29 30 31 32 33 34 35 36 37 226 38 39 40 41 43 44 45 46 47 48 49 50 227 51 52 53 54 55 56 57 58 59 60 61 63 64 65 66 67 68 69 71 72 73 74 75 76 228 77 78 80 81 82 83 84 85 86 87 89 90 91 92 93 94 95 229 96 97 98 99 100 230
p66:13 A 184 185 186 187 7 188 189 231 190 191 9 10 192 193 12 194 195 16 196 17 197 198 199 232 200 23 24 25 26 27 28 29 30 31 32 33 34 35 36 37 233 234 38 39 235 40 41 43 44 45 46 47 48 49 50 51 52 53 54 55 56 57 58 59 60 61 63 64 65 66 67 68 69 71 72 73 74 75 76 77 78 80 81 82 83 84 85 86 87 89 90 91 92 93 94 95 229 96 97 98 99 100 230
p66:14 A 184 185 186 187 7 188 189 190 191 9 10 192 193 12 194 195 16 196 17 197 198 199 200 23 24 25 26 27 28 29 30 31 32 33 34 35 36 37 38 39 40 41 42 43 44 45 46 47 48 49 50 51 52 53 54 55 56 57 58 59 60 61 62 63 64 65 66 67 68 69 70 71 72 73 74 75 76 77 78 79 80 81 82 83 84 236 85 86 87 88 89 90 91 92 93 94 95 96 97 98 99 100
p66:15 A 184 185 186 187 7 188 222 189 190 191 9 10 192 193 12 194 195 16 196 17 197 198 199 200 23 24 201 26 27 28 29 161 30 31 32 33 203 35 204 36 37 38 39 40 223 41 43 166 224 44 45 167 46 47 48 49 50 51 52 205 225 171 172 56 57 104 58 59 60 61 208 63 64 65 67 68 69 210 175 211 176 71 72 74 75 76 77 78 213 177 80 81 82 83 84 85 86 87 89 90 113 91 92 93 94 95 96 179 98 99 100
p66:16 A 0 1 2 3 4 5 6 7 8 9 10 11 12 13 14 15 16 17 18 19 20 21 22 23 24 25 26 27 28 29 30 31 32 33 35 36 37 38 39 40 41 43 102 44 45 46 47 48 49 50 51 52 237 53 54 55 103 56 57 104 58 59 60 61 238 63 64 65 106 67 68 69 107 108 239 71 72 240 74 75 76 77 78 241 80 81 82 83 84 85 86 87 110 111 89 90 113 91 92 93 94 95 96 242 98 99 243 100
p66:17 A 115 116 117 118 119 120 121 122 123 124 125 9 10 126 127 128 16 129 17 130 131 132 133 22 23 134 24 25 26 135 27 28 29 30 31 32 33 35 36 136 37 38 39 40 41 43 102 44 137 45 46 47 48 49 50 51 52 53 54 55 138 56 57 104 58 59 60 61 63 64 139 65 67 68 69 141 71 72 74 75 76 77 78 142 143 80 81 82 83 84 85 86 144 87 111 89 90 113 91 92 93 94 145 95 96 146 98 99 147 100
p66:18 A 184 185 186 187 7 188 189 190 191 9 10 192 193 12 194 195 244 16 196 17 197 198 199 200 23 24 25 26 27 28 29 30 31 32 33 34 35 36 37 38 39 40 245 41 42 43 44 45 46 47 48 49 50 51 52 53 246 54 55 247 56 248 57 58 59 60 61 63 64 65 66 67 68 69 71 72 73 74 75 76 77 78 79 80 81 82 83 84 85 86 87 89 90 91 92 93 94 95 96 97 98 99 100
p66:19 A 150 249 3 152 4 154 5 7 8 155 9 10 156 11 12 250 13 157 15 16 17 18 20 158 22 159 160 23 24 26 27 28 29 161 30 31 32 33 35 36 37 162 163 38 164 39 40 41 43 166 44 45 167 46 47 48 49 50 168 51 52 169 170 171 172 173 56 57 104 58 59 60 61 63 64 65 106 67 68 69 107 108 71 72 74 75 76 77 78 109 80 81 82 83 84 85 86 87 110 111 89 90 113 91 92 93 94 95 96 97 98 99 100
