Site0	Site1	Site2	Site3	Site4	Site5	Site6	Site7	Site8	Site9	Site10	Site11	Site12	Site13	Site14	Site15	Site16	Site17	Site18	Site19	Site20	Site21	Site22	Site23	Site24	Site25	Site26	Site27	Site28	Site29	Site30	Site31	Site32	Site33	Site34	Site35	Site36	Site37	Site38	Site39	Site40	Site41	Site42	Site43	Site44	Site45	Site46	Site47	Site48	Site49	Site50	Site51	Site52	Site53	Site54	Site55	Site56	Site57	Site58	Site59	Site60	Site61	Site62	Site63	Site64	Site65	Site66	Site67	Site68	Site69	Site70	Site71	Site72	Site73	Site74	Site75	Site76	Site77	Site78	Site79	Site80	Site81	Site82	Site83	Site84	Site85	Site86	Site87	Site88	Site89	Site90	Site91	Site92	Site93	Site94	Site95	Site96	Site97	Site98	Site99	Site100	Site101	Site102	Site103	Site104	Site105	Site106	Site107	Site108	Site109	Site110	Site111	Site112	Site113	Site114	Site115	Site116	Site117	Site118	Site119	Site120	Site121	Site122	Site123	Site124	Site125	
Sample0	1 0	2	1	2	0	2	2	2	2	0	0	2	0	2	2	1	0	1	0	2	0	0	1	0	0	1	2	0	0	0	1	0	0	2	0	0	2	0	2	1	0	2	2	0	1	2	1	0	0	2	0	2	2	0	2	1	2	0	2	2	1	0	2	2	2	2	2	2	0	0	0	2	0	0	2	2	0	1	2	1	0	0	0	0	2	2	0	0	1	0	2	0	2	2	2	1	0	2	2	1	0	2	2	0	0	1	0	2	0	2	0	2	1	2	1	2	2	0	1	2	0	0	2	2	2	0	
Sample1	1 1	2	0	2	0	2	2	2	2	1	0	2	0	2	2	0	0	0	1	2	0	0	1	0	0	0	2	0	0	0	1	0	0	2	1	0	2	0	2	0	0	2	2	0	0	2	0	0	0	2	0	2	2	0	2	1	2	0	2	2	1	1	2	2	2	2	2	2	1	0	0	2	0	0	2	2	1	0	2	0	0	0	0	0	2	2	0	0	0	0	2	0	2	2	2	0	0	2	2	1	0	2	2	0	0	1	0	2	0	2	0	2	0	2	0	2	2	0	0	2	0	0	2	2	1	0	
Sample2	1 0	2	0	2	0	2	2	2	2	0	0	2	0	2	2	0	0	0	0	2	0	0	2	0	0	0	2	0	0	0	2	0	0	2	0	0	2	0	2	0	0	2	2	0	0	2	0	0	0	2	0	2	2	0	2	2	2	0	2	2	2	0	2	2	2	2	2	2	0	0	0	2	0	0	2	2	0	0	2	0	0	0	0	0	2	2	0	0	0	0	2	0	2	2	2	0	0	2	2	2	0	2	2	0	0	2	0	2	0	2	0	2	0	2	0	2	2	0	0	2	0	0	2	2	2	0	
Sample3	1 0	2	1	2	0	2	2	2	2	0	0	2	0	2	2	1	1	1	1	2	0	0	0	0	0	0	2	0	0	0	0	0	0	2	2	0	2	0	2	0	0	2	2	0	0	2	0	0	0	2	0	2	2	0	2	0	2	0	2	2	0	2	2	2	2	2	2	2	2	0	0	2	0	0	2	2	2	0	2	0	0	0	0	0	2	2	0	0	0	1	2	0	2	2	2	0	0	2	2	0	0	2	2	0	0	0	0	2	1	2	0	2	0	2	0	2	2	0	0	2	0	0	2	2	0	0	
Sample4	1 0	2	0	2	0	2	2	2	2	0	0	2	0	2	2	0	0	0	0	2	0	1	0	0	0	0	2	1	0	0	0	0	1	2	0	0	2	0	2	0	1	2	2	1	0	2	0	1	1	2	0	2	2	0	2	0	2	0	2	2	0	0	1	2	2	2	2	2	0	1	0	2	0	0	2	2	0	0	2	0	1	1	0	0	2	2	0	1	0	0	2	0	2	2	2	0	1	2	2	0	1	2	2	1	1	0	1	2	0	2	2	2	0	2	0	2	2	0	0	2	2	0	2	2	2	0	
Sample5	1 0	2	1	2	1	2	2	2	2	0	1	2	1	2	2	0	0	1	0	2	1	0	0	1	0	0	2	0	1	1	0	0	0	2	0	0	2	1	2	0	0	2	2	0	0	2	0	0	0	2	1	2	2	0	2	0	2	1	2	2	0	0	2	2	2	2	2	2	0	0	1	2	0	1	2	2	0	0	2	0	0	0	0	1	2	2	1	0	0	0	2	0	2	2	2	0	0	2	2	0	0	2	2	0	0	0	0	2	0	2	0	2	0	2	0	2	2	1	0	2	0	0	2	2	2	0	
Sample6	1 0	2	1	2	0	2	2	2	2	0	0	2	0	2	2	0	0	1	1	2	0	0	0	1	1	0	2	0	0	0	0	0	0	2	1	0	2	0	2	0	0	2	2	0	0	2	0	0	0	2	1	2	2	0	2	0	2	0	2	2	0	1	2	2	2	2	2	2	1	0	1	2	0	1	2	2	1	0	2	0	0	0	0	0	2	2	0	0	0	0	2	0	2	2	2	0	0	2	2	0	0	2	2	0	0	0	0	2	0	2	0	2	0	2	0	2	2	1	0	2	0	0	2	2	1	0	
Sample7	1 0	2	0	2	1	2	2	2	2	0	1	2	1	2	2	0	0	0	1	2	1	0	0	0	0	0	2	0	1	1	0	0	0	2	1	1	2	1	2	0	0	2	2	0	0	2	0	0	0	2	0	2	2	1	2	0	2	1	2	2	0	1	2	2	2	2	2	2	1	0	0	2	1	0	2	2	1	0	2	0	0	0	1	0	2	2	0	0	0	1	2	0	2	2	2	0	0	2	2	0	0	2	2	0	0	0	0	2	0	2	0	2	0	2	0	2	2	0	0	2	0	0	2	2	1	0	
Sample8	1 0	2	0	2	1	2	2	2	2	0	1	2	1	2	2	0	0	0	1	2	1	0	0	0	0	0	2	0	1	1	0	0	0	2	1	0	2	1	2	0	0	2	2	0	0	2	0	0	0	2	0	2	2	0	2	0	2	1	2	2	0	1	2	2	2	2	2	2	1	0	0	2	0	0	2	2	1	0	2	0	0	0	1	0	2	2	0	0	0	1	2	0	2	2	2	0	0	2	2	0	0	2	2	0	0	0	0	2	0	2	0	2	0	2	0	2	2	0	0	2	0	0	2	2	1	0	
Sample9	1 0	2	2	2	0	2	2	2	2	0	0	2	0	2	2	2	1	2	0	2	0	0	0	0	0	0	2	0	0	0	0	1	0	2	0	0	2	0	2	0	0	2	2	0	0	2	2	0	0	2	0	2	2	0	2	0	2	0	2	2	0	0	2	2	2	2	2	2	0	0	0	2	0	0	2	2	0	2	2	2	0	0	0	0	2	2	0	0	0	0	2	1	2	2	2	0	0	2	2	0	0	2	2	0	0	0	0	2	0	2	0	2	0	2	0	2	2	0	0	2	0	1	2	2	2	0	
