#OUT: 1500 SS p69 20 ./Data/gruntsSample.txt
Mutations:
17 61994 m1 245288 0 0.5 p65 713 20
25 64945 m2 333251 0 0.5 p69 727 20
39 65393 m2 532099 0 0.5 p69 729 20
23 68112 m1 310469 0 0.5 p69 742 20
14 68523 m1 149550 0 0.5 p69 744 20
46 68943 m1 675150 0 0.5 p69 746 20
67 72712 m1 849862 0 0.5 p68 764 18
50 73581 m2 726733 0 0.5 p69 768 20
24 76759 m2 316057 0 0.5 p69 781 20
20 78507 m1 282354 0 0.5 p69 788 20
37 78977 m1 480083 0 0.5 p69 790 20
27 82824 m1 358914 0 0.5 p69 805 20
44 84094 m2 657516 0 0.5 p69 810 20
42 85421 m2 600158 0 0.5 p69 815 20
53 88283 m1 758861 0 0.5 p69 826 20
48 88284 m1 695399 0 0.5 p69 826 20
30 93512 m2 407901 0 0.5 p69 846 20
58 94292 m1 832494 0 0.5 p69 849 20
45 95071 m2 667161 0 0.5 p69 852 20
35 104808 m2 455043 0 0.5 p69 890 20
49 111237 m2 710403 0 0.5 p69 915 20
57 120124 m1 819137 0 0.5 p69 950 20
4 123314 m1 18956 0 0.5 p69 962 20
5 123568 m1 21344 0 0.5 p69 963 20
107 124046 m2 669980 0 0.5 p69 965 2
147 124812 m1 796742 0 0.5 p69 968 1
3 126353 m1 16555 0 0.5 p69 974 20
51 127398 m1 746001 0 0.5 p69 978 18
31 132448 m2 408395 0 0.5 p69 998 19
56 132705 m2 783568 0 0.5 p69 999 19
33 132706 m1 419650 0 0.5 p69 999 19
103 137855 m2 582015 0 0.5 p69 1019 2
36 143049 m2 469531 0 0.5 p69 1039 19
32 144069 m1 417201 0 0.5 p69 1043 19
6 148152 m1 23370 0 0.5 p69 1059 20
109 149480 m1 756848 0 0.5 p69 1064 2
2 152175 m1 9701 0 0.5 p69 1074 20
15 152943 m3 218037 -0.0119641153 0.100000001 p69 1077 19
19 155023 m2 267935 0 0.5 p69 1085 19
134 155810 m1 375201 0 0.5 p69 1088 1
133 157109 m1 366992 0 0.5 p69 1093 1
124 160210 m1 165461 0 0.5 p69 1105 1
55 160718 m90 771044 0.0308836959 0.5 p69 1107 19
137 160979 m2 406458 0 0.5 p69 1108 1
34 162020 m1 420930 0 0.5 p69 1112 19
28 162849 m1 368136 0 0.5 p69 1115 19
52 166561 m1 751600 0 0.5 p69 1129 18
104 175469 m2 597194 0 0.5 p69 1164 2
146 176486 m2 793327 0 0.5 p69 1168 1
41 179093 m2 598418 0 0.5 p69 1178 18
43 179597 m2 642771 0 0.5 p69 1180 18
8 184579 m1 65921 0 0.5 p69 1199 20
132 187707 m1 365526 0 0.5 p69 1211 1
59 189050 m1 847510 0 0.5 p69 1216 20
149 189788 m1 843361 0 0.5 p69 1219 1
18 189802 m2 260074 0 0.5 p69 1219 19
0 189806 m1 5441 0 0.5 p69 1219 20
106 190036 m2 655447 0 0.5 p69 1220 2
130 199220 m3 357205 -4.7567486e-05 0.100000001 p69 1256 1
47 200243 m1 692165 0 0.5 p69 1260 18
125 200489 m2 255341 0 0.5 p69 1261 1
16 204376 m1 234129 0 0.5 p69 1276 19
72 204654 m1 111234 0 0.5 p69 1277 3
126 206216 m2 266143 0 0.5 p69 1283 1
69 210055 m1 10581 0 0.5 p69 1298 3
70 212087 m1 41918 0 0.5 p69 1306 3
129 212869 m2 334681 0 0.5 p69 1309 1
9 213664 m60 71719 0.0185503773 0.5 p69 1312 17
141 214882 m3 628126 -0.153348938 0.100000001 p69 1317 1
139 215145 m1 500704 0 0.5 p69 1318 1
7 215678 m1 33326 0 0.5 p69 1320 17
22 221119 m1 308575 0 0.5 p69 1341 19
131 221614 m1 361777 0 0.5 p69 1343 1
13 222156 m1 123305 0 0.5 p69 1345 20
108 225178 m2 674446 0 0.5 p69 1357 1
26 226741 m1 346064 0 0.5 p69 1363 19
54 229301 m1 765358 0 0.5 p69 1373 19
68 229540 m1 2030 0 0.5 p69 1374 3
138 230572 m1 477414 0 0.5 p69 1378 1
71 232581 m1 109155 0 0.5 p69 1386 3
127 233601 m1 283053 0 0.5 p69 1390 1
144 233838 m1 791760 0 0.5 p69 1391 1
120 234113 m1 611297 0 0.5 p69 1392 2
74 235729 m1 301335 0 0.5 p69 1398 3
29 235983 m2 402162 0 0.5 p69 1399 15
87 236529 m1 753406 0 0.5 p69 1401 4
96 238305 m1 123577 0 0.5 p69 1408 3
88 242891 m1 822109 0 0.5 p69 1426 5
73 243140 m1 157598 0 0.5 p69 1427 3
101 243144 m2 472088 0 0.5 p69 1427 1
1 244396 m1 8709 0 0.5 p69 1432 7
112 244654 m1 116216 0 0.5 p69 1433 3
117 244923 m1 480452 0 0.5 p69 1434 3
114 244924 m1 227532 0 0.5 p69 1434 3
148 245666 m1 831803 0 0.5 p69 1437 1
135 245667 m2 383683 0 0.5 p69 1437 1
12 245887 m1 101426 0 0.5 p69 1438 7
102 245888 m1 553757 0 0.5 p69 1438 1
142 246663 m1 691062 0 0.5 p69 1441 1
89 246671 m70 134265 0.0120451646 0.5 p69 1441 2
91 247744 m1 371824 0 0.5 p69 1445 2
10 247996 m2 94156 0 0.5 p69 1446 6
94 248795 m1 31142 0 0.5 p69 1449 2
115 249024 m2 383877 0 0.5 p69 1450 3
21 249033 m1 283657 0 0.5 p69 1450 6
40 249292 m1 552517 0 0.5 p69 1451 6
105 249558 m1 636560 0 0.5 p69 1452 1
128 250042 m1 290132 0 0.5 p69 1454 1
90 250296 m2 206776 0 0.5 p69 1455 2
38 250575 m3 500311 -0.0587120317 0.100000001 p69 1456 6
122 250594 m1 137827 0 0.5 p69 1456 1
145 250837 m2 793019 0 0.5 p69 1457 1
93 250840 m1 11873 0 0.5 p69 1457 2
92 250842 m1 703827 0 0.5 p69 1457 2
85 251086 m2 727463 0 0.5 p69 1458 2
97 251361 m2 195752 0 0.5 p69 1459 2
60 253501 m2 246693 0 0.5 p69 1467 3
86 253795 m2 728749 0 0.5 p69 1468 2
81 253796 m1 435143 0 0.5 p69 1468 2
66 254556 m1 811809 0 0.5 p69 1471 3
136 254557 m2 383793 0 0.5 p69 1471 1
82 254812 m1 554866 0 0.5 p69 1472 2
63 254820 m1 682002 0 0.5 p69 1472 3
95 255099 m61 48433 -0.00843334943 0.5 p69 1473 2
119 255113 m1 496606 0 0.5 p69 1473 2
78 255358 m1 824295 0 0.5 p69 1474 1
99 255362 m1 357206 0 0.5 p69 1474 2
98 255611 m1 237439 0 0.5 p69 1475 2
110 255861 m1 805838 0 0.5 p69 1476 1
75 256101 m2 468328 0 0.5 p69 1477 3
116 256883 m1 434305 0 0.5 p69 1480 3
62 256885 m1 636296 0 0.5 p69 1480 3
11 257436 m1 97355 0 0.5 p69 1482 2
61 257951 m1 279570 0 0.5 p69 1484 3
159 257953 m1 774780 0 0.5 p69 1484 1
76 258211 m2 475562 0 0.5 p69 1485 1
100 258458 m2 511437 0 0.5 p69 1486 2
64 258459 m1 764967 0 0.5 p69 1486 3
118 258464 m1 108022 0 0.5 p69 1486 1
65 258733 m1 768831 0 0.5 p69 1487 3
84 258746 m1 683005 0 0.5 p69 1487 2
143 259020 m1 691440 0 0.5 p69 1488 1
155 259025 m80 720478 5.18121924e-05 0.5 p69 1488 1
79 259031 m1 216182 0 0.5 p69 1488 2
140 259282 m2 536957 0 0.5 p69 1489 1
80 259537 m2 247980 0 0.5 p69 1490 2
113 259809 m1 150842 0 0.5 p69 1491 2
111 259810 m1 8592 0 0.5 p69 1491 2
153 260053 m1 831714 0 0.5 p69 1492 1
157 260578 m1 551646 0 0.5 p69 1494 1
154 260850 m80 476253 0.00284260861 0.5 p69 1495 1
151 260865 m1 27993 0 0.5 p69 1495 1
121 261122 m1 506844 0 0.5 p69 1496 1
83 261398 m1 561825 0 0.5 p69 1497 2
77 261628 m1 484825 0 0.5 p69 1498 1
158 261630 m81 715091 -0.000887065253 0.5 p69 1498 1
123 261632 m1 150699 0 0.5 p69 1498 1
150 261896 m81 396441 -0.000921377621 0.5 p69 1499 1
152 262140 m1 750304 0 0.5 p69 1500 1
156 262142 m1 440819 0 0.5 p69 1500 1
Genomes:
p69:0 A 0 1 2 3 4 5 6 7 8 9 10 11 12 13 14 15 16 17 18 19 20 21 22 23 24 25 26 27 28 29 30 31 32 33 34 35 36 37 38 39 40 41 42 43 44 45 46 47 48 49 50 51 52 53 54 55 56 57 58 59
p69:1 A 0 1 2 3 4 5 6 7 8 9 10 12 13 14 15 16 17 60 18 19 61 20 21 22 23 24 25 26 27 28 29 30 31 32 33 34 35 36 37 38 39 40 41 42 62 43 44 45 46 63 47 48 49 50 51 52 53 64 54 65 55 56 66 57 58 59 67
p69:2 A 68 0 2 69 3 4 5 6 70 8 71 72 13 14 73 15 16 17 18 19 20 74 22 23 24 25 26 27 28 30 31 32 33 34 35 75 36 76 37 77 39 41 42 43 44 45 46 47 48 49 50 51 52 53 54 55 56 57 78 58 59 67
p69:3 A 0 2 3 4 5 6 7 8 9 13 14 79 15 16 17 80 18 19 20 22 23 24 25 26 27 28 29 30 31 32 33 34 81 35 36 37 39 82 83 41 42 43 44 45 46 84 47 48 49 50 85 86 51 52 87 53 54 55 56 57 88 58 59 67
p69:4 A 0 2 3 4 5 6 7 8 9 13 89 14 90 15 16 17 18 19 20 22 23 24 25 26 27 28 91 29 30 31 32 33 34 35 36 37 39 41 42 43 44 45 46 47 48 92 49 50 51 52 53 54 55 56 57 58 59 67
p69:5 A 0 2 93 3 4 5 6 94 7 95 8 9 13 96 14 97 15 16 98 17 18 19 20 22 23 24 25 26 99 27 28 29 30 31 32 33 34 35 36 37 100 39 41 42 43 44 45 46 47 48 49 50 51 52 53 54 55 56 57 58 59 67
p69:6 A 0 2 3 4 5 6 7 8 9 13 96 14 15 16 17 18 19 20 22 23 24 25 26 27 28 30 31 32 33 34 35 36 101 37 39 102 103 104 42 105 106 44 45 107 108 46 48 49 50 109 53 54 55 56 110 57 88 58 59 67
p69:7 A 0 111 2 3 4 5 6 7 8 9 112 13 14 113 15 114 16 17 18 19 20 22 23 24 25 26 27 28 115 29 30 31 32 33 34 116 35 36 37 117 39 41 42 43 44 45 46 47 48 49 50 51 52 53 54 55 56 57 58 59 67
p69:8 A 68 0 2 69 3 4 5 6 70 8 118 71 72 13 14 73 15 16 17 18 19 20 74 22 23 24 25 26 27 28 30 31 32 33 34 35 75 36 37 119 39 41 42 120 43 44 45 46 47 48 49 50 51 52 87 53 54 55 56 57 88 58 59 67
p69:9 A 0 1 2 3 4 5 6 7 8 9 10 12 13 14 15 16 17 60 18 19 61 20 21 22 23 24 25 26 27 28 29 30 31 32 33 34 35 36 37 38 39 40 41 42 62 43 44 45 46 63 47 48 49 50 51 52 53 64 54 65 55 56 66 57 58 59 67
p69:10 A 0 2 3 4 5 6 7 8 9 13 89 14 90 15 16 17 18 19 20 22 23 24 25 26 27 28 91 29 30 31 32 33 34 35 36 37 121 39 41 42 43 44 45 46 47 48 92 49 50 51 52 53 54 55 56 57 58 59 67
p69:11 A 0 1 2 3 4 5 6 7 8 9 12 13 122 14 123 124 17 125 126 20 127 128 23 24 25 129 130 27 131 132 133 134 135 136 137 30 35 138 37 139 39 140 103 104 42 141 106 44 45 107 46 142 143 48 49 50 109 53 144 145 146 147 57 148 58 149 59 67
p69:12 A 0 2 93 3 4 5 6 94 7 95 8 9 13 96 14 97 15 16 98 17 18 19 20 22 23 24 25 26 99 27 28 150 29 30 31 32 33 34 35 36 37 100 39 41 42 43 44 45 46 47 48 49 50 51 52 53 54 55 56 57 58 59 67
p69:13 A 0 111 2 3 4 5 6 151 7 8 9 112 13 14 113 15 114 16 17 18 19 20 22 23 24 25 26 27 28 115 29 30 31 32 33 34 116 35 36 37 117 39 41 42 43 44 45 46 47 48 49 50 51 152 52 53 54 55 56 57 58 59 67
p69:14 A 0 1 2 3 4 5 6 7 8 9 10 11 12 13 14 15 16 17 18 19 20 21 22 23 24 25 26 27 28 29 30 31 32 33 34 35 36 37 38 39 40 41 42 43 44 45 46 47 48 49 50 51 52 53 54 55 56 57 153 58 59 67
p69:15 A 0 2 3 4 5 6 7 8 9 112 13 14 15 114 16 17 18 19 20 22 23 24 25 26 27 28 115 29 30 31 32 33 34 116 35 36 154 37 117 39 41 42 43 44 45 46 47 48 49 155 50 51 52 53 54 55 56 57 58 59
p69:16 A 0 1 2 3 4 5 6 7 8 9 10 12 13 14 15 16 17 60 18 19 61 20 21 22 23 24 25 26 27 28 29 30 31 32 33 34 35 36 37 38 39 40 41 42 62 43 44 45 46 63 47 48 49 50 51 52 53 64 54 65 55 56 66 57 58 59 67
p69:17 A 0 2 3 4 5 6 7 8 9 13 14 79 15 16 17 80 18 19 20 22 23 24 25 26 27 28 29 30 31 32 33 34 81 35 36 37 39 82 83 41 42 43 44 45 46 84 47 48 49 50 85 86 51 52 87 53 54 55 56 57 88 58 59 67
p69:18 A 0 1 2 3 4 5 6 7 8 9 10 12 13 14 15 16 17 18 19 20 21 22 23 24 25 26 27 28 29 30 31 32 33 34 35 36 37 38 39 40 41 42 43 44 45 46 47 48 49 50 51 52 53 54 55 56 57 58 59 67
p69:19 A 68 0 2 69 3 4 5 6 70 8 71 72 13 14 73 15 16 17 18 19 20 74 22 23 24 25 26 27 28 30 31 32 33 34 156 35 75 36 37 119 39 157 41 42 120 43 44 45 46 47 48 49 158 50 51 52 87 53 54 55 159 56 57 88 58 59 67
