//
segsites: 125
positions: 0.0006729412 0.0064011765 0.0102458824 0.0114129412 0.0139682353 0.0194764706 0.0223011765 0.0251105882 0.0274941176 0.0320341176 0.0366376471 0.0392070588 0.0569800000 0.0775541176 0.0843752941 0.1107717647 0.1145352941 0.1193247059 0.1367247059 0.1450647059 0.1453847059 0.1529964706 0.1579588235 0.1621494118 0.1679482353 0.1692505882 0.1759411765 0.1854094118 0.1866094118 0.2302964706 0.2432658824 0.2540517647 0.2543317647 0.2565141176 0.2676847059 0.2749211765 0.2754458824 0.2793400000 0.2885741176 0.2902270588 0.2917411765 0.3059694118 0.3152176471 0.3186411765 0.3289058824 0.3321811765 0.3337141176 0.3392705882 0.3545117647 0.3630294118 0.3648070588 0.3652576471 0.3718317647 0.3865223529 0.3920600000 0.4066200000 0.4071341176 0.4202423529 0.4222517647 0.4331011765 0.4374400000 0.4516200000 0.4731317647 0.4798835294 0.4804647059 0.4908247059 0.4937058824 0.4952117647 0.5109470588 0.5119329412 0.5126188235 0.5353447059 0.5398976471 0.5411117647 0.5523894118 0.5648035294 0.5652376471 0.5886011765 0.6259988235 0.6500200000 0.6527835294 0.6609705882 0.6889552941 0.6938105882 0.7040211765 0.7060682353 0.7190141176 0.7191729412 0.7485835294 0.7518870588 0.7562011765 0.7656247059 0.7735482353 0.7848952941 0.7942941176 0.8023552941 0.8035352941 0.8143117647 0.8181164706 0.8280317647 0.8314788235 0.8357682353 0.8549800000 0.8558388235 0.8573517647 0.8645329412 0.8679494118 0.8776482353 0.8789588235 0.8842352941 0.8863600000 0.8927776471 0.8999611765 0.9004211765 0.9045070588 0.9071105882 0.9218447059 0.9481552941 0.9550694118 0.9636905882 0.9671870588 0.9784870588 0.9794047059 0.9970705882 0.9998376471
01010111100101100001001000100010010010100110010001011011101110111111000100110010000011000010111001110110010101010101100100111
01110111100101110101000001100000010010110110111001011010101100111111000100110111000011001010111101100110000101011111101100111
01010111100101100001001000100010010010100110010001011011101110111111000100110010000011000010111001110110010101010101100100111
11010111110101100011000000100000011010100110010001011010101101111111100100111010000011000010111001100110000101010101100100110
01010111100101100001001000100010010010100110010001011011101110111111000100110010000011000010111001110110010101010101100100111
01010111100101100001001000100010010010100110010001011011101110111111000100110010000011000010111001110110010101010101100100111
01010111100101100011000000100000011010100110010001011010101101111111100100111010000011000010111001100110000111010101100100110
01110111100101111101000000100000011010100110010001011010101101111111100100111010000011000110111001100110000101010101100100110
01010111100101100001010000100000110010101110010001011010101100111111010100110010110011000010111011100111100101110101100110111
01010111100101100001000000110000010010100111010111011010101100011111000100110010000011010010111001101110001101110101100110111
01011111101111100001100000101100010011100110010001011010111100111111000100110010000011000010111001100110000101010101100100111
01110111100101100101000100100000010010100110010001111010101100111111001101110010000111100010111001100110000101010101110100111
01110111100101100101000110100000010010100110010001111010101100111111001101110010000011000010111001100110000101010101110100111
01010111100101100011000000100000011010100110010001011010101101111111100100111010000011000010111001100110000101010101100100110
01010111100101100011000000100000011110100110010001011010101101111111100110111010001011000110111001100110000101010101100100110
01011111101111100001100000101100010011100110010001011110111100111111000100110010000011000010111001100110000101010101100100111
01011111101111100001100000101100010011100110010001011010111100111111000100110010000011000010111001100110000101010101100100111
01010111100101100011000000100000011010100110010001011010101101111111100100111010001011000110111001100110000101010101100100110
01110111100101110101000000100001010010100110011001011010101100111111000100110111000011000010111001100110000101010101100100111
01110111100101111101000000100000010010100110011001011010101100111111000100110111000011000011111001100110000101010101100101111
