MS format data for HALO universe script. Recorded at 13:24:19
Start time: 13:24:14

Prophets:
//
segsites: 202
positions: 0.0051682353 0.0140200000 0.0193964706 0.0198929412 0.0262764706 0.0271611765 0.0284600000 0.0432000000 0.0436729412 0.0440517647 0.0465352941 0.0476988235 0.0478952941 0.0485247059 0.0503905882 0.0533352941 0.0556105882 0.0566811765 0.0598588235 0.0612788235 0.0638894118 0.0647011765 0.0684552941 0.0685294118 0.0707141176 0.0728964706 0.0756952941 0.0761529412 0.0764094118 0.0765070588 0.0766941176 0.0785552941 0.0796952941 0.0823152941 0.0853117647 0.0867447059 0.0869729412 0.0897776471 0.0906164706 0.0918458824 0.0929882353 0.0945105882 0.0949423529 0.0958188235 0.0961435294 0.0961670588 0.0966423529 0.0988894118 0.0991329412 0.1039258824 0.1104258824 0.1214682353 0.1476235294 0.1503635294 0.1537270588 0.1580270588 0.1634282353 0.1736011765 0.1836447059 0.1953717647 0.1987376471 0.2047070588 0.2048505882 0.2050082353 0.2114176471 0.2279694118 0.2384741176 0.2517988235 0.2588482353 0.2751929412 0.2901141176 0.3013882353 0.3172682353 0.3177411765 0.3195835294 0.3211200000 0.3246905882 0.3476364706 0.3493023529 0.3494764706 0.3589952941 0.3645070588 0.3913694118 0.4070011765 0.4074705882 0.4089917647 0.4160105882 0.4160717647 0.4219470588 0.4266200000 0.4269447059 0.4276917647 0.4346364706 0.4416670588 0.4431941176 0.4535164706 0.4556305882 0.4561776471 0.4570105882 0.4634482353 0.4649552941 0.4662282353 0.4740729412 0.4797470588 0.4835423529 0.4916364706 0.4965094118 0.4973152941 0.5015388235 0.5095364706 0.5099094118 0.5115352941 0.5153188235 0.5160388235 0.5187635294 0.5215258824 0.5636682353 0.5696529412 0.5791588235 0.5929505882 0.6001800000 0.6218317647 0.6422623529 0.6479847059 0.6480270588 0.6561800000 0.6565376471 0.6574647059 0.6610811765 0.6616658824 0.6668094118 0.6704647059 0.6709917647 0.6790635294 0.6857882353 0.6991435294 0.7051764706 0.7057470588 0.7098047059 0.7191741176 0.7223658824 0.7229964706 0.7242964706 0.7289458824 0.7325317647 0.7367694118 0.7447435294 0.7448117647 0.7500341176 0.7505247059 0.7578341176 0.7752270588 0.7759717647 0.7782164706 0.7859035294 0.7925129412 0.7985282353 0.7990600000 0.8097647059 0.8211882353 0.8320364706 0.8327200000 0.8362741176 0.8375352941 0.8394894118 0.8465223529 0.8509564706 0.8566388235 0.8638647059 0.8639517647 0.8661376471 0.8695741176 0.8715458824 0.8743388235 0.8752188235 0.8753164706 0.8818141176 0.8826176471 0.8975847059 0.8988976471 0.9006258824 0.9011258824 0.9012988235 0.9081647059 0.9111988235 0.9176211765 0.9192152941 0.9225482353 0.9307623529 0.9324988235 0.9346847059 0.9476364706 0.9499200000 0.9520658824 0.9542788235 0.9572376471 0.9670611765 0.9774670588 0.9816623529 0.9922352941 0.9951258824 0.9996270588
0000000000100100010010000011001001000000000000000101001000110000001110100100000010010101101001000000010000000000100010001000000010000000000000000000001000110001100000000001110010010011000000110000100101
1011000010000010001101101100010110101011000001110000001000110010000011100000100011100101110101000000010110000001000011000000101010110000101010000000000000000100001001100110100010010011000000110000011000
1000001111010001000001010100010110011111000010001000011000001010100011100011001011100101110001010000011110000001001010001000000110000100000000000100001000110001100010000001110110010001100110110000010010
1011000010000000001101101100010110101011000001110000000010000000001110100100000010010101101001000110010000000000100010001000000010000000000000000000001000110001100000000001110010010011000000110000100101
1011000010001000001101101100010110101011110001110000001000110010010011100000100011100101110001000000010110000001000010001000000110000100000000000100001001110001100010000001110010010001100111110000010000
1011010010000000001101001100110110001011000101110000101000000001001110110100000110010101101001100000010000001100100010001000000110000100000000100100001000110001100010000001110010010001000110110000010000
1011000010000000001101101100010110101011110001110000001000110010000011100000100011100101110001000000010110000001000010001000000110000100000000000100001000110001100010000001110110010001101110110000010000
1011000010000000001101101100010110101011110001110000001100110010000011101000100011100101110101000000010110000001000011000000101010110000101110000000000000000100001001100110100010010011000000110000011000
1011000010000000001101001100010110001011000101110000001000001010000011100000100011100101110001001000010110100011000110100100011010100010101010010011000000000100010001101100100001101000000000100000000100
1011000010001000001101101100010110101011110001110000001000110010010011100000100011100101110001000000010110000001000010001000000110000100000000000100001000110001100010000001110010010001100110110000010000
1100001111010001000001010100010110001111000010000010001000001010000011100000000011100101110001000000010110000001001010010000000011001001000001000000110110001000000100010001100000000000010000101110010000
1011000010000000001101001100010110001011001101110000001000110010000011100000100011100101110101000000010110000001000011000000101010110000101010000000000000000100001001100110100010010011000000110000011000
1011000010000000101101001100010110001011000101110000001001001010000011100000010011100101110011000001010111000001011010000001000011000001010001001000100010001000000100000001100000000000000110101010010000
1000001111010001000001010100010110001111000010000010001000001010000011100000010011101101110001000000010111000001001010000001000011000001000001000000100010001000000100000001101000000000000110101011000100
0000000000100100010010000011001001000000000000000101001000110100001110100100000010010101101001000000110000000000100010001000000010000000000000000000001000110011100000000001110010010011000000110000100000
1011100010000000001101101100010110101011000001110000000010000000001110100100000010010111101001000100010000010000100010001010000010000000000000000000001000110001100000000001110010010011000000110000100101
1011000010000010001101101100010110101011000001110000001000110010000011100000100011100101110101000000010110000001000011000000101010110000101010000000000000000100001001100110100010010011000000110000011000
1011000010000000001101101100010110101011110001110000001000110010000011100000100011100101110001000000010110000001000010001000000110000100000000000100001000110001100010000001110110010101101110110000010000
0000000000100100010010000011001001000000000000000101001000110000001110100100000010010101101001000000010000000000100010001000000010000000000000000000001000110001100000000001110010010011000000110000100101
1011010010000000001101001100110110001011000101110000101000000001001110110100000110010101101001100000010000001100100010001000000110000100000000100100001000110001100010000001110010010001000110110000010000

Elites:
//
segsites: 198
positions: 0.0032729412 0.0049400000 0.0177658824 0.0231941176 0.0250729412 0.0258529412 0.0307870588 0.0324000000 0.0340000000 0.0378611765 0.0392176471 0.0408694118 0.0415341176 0.0447317647 0.0451905882 0.0473152941 0.0476329412 0.0479211765 0.0480588235 0.0497141176 0.0518482353 0.0530717647 0.0536764706 0.0567752941 0.0589035294 0.0590529412 0.0602482353 0.0627305882 0.0652082353 0.0676435294 0.0680058824 0.0732141176 0.0736505882 0.0785211765 0.0818188235 0.0958917647 0.0986094118 0.0991317647 0.1008388235 0.1016070588 0.1019458824 0.1046894118 0.1097141176 0.1124564706 0.1151211765 0.1152376471 0.1279188235 0.1340294118 0.1374870588 0.1385458824 0.1427717647 0.1519741176 0.1567094118 0.1582905882 0.1614235294 0.1880752941 0.1939705882 0.2054364706 0.2088988235 0.2245964706 0.2252294118 0.2264129412 0.2471411765 0.2541105882 0.2561094118 0.2579400000 0.2595247059 0.2606105882 0.2608223529 0.2617894118 0.2694176471 0.2717188235 0.3021611765 0.3063435294 0.3069882353 0.3160411765 0.3164894118 0.3192105882 0.3244658824 0.3245541176 0.3259188235 0.3370647059 0.3448952941 0.3452423529 0.3454388235 0.3472670588 0.3512023529 0.3561435294 0.3710423529 0.3817658824 0.3832058824 0.3917376471 0.3933788235 0.4208600000 0.4247882353 0.4315117647 0.4443564706 0.4492941176 0.4533329412 0.4544694118 0.4617294118 0.4647152941 0.4656176471 0.4775682353 0.4863941176 0.4898882353 0.4961329412 0.5017011765 0.5049152941 0.5236823529 0.5252423529 0.5272941176 0.5367870588 0.5398023529 0.5417717647 0.5549623529 0.5635047059 0.5717858824 0.5875152941 0.5914576471 0.5983011765 0.6028552941 0.6103988235 0.6174788235 0.6195847059 0.6253364706 0.6329870588 0.6362152941 0.6391094118 0.6451105882 0.6605035294 0.6685517647 0.6696541176 0.6718658824 0.6882105882 0.6940341176 0.6944141176 0.6963858824 0.7135352941 0.7159635294 0.7163011765 0.7212082353 0.7221423529 0.7279623529 0.7282494118 0.7287752941 0.7418470588 0.7500352941 0.7569623529 0.7607411765 0.7646329412 0.7711094118 0.7833388235 0.7934058824 0.7936717647 0.8159247059 0.8350494118 0.8361552941 0.8393294118 0.8449811765 0.8457258824 0.8479658824 0.8480670588 0.8483917647 0.8506129412 0.8548047059 0.8551470588 0.8551552941 0.8556317647 0.8559411765 0.8600564706 0.8622494118 0.8777235294 0.8826870588 0.8868176471 0.8875035294 0.8987094118 0.9013600000 0.9027517647 0.9072200000 0.9076423529 0.9081564706 0.9092105882 0.9123564706 0.9297200000 0.9456952941 0.9504329412 0.9505035294 0.9582752941 0.9708258824 0.9727129412 0.9742882353 0.9770658824 0.9806176471 0.9832388235 0.9835858824 0.9919423529 0.9919788235
000100011000000001111101101010001110111001001001010110110001010111001100110000111010001011110110001011111011011111111111101111011000011101111111010000111111111010111111101100010011010101001010001100
111001100111111110000010010000110000000110110101010110110001100111001100110000111010001011110110001011111111011111011011100111011000011101111111010000111111011010111111101100010011010100001100010001
000110011000000001111101101010001110111001001001010110110011000111001100110000111010111011110100001011111011011111011011110111010000011101111111010000111111011010101111101100010001010101011001000000
111001100111111110000010010000110000000110110101010110110001000111001101110000111010001011110110001011111111011111011011100111011000011101111111010000111111011010111111101100010011010100001100010001
000100011000000001111101101011001110111001001011010110110011000111001100110001111010011011110100001011111011011111011011110111110000011111111111010000111111011010101111101101010101010101011001000000
000100011000000001111101101011001110111001001011010110110011000111001100110000111010011011110100001011111011111111011011110111010000011101111111010000111111011010101111101101011001010101011001000000
111001100111111110000010010000110000000110110101111110110001001111001100110000111010001111111110001011111011011111011011100111011000111101111111010000111111011010111111101100010011010100001100010001
111001100111111110000010010000110000000110110101110110110101000111011100110000111010001011110101111011111011011111011011100111010100011101111111010000111111011010101111101110110001011101011001100000
000100011000000001111101101011001110111001001011010110110011000111001100110000111010011011110100001011111011011111011011110111010000011101111111010000111111011010101111101101010001010101011000000000
000100011000000001111101101010001110111001001001010110110001000111001100110000111010001011110110001011111011011111011011100111011000011101111111010100111111011011111111101100010011010101001001000010
000100011000000001111101101011001110111001001011010110110011000111001100110000111010011011110100001011111011011111011011110111010000011101111111010000111111011010101111101101010001010101011000000000
111001100111111110000010010000110000000110110101111110110001001111001100110000111010001111111110001011111011011111011011100111011000111101111111010000111111011010111111101100010011010100001100010001
000100011000000001111101101110001110111001001001010110110001000111001100111010111110001011110110001011111011011111011011100111011000011101111111010010111111011010111111101100010011010100001010001100
111001100111111110000010010000110000000110110101010110110001000111001100110010111110001011110110001011111011011111011011100111011000011101111111010000111111011010111111101100010011010100001010001100
111001100111111110000010010000110000000110110101010111110001000111101100110000111010001011110101001011111011011111011011100111010011011101111111011000111111011110101111101110110001010111111000000000
111001100111111110000010010000110001000110110101010111110001000111101110110000111010001011110101001111111011011111011011100111010010011101111111111000111111011110101111101110110001010111111000000000
111001100111111110000010010000110000000110110101010110111001001111001100110100111010001011111110001011111011011111011011100111011000011101111111010001111111011010111111101100010011010100001100010001
111001100111111110000010010000110000000110110101010110110001010111001100110000111010001011110110001011111011011111111111101111011000011101111111010000111111111010111111101100010011110101001010001100
000100011000000001111101101011001110111001001011010110110011000111001100110000111011011011110100001011111011011111011011110111010000011101111111010000111111011010101111101101010001010101011001000000
000100011000000001111101101011001110111001001011010110110011000111001100110001111010011011110100001011111011011111011011110111010000011111111111010000111111011010101111111101010101010101011001000000

Brutes:
//
segsites: 275
positions: 0.0029600000 0.0150764706 0.0177658824 0.0198705882 0.0231941176 0.0318270588 0.0324000000 0.0340000000 0.0370682353 0.0477988235 0.0479211765 0.0480588235 0.0497141176 0.0508223529 0.0518482353 0.0525600000 0.0530717647 0.0567752941 0.0579152941 0.0589035294 0.0602482353 0.0652082353 0.0676435294 0.0734847059 0.0736505882 0.0785211765 0.0818188235 0.0829988235 0.0921729412 0.0986094118 0.0991317647 0.1008388235 0.1046894118 0.1151211765 0.1201505882 0.1247988235 0.1279188235 0.1340294118 0.1385458824 0.1519741176 0.1564270588 0.1567094118 0.1614235294 0.1740435294 0.1756929412 0.1880752941 0.1883835294 0.1902917647 0.1977635294 0.2050705882 0.2088988235 0.2136305882 0.2163988235 0.2166458824 0.2208576471 0.2227058824 0.2245964706 0.2270929412 0.2290600000 0.2311611765 0.2388858824 0.2430035294 0.2449070588 0.2465952941 0.2541105882 0.2545164706 0.2547482353 0.2561094118 0.2579400000 0.2608223529 0.2617894118 0.2652964706 0.2744611765 0.2798705882 0.2897976471 0.3021611765 0.3025364706 0.3031647059 0.3063435294 0.3069411765 0.3079764706 0.3104564706 0.3172823529 0.3217211765 0.3228129412 0.3244658824 0.3245541176 0.3258694118 0.3259188235 0.3260458824 0.3335447059 0.3347741176 0.3415564706 0.3448952941 0.3472670588 0.3503623529 0.3512023529 0.3539611765 0.3626835294 0.3710423529 0.3710658824 0.3711435294 0.3731294118 0.3769705882 0.3800282353 0.3817658824 0.3832058824 0.3857070588 0.3898047059 0.3917376471 0.3981576471 0.4001764706 0.4025400000 0.4208600000 0.4222894118 0.4238129412 0.4369552941 0.4403094118 0.4478141176 0.4478258824 0.4493211765 0.4493741176 0.4533329412 0.4543388235 0.4617294118 0.4646329412 0.4647152941 0.4656176471 0.4706870588 0.4716341176 0.4775682353 0.4823647059 0.4833564706 0.4845494118 0.4863941176 0.4895541176 0.4903164706 0.4959717647 0.4961329412 0.5017011765 0.5038141176 0.5098000000 0.5122223529 0.5160717647 0.5221141176 0.5230270588 0.5236823529 0.5244023529 0.5252423529 0.5253694118 0.5267623529 0.5272941176 0.5341164706 0.5367329412 0.5367870588 0.5385764706 0.5398023529 0.5444788235 0.5518470588 0.5549623529 0.5552211765 0.5635047059 0.5674729412 0.5681105882 0.5755541176 0.5851658824 0.5875152941 0.5914576471 0.5957105882 0.5983011765 0.6028552941 0.6154505882 0.6174788235 0.6176294118 0.6195847059 0.6213741176 0.6222988235 0.6239141176 0.6253364706 0.6306411765 0.6333247059 0.6357164706 0.6362152941 0.6648058824 0.6669270588 0.6718658824 0.6795458824 0.6824388235 0.6853729412 0.6877811765 0.6882105882 0.6883847059 0.6916352941 0.6940341176 0.6963858824 0.7008788235 0.7111623529 0.7135352941 0.7159635294 0.7163011765 0.7212082353 0.7221423529 0.7274082353 0.7279623529 0.7287752941 0.7318094118 0.7351247059 0.7369729412 0.7424505882 0.7593929412 0.7597058824 0.7646329412 0.7652235294 0.7711094118 0.7765600000 0.7769764706 0.7785847059 0.7805752941 0.7833388235 0.7853976471 0.7879435294 0.7890717647 0.7901788235 0.7915270588 0.7934058824 0.7936717647 0.7988564706 0.8025400000 0.8052188235 0.8153458824 0.8159247059 0.8241600000 0.8298152941 0.8348435294 0.8361552941 0.8388258824 0.8393294118 0.8414305882 0.8423176471 0.8457258824 0.8480670588 0.8506129412 0.8533752941 0.8548047059 0.8551470588 0.8551552941 0.8552023529 0.8556317647 0.8585317647 0.8600564706 0.8621423529 0.8622494118 0.8622717647 0.8661717647 0.8753705882 0.8826870588 0.8849552941 0.8875035294 0.8987094118 0.9015611765 0.9072200000 0.9081564706 0.9123564706 0.9135623529 0.9169094118 0.9456952941 0.9505035294 0.9582752941 0.9742882353 0.9750011765 0.9832388235 0.9835858824 0.9878600000 0.9887294118 0.9981305882
01100100110000000000000100000000000100001000110110011000000001001001010000000010000111001001010010010000111011101110000011110011000011100000001000101001001010000100001101011011011001101000001000010111110000100101010100100101111001010011110011010111000100101100000100010011001
00010000000111011010100000010010011001110110110110011000000001001001010000000010000111001001010010010000111011101101000011110011000011100000001000101001001010000100001101001011011001101000001000010111110000100101010100100101111001010011110011010111000100101100000100010011001
01100100110000000000000100000000000100001000110110011000000001001001010000000010000111001001010010010000111011101110010011110011000011100000001000101001001010000100001101011011011001101000001000010111110000100101010100100101111101010011110011010111000100101100000100010011001
00010000000111011010100000010010011001110110011010000111011110110010000011101001111000010100000101101101000100010000100100000100110100011000100011010110110101000010110010000100100110010011010110000000001001010010101010010010000010001100001000100000101011000001000010010011101
00010000000111001010100000010010011001110110011001000111011110110010000011101001111000010100000101101101000100010000100100000100110100001000100011010110110101100000110010000100100110010011010110000000001001010010101011010010000010000100001000100000101011000001000010010011001
00010000000111001010100000010010011001110110011001000111011110110010000011101001111000010100000101101101000100010000100100000100110100001100100011010110110101100000110010000100100110010011010110000000001001010010101010010010000010000100001000100000101011000001000010010011001
00010000000111001010100000010010011001110110011001000111011110110010000011101001111000010100000101101101000100010000100100000100110100001000100011010110110101100000110010000100100110010011010110000000001001010010101011011010000010000100001000100000101011000001000010010011001
00010000000111001010100000010010011001110110011001000111011110110010000011101001111000010100000101101101000100010000100100000100110100001000100011010110110101100000110010000100100110010011010110000000001001010010101010010010000010000100001000100000101011000001000010010011011
00010000000111001010100000011010011001110110011001000111011110110010000011101001111000010100100101101111000100010000101100000100110100001000110011010110110101100001110010000100100110010011010110001000001001011010101010010010000010000100001000100000101011000001000000010011001
01100100110000000000000100000000000100001000110110011000000001001001010100000010000111001001010010010000111011101100000011110011000011100000001100101001001010000100001101001011011001101000001000010111110000100101010100100101111001010011110011010111000100101100000100010011001
00010000000111001010100000010010011001110110011001000111011110110010000011101001111000010100000101101101000100010000100100000100110100001000100011010110110101100000110010000100100110010011010110000000001001010010101011010010000010000100001000100000101011000001000010010011001
00010000000111011010100000010010011001110110011010000111011110110010000011101001111000010100000101101101000100010000100100000100110100011000100011010110110101000010110010000100100110010011010110000000001001010010101010010010000010001100001000100000101011000001000010010011101
00010000000111001010100000010010011001110110011001000111011110110010000011101001111000010100000101101101000100010000100100000100110100001000100011010110110101100000110010000100100110010011010110000000001001010010101010010010000010000100001000100000101011000001000010010011001
00010000000111001010100000010010011001110111110110011000000001001101010000000010000111001001010010010000111011101110000011110011000011100000001000101001001010001100001101001011011001101000001000010111110000100101010100100101111001010011110011010111000100101100000100010011001
00010000000111001010100000010010011001110111110110011000000001001101010000000010000111001001010010010000111011101110000011110011000011100000001000101001001010001100001101001011011001101000001000010111110000100101010100100101111001010011110011010111000100101100000100010011001
00010000000111001010100000010010011001110110011001000111011110110010000011101001111000010100000101101101000100010000100100000100110100001000100011010110110101100000110010000100100110010011110110000000001001010010101010010010000010000100001000100000101011000001000010010111101
00010000000111001010100000010010011100001000110110011000000001001001010000000110000111001011010010010000111011101100000011110011000011100000001000101001001010000100001101001011011001101000001000010111110000100101010100100101111001010011110011010111000100101100000100010011001
00001011001110101101111011100111110011110110010000100000100000001001111000010010000001101000011010010000011001000100000000101011001000100011000000101001001010010100001101101010001000100100001001100111110110000001010000100000110000100010100111011101010100010110111001111000000
00010000000111001010100000010010011001110110011001000111011110110010000011101001111000010100000101101101000100010000100100000100110100001000100011010110110101100000110010000100100110010011010110000000001001010010101010010010000010000100001000100000101011000001000010010111101
11100100110000000000000100000000000100001000110110011000000001001001010000000010000111001001010010010000111011101110010011110011000011100000001000101001001010000100001101011011011001101000001000010111110000100101010100100101111001010011110011010111000100101100000100010011001

Jackals:
//
segsites: 223
positions: 0.0017635294 0.0046658824 0.0052117647 0.0101741176 0.0117941176 0.0149800000 0.0187541176 0.0208517647 0.0245470588 0.0265329412 0.0309941176 0.0320835294 0.0416952941 0.0444223529 0.0480282353 0.0535270588 0.0583552941 0.0668694118 0.0787411765 0.0860941176 0.0932541176 0.0966541176 0.0996294118 0.1038705882 0.1064082353 0.1173835294 0.1217552941 0.1235894118 0.1265035294 0.1348694118 0.1408752941 0.1449023529 0.1466364706 0.1677094118 0.1687364706 0.1694588235 0.1792647059 0.1792964706 0.1818388235 0.1827729412 0.1866470588 0.1887200000 0.1964588235 0.1986023529 0.2063035294 0.2097035294 0.2234870588 0.2243658824 0.2274470588 0.2290870588 0.2383905882 0.2411670588 0.2533800000 0.2574011765 0.2598023529 0.2644870588 0.2664070588 0.2794164706 0.2805423529 0.2807894118 0.2878964706 0.2906235294 0.2969564706 0.3039905882 0.3153835294 0.3172070588 0.3292611765 0.3349447059 0.3350494118 0.3505270588 0.3537294118 0.3617094118 0.3645188235 0.3656470588 0.3662505882 0.3731729412 0.3748305882 0.3932482353 0.3974988235 0.4041176471 0.4067658824 0.4069917647 0.4083541176 0.4172152941 0.4222576471 0.4331847059 0.4393070588 0.4421447059 0.4440517647 0.4449317647 0.4544035294 0.4665752941 0.4679635294 0.4688341176 0.4701129412 0.4743600000 0.4843470588 0.4999141176 0.5027305882 0.5029447059 0.5053282353 0.5054223529 0.5099200000 0.5289552941 0.5324647059 0.5414023529 0.5428447059 0.5431070588 0.5472600000 0.5535129412 0.5586000000 0.5601082353 0.5614329412 0.5615600000 0.5619235294 0.5725505882 0.5732964706 0.5763517647 0.5775552941 0.5781776471 0.5852305882 0.5895541176 0.5918976471 0.5984000000 0.6010764706 0.6044988235 0.6073505882 0.6176011765 0.6283188235 0.6286364706 0.6323458824 0.6327729412 0.6366200000 0.6402435294 0.6495117647 0.6498600000 0.6504741176 0.6552800000 0.6682941176 0.6685458824 0.6755129412 0.6780611765 0.6800223529 0.6812670588 0.6849552941 0.6854211765 0.6974941176 0.7011717647 0.7016000000 0.7019058824 0.7054917647 0.7104705882 0.7284352941 0.7343811765 0.7351352941 0.7363682353 0.7372117647 0.7420352941 0.7537611765 0.7538329412 0.7630905882 0.7770505882 0.7798823529 0.7855729412 0.7862847059 0.7871035294 0.7987941176 0.8129988235 0.8211352941 0.8225164706 0.8300647059 0.8336447059 0.8337988235 0.8362858824 0.8367741176 0.8499035294 0.8514188235 0.8540094118 0.8777141176 0.8842082353 0.8922976471 0.8953000000 0.9071282353 0.9074870588 0.9091070588 0.9102129412 0.9128117647 0.9147894118 0.9170517647 0.9187670588 0.9206364706 0.9208964706 0.9219729412 0.9244364706 0.9273764706 0.9277070588 0.9279094118 0.9297094118 0.9310035294 0.9347529412 0.9349447059 0.9413882353 0.9450282353 0.9479329412 0.9481223529 0.9492705882 0.9502552941 0.9580870588 0.9625435294 0.9625458824 0.9630000000 0.9657882353 0.9661894118 0.9666870588 0.9686235294 0.9706117647 0.9715047059 0.9727470588 0.9780117647 0.9840941176 0.9948870588 0.9952011765 0.9985717647
0000000110111110010111000110000110000001000000111101010100001001100100101010010000010000110010100100110001100011000010100001100000010000111001000010001101010001001010100110000101100110100000110011111100011100010000100110110
0100000001000000100000111000010110000000000110101101000001000001110111001011010000000000000100001001001010011100011010000100001010110010010000101010000000001001011001001110000101110001000100101111010000011110100100000010000
0100000001000000100000111000010110000000000110101101000001000001110111001011010100000000000100001001001010011100011010000100001010110010010000101010000000001001011001001110000101110001000100101111010000011110100010001010000
1100000001000000100000111000000110000000000110101101001001000001100111001011010000000000000100001001001010011100011010000100011110110010010000101010000000001001011001001110001101110001000100101111010000011110100010000010000
0100001001000000100000111000000110000000101000101101100001010001100111001011010001000011001100001001001010011100111011001100001010010010010000001010000010001101011001000110000101110001010100101111010000011110010000000010000
0000100110011011010100000101000000010001000000101101000001100001100111001011110010000000000100001001001010011100011110000100001011010010010000101010000000001001011001000111010101110001000110101111010000011110100100000010000
0000000110111110010111000110001001010000000001101101000000000011100100011110010000110000000010010100000101000001000010010001000000010000111010000011001100000011001000000110000101110010000000100011111101011101010001000010000
0000000110111110010111000110001010100000001000101101000010000101100110001011010000000000000100001001001010001100010010000010001010011000010000001010000000000001001000000110000101110001000100101111010000011110100010001010000
0101000001000000101000111000000110001010001000101111000010000101100110001011010000000000000100001001001010001100010010000010001010011000010000001010100000000001001000010110000101110010000000100011111100111100010000000010110
0100000001000000100000111000010110000000000110101101000001000001110111001011010100000000000100001001001010011100011010000100001010110010010000101010000000001001011001001110000101110001000100101111010000011110100010001010000
0100000001000000100000111000000010000000000000111101010100001001101100101010010000010000110010000100110001100011000010100001000000010001111001000010001101010001101010100110000101100010100000110011111100011100010000100110000
0100000001000000100000111000000110000100000000101101000000000001100110001011011000000000000100001001001010001100010010000000001010010000010100011010010000100001001100000110000101110010001000100011111110011110101100000011000
0100000001000000100000111000000010000000000000101101000001010001100111001011010000000000000100001001001010011100111010001100001010010010010000001110000000001001011001000110100101110001010100101111010000011100010000110110000
0100000001000000100000111000010110000000000000101101000001010001100111001011010000000100000100001001001010011100111010001100001010010110010000001110000000001001011001000110100111110001010101101111010000011100010000100110000
0101000001000000101000111000000110001010001000101111000010000101100110001011010000000000000100001001001010001100010010000010001010011000010000001010100000000001001000010110000101110010000000100011111100111100010000000010110
0010100110011011010100000101100000010001010000101101000000000001100110001011010000001000000100001011001010001100010010000000001010010000010100001010000000000001001000000110000101110010001000100011111100011110010000000010000
0101010001000000101000111000000010000000000110101101000001000001100111001011010000000000000101001001001010011100111010001100001010010010010000001110000000001001011001000110100101110001010100101111010000011100010000110110001
0010100110011011010100000101100000010001010000101101000000000001100110001011010000001000000100001011001010001100010010000000001010010000010100001010000000000001001000000110000101110010001000100011111100011110010000000010000
0010100110011011010100000101100000010001010000101101000000000001100110001011010000001000000100001011001010001100010010000000001010010000010100001010000000000001001000000110000101110010001000100011111100011110010000000010000
0000100110011011010100000101000000010001000000101101000001100001100111001011110010000000000100001001001010011100011110000100001011010010010000101010000000001001011001000111010101111001000100101111010000011110100100000010000

Grunts:
//
segsites: 157
positions: 0.0046658824 0.0054717647 0.0114835294 0.0165258824 0.0260870588 0.0265329412 0.0272917647 0.0328494118 0.0485247059 0.0583552941 0.0812517647 0.0844600000 0.0960058824 0.0996294118 0.1038705882 0.1046988235 0.1064082353 0.1109317647 0.1184717647 0.1331247059 0.1372117647 0.1405247059 0.1466364706 0.1849105882 0.1851082353 0.1990482353 0.2038964706 0.2097352941 0.2211894118 0.2234870588 0.2274470588 0.2281282353 0.2290870588 0.2385129412 0.2408564706 0.2411670588 0.2569164706 0.2802141176 0.2850305882 0.3039905882 0.3153835294 0.3228529412 0.3279164706 0.3295988235 0.3349447059 0.3350494118 0.3368800000 0.3370694118 0.3411611765 0.3587423529 0.3643658824 0.3645188235 0.3662505882 0.3731729412 0.3738894118 0.3932482353 0.4114788235 0.4119870588 0.4172364706 0.4183482353 0.4421117647 0.4497870588 0.4665752941 0.4843470588 0.4859223529 0.5029447059 0.5045364706 0.5050541176 0.5099200000 0.5209200000 0.5252635294 0.5318729412 0.5324647059 0.5341811765 0.5472600000 0.5505682353 0.5510352941 0.5523423529 0.5535129412 0.5615600000 0.5729011765 0.5732964706 0.5788776471 0.5806211765 0.6073505882 0.6085141176 0.6178011765 0.6210717647 0.6283188235 0.6327729412 0.6552800000 0.6580658824 0.6677223529 0.6685458824 0.6825341176 0.6849552941 0.6974941176 0.7165129412 0.7167611765 0.7174964706 0.7220494118 0.7264235294 0.7266576471 0.7364011765 0.7365529412 0.7528152941 0.7538329412 0.7647552941 0.7783023529 0.7798823529 0.7849776471 0.8007223529 0.8074105882 0.8096176471 0.8200529412 0.8219223529 0.8225164706 0.8241635294 0.8300647059 0.8499035294 0.8540094118 0.8580658824 0.8642200000 0.8729623529 0.8740705882 0.8774458824 0.8777141176 0.8842082353 0.8896858824 0.8924788235 0.8999529412 0.9071282353 0.9118482353 0.9128117647 0.9157917647 0.9206364706 0.9273764706 0.9277070588 0.9279094118 0.9297094118 0.9310035294 0.9313588235 0.9347529412 0.9458188235 0.9468000000 0.9479329412 0.9481223529 0.9492705882 0.9502552941 0.9523623529 0.9587964706 0.9625458824 0.9695752941 0.9702117647 0.9780117647 0.9884717647 0.9972082353
0100100010011000011010000111100001100010000000111000001010101100100001110000100010110110000100100110011001001000010001000010000000001000000001011000000000011
0100100010011000011010000111100001100010000000111000001010101100100001110000100010110110000100100110011011001000100001000110000000001000000001011000000000011
0100100010011000011010000101100100000010001000111000001000011100101001100000100010110000000010000010010000000001001001000010100000101000000001011000000000010
0100100010011000011010000111100001100010000000111000001010101100100001110000100010110110000100100110011011001000100001000110000000001000000001011000000000011
0000101010111001001000011101100100000010001000111000001000011100101001100000100010110000000010000010010000000001000001000011100001101000000001011000000000011
0100100010111001001000011101100100000110000100111000001010101100100001110000100010110010000100100010011001011000000001000010000000101000000001011000000000010
0000101010111001001000011101100100001010010000111100001000011100101001100001100010110000000010000010010100000000000101000000010000001000000000001000001001010
0001101010111001001000011101100100000010001000111000001000011100101001100000100010110000000010000010010000000001001001000010100000101000000001011000000000010
0100100010011000011011000101100000100010000000111000001010001100100001100000100010110010000000000011110001000000000001000010000000001000000001011000000000011
0000101010111001001000011101100100000010001000111000001000011100101001100000100010110001000010000010010000000001000001000010100000101000000001011000010000010
0100100010011000011010000101100000100010000000111000001010001100100001100000100010110010000000000011110001000000000001000010000000001000000001011000000000011
0100100010011000011011000111100001100010000000111000001010101100100001110000100010110110000100100110011001001010000001000010000000001000000001011000000010010
0010101110111001001100011101100100001010000000111100001000011100101101100001100010110000000010000010010100000000000101000000010000001010000000001000001001010
1000010001000110100000100000011010010001100011000001110100000011010010001010001101001000111001011000000000100100000010111000001100010101111110100111100100100
0100100010011000011011000111100001100010000000111000001010101100100001110000100010110110000100100110011001001010000001000010000000001000000001011000000010010
0100100010011000011010000101100000100010000000111010001011001100100001100000110010110010000000000011110001000000000001000010000000001000000001011000000000010
0001101010111001001000011101100100000010001000111000001000011100101001100000100010110000000010000010010000000001001001000010100000101000000001011000000000010
0100100010011000011010000101100000100010000000111000001010001100100001100000100010110010000000000011110001000000000001000010000010001000000001011000000000011
0001101010111001001000011101100100000010001000111000001000011100101001100100100010110000000010000010010000000001001001000010100000101000000001011000000000010
0010101110111001001100011101100100001010000000111100001000011100101001100001100010110000000010000010010100000000000101000000010000001000000000001000001001010

Humans:
//
segsites: 368
positions: 0.0097294118 0.0138000000 0.0140894118 0.0169658824 0.0179094118 0.0199200000 0.0216305882 0.0264894118 0.0278941176 0.0290117647 0.0292929412 0.0317282353 0.0325764706 0.0385952941 0.0445117647 0.0452576471 0.0454882353 0.0457717647 0.0476200000 0.0482976471 0.0483447059 0.0507988235 0.0508223529 0.0510623529 0.0527341176 0.0539235294 0.0540023529 0.0541447059 0.0566058824 0.0570082353 0.0619529412 0.0621352941 0.0621717647 0.0647400000 0.0657717647 0.0666811765 0.0679329412 0.0680023529 0.0700411765 0.0709682353 0.0712000000 0.0712305882 0.0736305882 0.0741552941 0.0749552941 0.0758294118 0.0769070588 0.0779247059 0.0787470588 0.0791600000 0.0792576471 0.0804470588 0.0814176471 0.0820694118 0.0821494118 0.0836482353 0.0847200000 0.0854364706 0.0897552941 0.0901294118 0.0905670588 0.0910176471 0.0926800000 0.0927270588 0.0933070588 0.0939329412 0.0949964706 0.0956576471 0.0957376471 0.0960717647 0.0962647059 0.0964764706 0.0981047059 0.1000823529 0.1016882353 0.1020870588 0.1024105882 0.1041435294 0.1043211765 0.1045905882 0.1046400000 0.1066800000 0.1070529412 0.1078552941 0.1079752941 0.1096482353 0.1096764706 0.1101941176 0.1102329412 0.1112082353 0.1124752941 0.1129152941 0.1129800000 0.1130247059 0.1155058824 0.1156564706 0.1158235294 0.1160658824 0.1162305882 0.1163929412 0.1168564706 0.1193341176 0.1222388235 0.1269576471 0.1311505882 0.1331741176 0.1392188235 0.1414270588 0.1441376471 0.1443717647 0.1571717647 0.1588129412 0.1604035294 0.1682058824 0.1706811765 0.1710823529 0.1736964706 0.1743847059 0.1855552941 0.1865752941 0.1875376471 0.1995729412 0.1998105882 0.2145811765 0.2295835294 0.2397447059 0.2418929412 0.2419694118 0.2481858824 0.2485611765 0.2492576471 0.2531211765 0.2571752941 0.2583423529 0.2633411765 0.2646270588 0.2665847059 0.2702094118 0.2734435294 0.2851647059 0.2874541176 0.2941094118 0.2998341176 0.3068388235 0.3069800000 0.3117647059 0.3145705882 0.3173364706 0.3175294118 0.3228694118 0.3257976471 0.3286164706 0.3293117647 0.3323941176 0.3417117647 0.3441929412 0.3458105882 0.3483047059 0.3504317647 0.3539941176 0.3576623529 0.3586529412 0.3673600000 0.3692505882 0.3742305882 0.3765905882 0.3798764706 0.3807035294 0.3959164706 0.4101094118 0.4153952941 0.4153976471 0.4176847059 0.4176929412 0.4252776471 0.4269258824 0.4300929412 0.4314658824 0.4323870588 0.4357894118 0.4368482353 0.4372188235 0.4410682353 0.4412800000 0.4429470588 0.4453917647 0.4455952941 0.4489552941 0.4522058824 0.4524388235 0.4528917647 0.4548352941 0.4563364706 0.4606129412 0.4631164706 0.4638094118 0.4657623529 0.4700023529 0.4719541176 0.4755541176 0.4772270588 0.4781352941 0.4790811765 0.4865941176 0.4869282353 0.4874258824 0.4885564706 0.4931552941 0.5000270588 0.5022600000 0.5026141176 0.5034482353 0.5052658824 0.5061305882 0.5105788235 0.5185094118 0.5187588235 0.5200341176 0.5213800000 0.5218058824 0.5225741176 0.5226294118 0.5285870588 0.5292223529 0.5300835294 0.5302023529 0.5302341176 0.5348000000 0.5355094118 0.5446611765 0.5482376471 0.5533200000 0.5563047059 0.5578482353 0.5632870588 0.5663258824 0.5682058824 0.5687447059 0.5689235294 0.5693188235 0.5700117647 0.5721870588 0.5734058824 0.5748611765 0.5754752941 0.5778894118 0.5813623529 0.5823176471 0.5843635294 0.5862282353 0.5865658824 0.5884211765 0.6019058824 0.6024800000 0.6081623529 0.6113341176 0.6122317647 0.6135623529 0.6176058824 0.6255588235 0.6259764706 0.6279752941 0.6359400000 0.6399200000 0.6415670588 0.6419505882 0.6475611765 0.6512576471 0.6608588235 0.6643600000 0.6666929412 0.6707070588 0.6766247059 0.6844376471 0.6863600000 0.6865564706 0.6937811765 0.6945729412 0.6973223529 0.6986623529 0.6990835294 0.7042670588 0.7076317647 0.7090352941 0.7130858824 0.7165800000 0.7174952941 0.7267082353 0.7289423529 0.7327835294 0.7334447059 0.7343858824 0.7368082353 0.7388129412 0.7395917647 0.7434694118 0.7449082353 0.7472517647 0.7577047059 0.7599058824 0.7642647059 0.7669188235 0.7678423529 0.7686329412 0.7718035294 0.7743164706 0.7810517647 0.7837258824 0.7863011765 0.7880023529 0.7905458824 0.7944423529 0.7982647059 0.8059176471 0.8066188235 0.8242470588 0.8278494118 0.8282000000 0.8288494118 0.8406764706 0.8409647059 0.8438952941 0.8447294118 0.8502729412 0.8514435294 0.8520611765 0.8530270588 0.8679447059 0.8719447059 0.8722247059 0.8727152941 0.8732352941 0.8770800000 0.8780894118 0.8796376471 0.8841411765 0.8843941176 0.8888329412 0.8994247059 0.9079117647 0.9150376471 0.9195729412 0.9208929412 0.9209682353 0.9231211765 0.9234529412 0.9271176471 0.9285423529 0.9376952941 0.9379117647 0.9438811765 0.9464623529 0.9486094118 0.9486670588 0.9532588235 0.9565647059 0.9605129412 0.9622294118 0.9664576471 0.9730764706 0.9743976471 0.9750211765 0.9751941176 0.9769882353 0.9786800000 0.9825023529 0.9901670588 0.9903858824
10000010000101101010101001001111110000000100101110000000100100101001111001011011000011010000110100011000000111100011001110011001001101010111110101011001100001011110000101010111001011100001000000010010111011111001111101101011001001000010100011111110011011111010101001100011111111101010111000001001110010100001100100001111010000000000010001010111110100000010011111001010
01010101011000000101000110110000001000111010010001001111011011010110000010000100101100101111001011100100111111100011100010011001001101010111010101011001100001001110000100010111001010100001000000010010111011111001111100100011001001000010100011111110010011111010101001000011110111101010111000001001110010100100100100001001110010000000010001010111110100000010010111011010
10000010100100111010110001001111110000000100101110000000100100101001111101011001000011010000110100000000000111110011100110011010001101100111000101011001100001000100000010010111001010101001001000010001111011111001111100100111000001000111111011101110010011011100111001000011010111101010101000001101110000110000000110001001010000001100011001011011110100010010010111001010
10000010100100111010110001001111110000000100101110000000100100101001111101011001000011010000110100000000000111110011100110011000001111100111000101011001100001000100010000010111101010100011000100010000111111111001111100100011010001001011100011101110010011011000101001000111010111101010101000001001110000100000000100001001010000000000010101010011110100011010010111011010
10000010000101101010101001001111110000000100101110000000100100101001111001011011000011010000110100011000000111100011000111001000011101001111000001011011010011000100000000010111001010110001000011010000101011111101100100100011100001110010000011101011110011001000101001001011010111101111101110001001110101100000000101101001011001100000010011010011001100010010010111001010
01110101011000000101000110110000001001111011010001001110011011010110000010100100101100101111001001100100000111101111000110011000001101100111000111011001100001000100000000010111111110100001000100010100111011111001111100100011000001000011100011101110010011011000101001000111010111101010101000101001110000100000000100001001010100000000010011010011000100000110010111001010
10000010000101101010101001001111110000000100101110000000100100101001111001011011000011010000110100011000000111100011000111001000011101001111000001011001010011000100000000010111001010110001000011010000101011111101100100100011100001110010000011101011110011001000101001001011010111101111101110001001110101100010000101101001011001100000010011010011001100010010010111001010
01010101011010000101000110110000001000111010010001101110011011010110000010000100111100101111001011100100000111100011010110011001001101010111010101011001101101001110000100010111001010100001100000011010111011111011111100110011001001000010100011111110010011111010101001000011010111101010111000011001111010100000100100001001010000000000010001110111110100000010011111011010
01010101011000000101000110110000001001111011010001001110011011010110000010100100101100101111001001100101000111101111000110111001001101010111010101011001100001011110001101010111001010100001000000010010111011111001111100100011001001000010100011111110011011111010101001100011111111101010111000001001110010100000101100001001010000000001010001010111110100000010010111001010
01010101011000000101000110110000001100111010010001101110011011010110000010000100111100101111001011100100000111100011000110011001101101010111010101011001101101001110000100010111001010100001000000011010111011111011111100110011001001000010100011111110010011111010101001000011010111101010111000011001111010100000100100001001010000000000010001110111110100000010011111001010
01010101011000000101000110110000001001111011010001011110011011010110000010100100101100101111001001100110000111100011000110011001001101010111010101111001101101001110000100010111001010100001000000010000111011111001111100100011000001000011100111101110010011011001101011000111010111101010101000001001110000100000000100001001010000010000110101010011110111100011010111101010
01010101011000000101000110110000001001111011010001001110011011010110000010100100101100101111001001100100000111101111000110011100001101100111000101011001100001000100000000010111111010100101000100010100111011111001111100100011000001000011100011101110010011011000101001000111010111101010101001001001110000100000000100001001010100000000010011010011000100000110010111001010
10000010000101101010101001001111110010000100101110000000100100101001111001011011000011010000110100011000000111100011000111001000011101001111000001011001010011000101100000110111001010110001000011010000101011111101100100100011100001110010000011101011110011001000101001001011010111101111101110001001110101100000000101101001011001100000010011010011001100010010010111011010
01010101011000000101000110110000001000111010010001101110011011010110000010000100111100101111001011100100000111100011000110011001001101010111010101011101101101001110000100010111001010100001000000011010111011111011111100110011001001000010100011111110010011111010101001000011010111101010111000011001111010100000110100001001010000000000010001110111110100000010011111001010
01011101011000000101000110110000001001111011010001001110011011010110000010100100101100101111001001100100000111101111000110011000001101100111000101011001100001000100000000011111111010100001000100110100111011111001111100100011000101000011100011101110010011011000101001000111010111111010101001001001110000101000000100001001010100000010010011010011000100010010010111001101
01010101011000000101000110110000001000111010010001101110011011010110000010000100111100101111001011100100000111100011000110011001001101010111010101011101101101001110000100010111001010100001000000011010111011111011111100110011001001000010100011111110010011111010101001000011010111101010111000011001111010100000110100011001010000000000010001110111110100000010011111001010
01011101011000000101000110110000001001111011010001001110011011010110000010100100101100101111001001100100000111101111000110011000001101100111000101011001100001100100000000010111111010100001010100010100111011111001111100100011000101000011100011101110010011011000101001000111010111111010101001001001110000101000000100001001010100000010010011010011000100010010010111001101
01010101011000000101000110110000001000111010010001101110011011010110000010000100101100101111001011100100100111100011100110011010001101100111001101011001100001000100000010010111001010101001000000010001111011111001111110100011000011000111101011101110010011011100101001010011010111101010101000001111110000110000000100001001010000000100011001011011110100010010110111011010
10000010000101101010101001001111110000000100101110000000100100101001111001011011000011010000110100011000000111100011001110011001001101010111110101011001100001011110000101010111001011100001000000010010111011111001111101100011001001000010100011111110011111111010101101100011111111101010111000001001110010100001100100001111010000000000010001010111110100000010011111001010
01010101011000000101000110110000001100111010010001101110011011010110000010000100111100101111001011100100000111100011000110011001001101010111010101011001101101001110000100010111001010100001000000011010111011111011111100110011001001000010100011111110010011111010101001000011010111101010111000011001111010100000100100001001010000000000010001110111110100000010011111001010

Spartans:
//
segsites: 207
positions: 0.0138000000 0.0169658824 0.0199200000 0.0216305882 0.0264894118 0.0290117647 0.0292929412 0.0408400000 0.0445117647 0.0454882353 0.0457717647 0.0476200000 0.0482976471 0.0483447059 0.0488411765 0.0510623529 0.0527341176 0.0538929412 0.0539235294 0.0540023529 0.0541447059 0.0566058824 0.0621717647 0.0647400000 0.0657717647 0.0700411765 0.0709682353 0.0712000000 0.0736305882 0.0749552941 0.0758294118 0.0769070588 0.0779247059 0.0791600000 0.0792576471 0.0814176471 0.0820694118 0.0821494118 0.0847200000 0.0854364706 0.0868658824 0.0897552941 0.0901294118 0.0905670588 0.0910176471 0.0927270588 0.0933070588 0.0939329412 0.0949964706 0.0956576471 0.0957376471 0.0960717647 0.0962647059 0.0981047059 0.1020870588 0.1024105882 0.1041435294 0.1045905882 0.1046400000 0.1070529412 0.1078552941 0.1096482353 0.1096764706 0.1101941176 0.1102329412 0.1112082353 0.1124752941 0.1129152941 0.1129800000 0.1130247059 0.1155058824 0.1156564706 0.1158235294 0.1160658824 0.1162305882 0.1193341176 0.1244223529 0.1311505882 0.1414270588 0.1434082353 0.1441376471 0.1443717647 0.1495305882 0.1524247059 0.1541964706 0.1571717647 0.1583470588 0.1706811765 0.1710823529 0.1715917647 0.1736964706 0.1824494118 0.1865752941 0.1875376471 0.2071705882 0.2145811765 0.2176164706 0.2295835294 0.2359388235 0.2418929412 0.2455682353 0.2492576471 0.2531211765 0.2573000000 0.2583423529 0.2633411765 0.2702094118 0.2734435294 0.2737152941 0.2824058824 0.2851647059 0.2985823529 0.3117647059 0.3173364706 0.3175294118 0.3286164706 0.3323941176 0.3483047059 0.3586529412 0.3835247059 0.4153976471 0.4176929412 0.4182329412 0.4252776471 0.4269258824 0.4296600000 0.4309294118 0.4323870588 0.4368482353 0.4410682353 0.4476835294 0.4489552941 0.4638094118 0.4682964706 0.4772270588 0.4787470588 0.4790811765 0.4869282353 0.4874258824 0.4885564706 0.4931552941 0.5000270588 0.5034482353 0.5052658824 0.5185094118 0.5213800000 0.5285870588 0.5292223529 0.5446611765 0.5632870588 0.5700117647 0.5700823529 0.5721870588 0.5734058824 0.5754752941 0.5813623529 0.5862282353 0.6019058824 0.6024800000 0.6043164706 0.6122317647 0.6177305882 0.6259764706 0.6359400000 0.6419505882 0.6441000000 0.6666929412 0.6707070588 0.6788564706 0.6844376471 0.6865564706 0.6923317647 0.6937811765 0.6945729412 0.6973223529 0.6990835294 0.7076317647 0.7130858824 0.7174952941 0.7196647059 0.7368082353 0.7434694118 0.7449082353 0.7472517647 0.7599058824 0.7643847059 0.7678423529 0.7944423529 0.8098482353 0.8266505882 0.8278494118 0.8296800000 0.8299188235 0.8406764706 0.8438952941 0.8586000000 0.8780894118 0.8888329412 0.9079117647 0.9208929412 0.9209682353 0.9285423529 0.9532588235 0.9622294118 0.9691564706 0.9778529412 0.9858388235
111011100010100110011000111110100111110101011101100001001011101011110010111111101100010110101101010111101111001111111111111111111111111111111111111111111111111111111111111111111111111111111111111011111111111
111011100010100110011000111110100111110101011101100001001011101011110010111111101100010110101101010111101111001111111111111111111111111111111111111111111111111111111111111111111111111111111111111011111111111
000100011101011001100111000001011000001010100010011110110100010100001101000000010011101001010110111001111011111111111111111111111111111111111111111111111111111011111111111111111111111111111111011111111111111
111011100010100110011000111110100111110101011101100001001011101011110010111111101100010110101101010111101111001111111111111111111111111111111111111111111111111111111111111111111111111111111111111011111111111
111011100010100110011000111110100111110101011101100001001011101011110010111111101100010110101101010111101111001111111111111111111111111111111111111111111111111111111111111111111111111111111111111011111111111
000100011101011001100111000001011000001010100010011110110100010100001101000000010011101001010110111001111011111111111111111111111111111111111111111111111111111011111111111111111111111111111111011111111111111
000100011101011001100111000001011000001010100010011110110100010100001101000000010011101001010110111001111011111111111111111111111111111111111111111111111111111011111111111111111111111111111111011111111111111
111011100010100110011000111110100111110101011101100001001011101011110010111111101100010110101101010111101111001111111111111111111111111111111111111111111111111111111111111111111111111111111111111011111111111
000100011101011001100111000001011000001010100010011110110100010100001101000000010011101001010110111001111011111111111111111111111111111111111111111111111111111011111111111111111111111111111111011111111111111
000100011101011001100111000001011000001010100010011110110100010100001101000000010011101001010110111001111011111111111111111111111111111111111111111111111111111011111111111111111111111111111111011111111111111
111011100010100110011000111110100111110101011101100001001011101011110010111111101100010110101101010111101111001111111111111111111111111111111111111111111111111111111111111111111111111111111111111011111111111
000100011101011001100111000001011000001010100010011110110100010100001101000000010011101001010110111001111011111111111111111111111111111111111111111111111111111011111111111111111111111111111111011111111111111
111011100010100110011000111110100111110101011101100001001011101011110010111111101100010110101101010111101111001111111111111111111111111111111111111111111111111111111111111111111111111111111111111011111111111
111011100010100110011000111110100111110101011101100001001011101011110010111111101100010110101101010111101111001111111111111111111111111111111111111111111111111111111111111111111111111111111111111011111111111
000100011101011001100111000001011000001010100010011110110100010100001101000000010011101001010110111001111011111111111111111111111111111111111111111111111111111011111111111111111111111111111111011111111111111
000100011101011001100111000001011000001010100010011110110100010100001101000000010011101001010110111001111011111111111111111111111111111111111111111111111111111011111111111111111111111111111111011111111111111
111011100010100110011000111110100111110101011101100001001011101011110010111111101100010110101101010111101111001111111111111111111111111111111111111111111111111111111111111111111111111111111111111011111111111
111011100010100110011000111110100111110101011101100001001011101011110010111111101100010110101101010111101111001111111111111111111111111111111111111111111111111111111111111111111111111111111111111011111111111
111011100010100110011000111110100111110101011101100001001011101011110010111111101100010110101101010111101111001111111111111111111111111111111111111111111111111111111111111111111111111111111111111011111111111
111011100010100110011000111110100111110101011101100001001011101011110010111111101100010110101101010111101111001111111111111111111111111111111111111111111111111111111111111111111111111111111111111011111111111
