//
segsites: 242
positions: 0.0089235294 0.0138188235 0.0197211765 0.0210282353 0.0213058824 0.0268176471 0.0288917647 0.0289435294 0.0300870588 0.0330247059 0.0453164706 0.0485635294 0.0490141176 0.0502094118 0.0502270588 0.0505141176 0.0515482353 0.0531270588 0.0547400000 0.0562447059 0.0573105882 0.0592917647 0.0599564706 0.0618282353 0.0619294118 0.0619294118 0.0624541176 0.0638223529 0.0648835294 0.0673282353 0.0675364706 0.0681129412 0.0686447059 0.0728670588 0.0730317647 0.0733023529 0.0733541176 0.0734011765 0.0737917647 0.0738035294 0.0756941176 0.0760905882 0.0761282353 0.0761670588 0.0762070588 0.0763541176 0.0778105882 0.0789729412 0.0790623529 0.0790635294 0.0818858824 0.0822400000 0.0834847059 0.0837082353 0.0850294118 0.0877588235 0.0900235294 0.0914058824 0.0922611765 0.0931964706 0.0937729412 0.0937847059 0.0944741176 0.0963635294 0.0966329412 0.0967011765 0.0989223529 0.1012858824 0.1014858824 0.1023870588 0.1026705882 0.1046552941 0.1047800000 0.1067317647 0.1075611765 0.1077376471 0.1080658824 0.1116764706 0.1138576471 0.1164376471 0.1267658824 0.1274811765 0.1422035294 0.1615011765 0.1633882353 0.1901717647 0.1936788235 0.1940870588 0.2016647059 0.2067788235 0.2150364706 0.2183141176 0.2202682353 0.2272329412 0.2313800000 0.2369270588 0.2417317647 0.2433094118 0.2437129412 0.2443435294 0.2496400000 0.2539788235 0.2557952941 0.2634058824 0.2644317647 0.2662152941 0.2738070588 0.2747705882 0.2750164706 0.2834282353 0.2841564706 0.2891411765 0.3046976471 0.3103952941 0.3117552941 0.3238505882 0.3290611765 0.3408141176 0.3412223529 0.3480941176 0.3493317647 0.3547058824 0.3673788235 0.3805211765 0.3859917647 0.3887035294 0.3966764706 0.4044423529 0.4055458824 0.4060611765 0.4067882353 0.4137247059 0.4151317647 0.4169011765 0.4211494118 0.4250329412 0.4277400000 0.4338294118 0.4474611765 0.4629847059 0.4661658824 0.4702894118 0.4764235294 0.4776552941 0.4803623529 0.4811494118 0.4856223529 0.4991717647 0.5060929412 0.5077470588 0.5133952941 0.5161835294 0.5175517647 0.5179941176 0.5200094118 0.5212964706 0.5221129412 0.5356564706 0.5417047059 0.5477870588 0.5501423529 0.5509011765 0.5519894118 0.5546305882 0.5586141176 0.5702694118 0.5714329412 0.5716082353 0.5734705882 0.5782011765 0.5824141176 0.5882282353 0.5934811765 0.6038705882 0.6043117647 0.6117400000 0.6213305882 0.6229011765 0.6272200000 0.6301482353 0.6307670588 0.6314870588 0.6327282353 0.6408729412 0.6466788235 0.6505729412 0.6515941176 0.6533070588 0.6547458824 0.6619435294 0.6671341176 0.6682670588 0.6744223529 0.6842235294 0.6910235294 0.7024835294 0.7151117647 0.7318447059 0.7411482353 0.7433694118 0.7447117647 0.7514188235 0.7611952941 0.7642470588 0.7651447059 0.7726717647 0.7735670588 0.7766717647 0.7798482353 0.7827517647 0.7859470588 0.7902247059 0.7961094118 0.8074600000 0.8113317647 0.8157176471 0.8163058824 0.8200341176 0.8297858824 0.8327082353 0.8410905882 0.8447058824 0.8547588235 0.8582364706 0.8617564706 0.8869847059 0.8969105882 0.9039470588 0.9057752941 0.9122764706 0.9141470588 0.9186576471 0.9200752941 0.9241352941 0.9282847059 0.9339070588 0.9390152941 0.9473423529 0.9830341176 0.9843552941 0.9883011765 0.9972188235
10001110110100110110011100001010111100111111000101010100010110101000011100001010110110110101111011111111010111100111111101100101101001111001100001011100111110101011110011111010101011111010111101011111001100111111111111101011111101111111111111
10001110110100110110011100001010111100111111000101010100010110101000011100001010110110110101111011111111010111100111111101100101101001111001100001011100111110101011110011111010101011111010111101011111001100111111111111101011111101111111111111
10001110110100110110011100001010111100111111000101010100010110101000011100001010110110110101111011111111010111100111111101100101101001111001100001011100111110101011110011111010101011111010111101011111001100111111111111101011111101111111111111
01010001001011001001100011110101000011000000111010101011001001010111100011110101111011111111001101011100101011111101001010111111011110100010111111101011100101010100111110001111110110110101001010111011110111001000010100111111111111111111111111
01010001001011001001100011110101000011000000111010101011001001010111100011110101111011111111001101011100101011111101001010111111011110100010111111101011100101010100111110001111110110110101001010111011110111001000010100111111111111111111111111
10001110110100110110011100001010111100111111000101010100010110101000011100001010110110110101111011111111010111100111111101100101101001111001100001011100111110101011110011111010101011111010111101011111001100111111111111101011111101111111111111
10001110110100110110011100001010111100111111000101010100010110101000011100001010110110110101111011111111010111100111111101100101101001111001100001011100111110101011110011111010101011111010111101011111001100111111111111101011111101111111111111
01010001001011001001100011110101000011000000111010101011101001010111100011110101111011111111001101011100101011111101001010111111011110100110111111101011100101010100111010001111110110110101001010111011110111001000010100111111111111111111111111
10001110110100110110011100001010111100111111000101010100010110101000011100001010110110110101111011111111010111100111111101100101101001111001100001011100111110101011110011111010101011111010111101011111001100111111111111101011111101111111111111
01010001001011001001100011110101000011000000111010101011001001010111100011110101111011111111001101011100101011111101001010111111011110100010111111101011100101010100111110001111110110110101001010111011110111001000010100111111111111111111111111
10001110110100110110011100001010111100111111000101010100010110101000011100001010110110110101111011111111010111100111111101100101101001111001100001011100111110101011110011111010101011111010111101011111001100111111111111101011111101111111111111
01010001001011001001100011110101000011000000111010101011001001010111100011110101111011111111001101011100101011111101001010111111011110100010111111101011100101010100111110001111110110110101001010111011110111001000010100111111111111111111111111
01010001001011001001100011110101000011000000111010101011001001010111100011110101111011111111001101011100101011111101001010111111011110100010111111101011100101010100111110001111110110110101001010111011110111001000010100111111111111111111111111
01010001001011001001100011110101000011000000111010101011001001010111100011110101111011111111001101011100101011111101001010111111011110100010111111101011100101010100111110001111110110110101001010111011110111001000010100111111111111111111111111
01010001001011001001100011110101000011000000111010101011001001010111100011110101111011111111001101011100101011111101001010111111011110100010111111101011100101010100111110001111110110110101001010111011110111001000010100111111111111111111111111
01010001001011001001100011110101000011000000111010101011001001010111100011110101111011111111001101011100101011111101001010111111011110100010111111101011100101010100111110001111110110110101001010111011110111001000010100111111111111111111111111
01010001001011001001100011110101000011000000111010101011001001010111100011110101111011111111001101011100101011111101001010111111011110100010111111101011100101010100111110001111110110110101001010111011110111001000010100111111111111111111111111
01010001001011001001100011110101000011000000111010101011001001010111100011110101111011111111001101011100101011111101001010111111011110100010111111101011100101010100111110001111110110110101001010111011110111001000010100111111111111111111111111
10101110110100110110011100001010111100111111000101010100010110101000011100001010110110110101111011111111010111100111111101100101101001111001100001011100111110101011110011111010101011111010111101011111001100111111111111101011111101111111111111
01010001001011001001100011110101000011000000111010101011001001010111100011110101111011111111001101011100101011111101001010111111011110100010111111101011100101010100111110001111110110110101001010111011110111001000010100111111111111111111111111
