#OUT: 1500 SS p72 20 ./Data/humansSample.txt
Mutations:
35 2021 m60 72275 0.0165959764 0.5 p72 13 8
201 3266 m60 64677 0.0214040838 0.5 p72 20 12
58 5286 m1 164627 0 0.5 p72 32 20
189 6337 m2 55151 0 0.5 p72 38 12
78 6856 m2 275273 0 0.5 p72 41 20
57 8921 m1 138880 0 0.5 p72 53 20
113 9760 m2 474822 0 0.5 p72 58 20
172 9910 m1 835579 0 0.5 p72 59 20
161 11063 m1 775435 0 0.5 p72 65 20
80 12643 m1 290039 0 0.5 p72 74 20
53 13218 m60 98972 0.00259789871 0.5 p72 77 8
74 13449 m1 240914 0 0.5 p72 79 20
76 14933 m80 263836 0.000394968432 0.5 p72 88 20
85 15270 m2 330398 0 0.5 p72 89 20
180 16240 m60 41279 0.00201322371 0.5 p72 95 12
122 18038 m80 528131 0.00885213818 0.5 p72 106 20
200 18120 m2 64340 0 0.5 p72 107 12
47 18225 m60 90722 0.00548998173 0.5 p72 107 8
73 18641 m1 233764 0 0.5 p72 110 20
75 19611 m1 241533 0 0.5 p72 115 20
211 22893 m60 87029 0.0111821452 0.5 p72 134 12
17 23899 m1 48714 0 0.5 p72 140 8
36 24843 m60 74595 0.0168126039 0.5 p72 145 8
213 26860 m60 88957 0.0154233361 0.5 p72 157 12
116 31245 m3 484729 -0.00252343784 0.100000001 p72 183 20
1 31852 m1 4774 0 0.5 p72 187 8
136 31977 m1 631864 0 0.5 p72 188 20
66 34014 m80 206813 0.0136801479 0.5 p72 200 20
44 35312 m60 86093 0.0126508018 0.5 p72 208 8
95 35600 m2 396241 0 0.5 p72 209 20
130 36658 m1 567064 0 0.5 p72 215 20
50 36659 m60 91577 0.0115887905 0.5 p72 215 8
117 37816 m1 487450 0 0.5 p72 222 20
197 42554 m61 62307 -0.00641770428 0.5 p72 253 12
199 42645 m60 62733 0.0111041786 0.5 p72 255 12
106 42909 m1 443102 0 0.5 p72 264 20
153 43818 m1 705318 0 0.5 p72 290 20
149 44016 m1 693360 0 0.5 p72 295 20
91 44079 m3 357977 -3.75555965e-06 0.100000001 p72 297 20
7 44258 m1 24602 0 0.5 p72 302 8
23 44451 m2 57896 0 0.5 p72 306 8
49 44573 m60 91427 0.00277440436 0.5 p72 309 8
206 45279 m61 69904 -0.010324263 0.5 p72 329 12
46 45940 m60 89063 0.000109133987 0.5 p72 347 8
181 46231 m60 42693 0.0231236629 0.5 p72 354 12
127 47763 m1 544742 0 0.5 p72 397 20
42 47768 m2 82196 0 0.5 p72 398 8
135 48882 m1 629976 0 0.5 p72 429 20
40 49260 m60 81909 0.00028478264 0.5 p72 439 8
137 49717 m80 649610 0.0139173064 0.5 p72 452 20
147 49896 m1 686341 0 0.5 p72 456 20
142 49897 m2 662871 0 0.5 p72 456 20
133 49964 m80 607845 0.00837642327 0.5 p72 458 20
88 50069 m1 345770 0 0.5 p72 461 20
175 50118 m1 18110 0 0.5 p72 462 12
212 50441 m1 87270 0 0.5 p72 471 12
24 50618 m60 62351 0.0203027464 0.5 p72 476 8
86 50632 m2 343776 0 0.5 p72 476 20
192 50756 m60 57406 0.000382972299 0.5 p72 479 12
176 50775 m1 22795 0 0.5 p72 480 12
173 51250 m1 836702 0 0.5 p72 493 20
178 51251 m1 28071 0 0.5 p72 493 12
18 51540 m61 52640 -0.00851076748 0.5 p72 500 8
98 51645 m2 408977 0 0.5 p72 503 20
60 51764 m1 175762 0 0.5 p72 507 20
38 51875 m60 79717 0.00628783554 0.5 p72 510 8
70 52223 m1 215882 0 0.5 p72 520 20
69 53603 m2 212194 0 0.5 p72 557 20
216 53938 m1 96779 0 0.5 p72 566 12
104 54263 m1 439919 0 0.5 p72 575 20
186 54576 m60 50963 0.0158418138 0.5 p72 583 12
207 54679 m1 71152 0 0.5 p72 585 12
65 54680 m80 196673 0.0147873051 0.5 p72 585 20
12 55011 m1 41662 0 0.5 p72 593 8
43 55012 m2 84084 0 0.5 p72 593 8
160 55245 m1 768355 0 0.5 p72 599 20
202 55683 m61 64709 -0.00743258232 0.5 p72 610 12
120 55971 m1 504459 0 0.5 p72 618 20
37 56380 m1 78422 0 0.5 p72 628 8
10 56438 m2 38519 0 0.5 p72 629 8
101 56485 m1 430179 0 0.5 p72 630 20
126 56850 m2 537819 0 0.5 p72 640 20
156 57039 m80 714927 0.00890620332 0.5 p72 645 20
22 57225 m60 57229 0.0104598654 0.5 p72 649 8
83 57262 m2 312272 0 0.5 p72 650 20
19 57878 m60 52640 0.00728610344 0.5 p72 666 8
132 57903 m2 597111 0 0.5 p72 667 20
168 58084 m1 805241 0 0.5 p72 672 20
0 58509 m1 3572 0 0.5 p72 682 8
121 58937 m2 513665 0 0.5 p72 693 20
68 58989 m2 207692 0 0.5 p72 694 20
124 59067 m2 536152 0 0.5 p72 696 20
61 59169 m80 185567 0.00825146306 0.5 p72 699 20
204 60010 m60 67127 0.0109318048 0.5 p72 703 12
67 62113 m2 207156 0 0.5 p72 713 20
183 63332 m60 45158 0.0111743575 0.5 p72 719 12
163 64185 m2 785515 0 0.5 p72 723 20
131 65612 m1 568027 0 0.5 p72 730 20
102 65812 m1 431585 0 0.5 p72 731 20
100 66045 m1 424296 0 0.5 p72 732 20
45 67112 m60 86263 0.00187975192 0.5 p72 737 8
230 71753 m1 840056 0 0.5 p72 759 5
193 72778 m1 58348 0 0.5 p72 764 12
30 73009 m1 66139 0 0.5 p72 765 8
140 73191 m81 660171 -0.00283634686 0.5 p72 766 20
158 73882 m80 732493 0.00236200658 0.5 p72 769 20
165 73883 m1 789042 0 0.5 p72 769 20
195 75167 m60 61937 0.00341696036 0.5 p72 774 12
166 75375 m1 798163 0 0.5 p72 775 20
13 75383 m60 42678 0.059501864 0.5 p72 775 8
105 78089 m1 442008 0 0.5 p72 786 20
128 81913 m1 562652 0 0.5 p72 801 20
162 84236 m1 777025 0 0.5 p72 810 20
54 84446 m1 107751 0 0.5 p72 811 20
59 86766 m1 164974 0 0.5 p72 820 20
27 87257 m60 64776 0.0161520559 0.5 p72 822 8
109 87336 m80 460449 0.022240296 0.5 p72 822 20
157 87337 m2 729501 0 0.5 p72 822 20
143 87825 m2 665339 0 0.5 p72 824 20
198 89117 m61 62723 -0.000936236815 0.5 p72 829 12
208 89118 m1 77695 0 0.5 p72 829 12
209 92014 m60 79217 0.00317777507 0.5 p72 840 12
144 92447 m80 668055 0.0017237413 0.5 p72 842 20
92 96365 m1 361278 0 0.5 p72 857 20
51 96970 m3 94925 -0.000541354995 0.100000001 p72 859 8
174 97728 m1 7585 0 0.5 p72 862 12
21 99963 m1 54249 0 0.5 p72 871 8
123 99980 m2 533137 0 0.5 p72 871 20
151 100805 m1 697029 0 0.5 p72 874 20
203 101733 m60 64742 0.00526319304 0.5 p72 878 12
150 102041 m1 693860 0 0.5 p72 879 20
81 105817 m1 295880 0 0.5 p72 894 20
14 108038 m60 43816 0.00619200943 0.5 p72 902 8
87 110856 m1 344714 0 0.5 p72 913 20
79 111587 m1 279702 0 0.5 p72 916 20
185 114107 m61 50398 -0.0309765413 0.5 p72 926 12
77 114108 m2 264992 0 0.5 p72 926 20
62 114605 m80 193148 0.0300682411 0.5 p72 928 20
159 114845 m1 753937 0 0.5 p72 929 20
214 117917 m60 91856 0.0189007726 0.5 p72 941 12
32 118652 m60 67203 0.0377480648 0.5 p72 944 8
56 123364 m2 137329 0 0.5 p72 962 20
25 126439 m60 62391 0.00663362769 0.5 p72 974 8
205 126450 m61 67204 -0.00248271646 0.5 p72 974 12
125 126948 m2 536764 0 0.5 p72 976 20
169 126996 m1 808368 0 0.5 p72 976 20
89 128005 m1 354366 0 0.5 p72 980 20
231 128662 m1 847636 0 0.5 p72 983 5
170 131512 m1 824008 0 0.5 p72 994 15
196 136081 m60 62077 0.000178236092 0.5 p72 1012 12
20 136956 m61 53086 -0.0168249644 0.5 p72 1015 8
111 139266 m2 469191 0 0.5 p72 1024 20
134 139663 m1 622068 0 0.5 p72 1026 20
148 140444 m1 689632 0 0.5 p72 1029 20
28 141823 m60 64901 0.00742029445 0.5 p72 1034 8
177 146235 m1 24558 0 0.5 p72 1051 12
16 146875 m60 47808 0.0293432306 0.5 p72 1054 8
55 149849 m1 108359 0 0.5 p72 1065 20
139 150346 m80 657532 0.0138508435 0.5 p72 1067 20
119 151995 m1 498328 0 0.5 p72 1073 20
141 156372 m2 662529 0 0.5 p72 1090 20
33 157957 m60 69603 0.00299584889 0.5 p72 1096 8
3 158975 m1 11746 0 0.5 p72 1100 8
182 161098 m60 42937 7.82886709e-05 0.5 p72 1108 12
146 162424 m1 685057 0 0.5 p72 1113 20
118 164262 m1 495939 0 0.5 p72 1120 20
5 169392 m1 17874 0 0.5 p72 1140 8
164 171095 m1 787033 0 0.5 p72 1146 20
210 174751 m60 79707 0.00633615861 0.5 p72 1161 12
52 178177 m60 96574 0.00307794195 0.5 p72 1174 8
4 178847 m1 17435 0 0.5 p72 1177 8
112 179614 m2 472327 0 0.5 p72 1180 20
103 180699 m1 439572 0 0.5 p72 1184 20
187 182014 m60 52554 0.00569292577 0.5 p72 1189 12
6 183307 m1 20083 0 0.5 p72 1194 8
94 184128 m80 387675 0.0131989093 0.5 p72 1197 20
39 185225 m60 81695 0.00350931194 0.5 p72 1201 8
84 185717 m80 329681 0.0477366596 0.5 p72 1203 20
97 187556 m2 400187 0 0.5 p72 1210 20
31 188223 m1 66658 0 0.5 p72 1213 8
9 191859 m61 38166 -0.0157760829 0.5 p72 1227 8
191 193402 m60 55576 0.0203703791 0.5 p72 1233 12
93 193680 m1 366770 0 0.5 p72 1234 20
96 193681 m2 396904 0 0.5 p72 1234 20
63 196705 m2 193427 0 0.5 p72 1246 20
15 199540 m60 45500 0.00671397522 0.5 p72 1257 8
301 203379 m1 807305 0 0.5 p72 1272 1
218 203881 m60 98542 0.0146425413 0.5 p72 1274 12
110 204154 m2 467989 0 0.5 p72 1275 20
300 206249 m1 779449 0 0.5 p72 1283 1
72 207326 m1 230103 0 0.5 p72 1287 20
29 207335 m60 64961 0.00925045181 0.5 p72 1287 8
215 210102 m1 94608 0 0.5 p72 1298 12
188 213144 m60 54720 0.0129025448 0.5 p72 1310 12
115 214206 m1 482089 0 0.5 p72 1314 20
154 214425 m2 708112 0 0.5 p72 1315 20
2 215258 m1 5149 0 0.5 p72 1318 8
8 217041 m61 38089 -8.25387906e-05 0.5 p72 1325 8
179 220325 m60 40621 0.00923867896 0.5 p72 1338 12
138 221184 m2 657077 0 0.5 p72 1341 20
34 222741 m60 70234 0.00191399537 0.5 p72 1347 8
229 224266 m1 829599 0 0.5 p72 1353 5
107 224731 m2 453594 0 0.5 p72 1355 14
184 227290 m60 48511 0.00629926287 0.5 p72 1365 12
11 229636 m61 40447 -0.00180201128 0.5 p72 1374 8
167 229894 m1 801866 0 0.5 p72 1375 10
298 230396 m2 732578 0 0.5 p72 1377 1
99 231141 m1 422011 0 0.5 p72 1380 13
129 231608 m1 563965 0 0.5 p72 1382 6
219 232641 m1 220847 0 0.5 p72 1386 6
255 233677 m1 808694 0 0.5 p72 1390 2
71 233944 m1 220116 0 0.5 p72 1391 6
228 235469 m81 710694 -0.0071137622 0.5 p72 1397 7
235 235555 m2 191954 0 0.5 p72 1397 7
26 235759 m60 64436 0.00840396155 0.5 p72 1398 8
238 236260 m80 316970 0.0365552381 0.5 p72 1400 7
152 236319 m1 704317 0 0.5 p72 1400 5
190 237128 m60 55460 0.00307400292 0.5 p72 1403 12
288 237568 m2 210940 0 0.5 p72 1405 1
108 238388 m2 456740 0 0.5 p72 1408 6
256 238585 m1 818790 0 0.5 p72 1409 2
155 240859 m80 709368 0.0100856312 0.5 p72 1418 5
82 241140 m2 311980 0 0.5 p72 1419 6
232 242174 m1 121554 0 0.5 p72 1423 5
41 242393 m60 82047 0.0614791103 0.5 p72 1424 8
114 243174 m81 475183 -0.00517697819 0.5 p72 1427 6
227 245257 m1 700409 0 0.5 p72 1435 7
282 246163 m2 597576 0 0.5 p72 1439 1
278 246164 m2 332026 0 0.5 p72 1439 1
271 247050 m2 134341 0 0.5 p72 1442 2
241 247602 m2 661271 0 0.5 p72 1444 4
291 248628 m1 568600 0 0.5 p72 1448 1
270 248848 m1 100222 0 0.5 p72 1449 2
222 249056 m1 509296 0 0.5 p72 1450 5
259 249330 m81 204155 -0.00239227805 0.5 p72 1451 1
254 249422 m1 801070 0 0.5 p72 1451 1
247 249861 m2 272456 0 0.5 p72 1453 2
280 249881 m1 376727 0 0.5 p72 1453 1
299 250080 m1 773347 0 0.5 p72 1454 1
171 250150 m1 833377 0 0.5 p72 1454 10
242 250328 m1 844658 0 0.5 p72 1455 9
225 250340 m2 592982 0 0.5 p72 1455 6
233 250621 m2 125954 0 0.5 p72 1456 3
224 250878 m1 542767 0 0.5 p72 1457 5
194 250879 m60 59502 0.00997022726 0.5 p72 1457 6
237 251669 m81 316726 -0.00816735532 0.5 p72 1460 4
239 251991 m80 381838 0.0156341959 0.5 p72 1461 4
48 252177 m2 90867 0 0.5 p72 1462 1
281 252496 m1 555202 0 0.5 p72 1463 1
243 252739 m60 69557 0.00103671779 0.5 p72 1464 5
249 253005 m81 604418 -0.00416040933 0.5 p72 1465 2
236 253077 m81 198245 -0.00190874212 0.5 p72 1465 4
246 253355 m1 112782 0 0.5 p72 1466 1
283 253529 m1 612888 0 0.5 p72 1467 1
217 253602 m1 97013 0 0.5 p72 1467 6
290 253890 m2 405150 0 0.5 p72 1468 1
226 254087 m1 694131 0 0.5 p72 1469 6
253 254320 m2 594419 0 0.5 p72 1470 1
295 254406 m2 596473 0 0.5 p72 1470 1
289 254933 m80 333779 0.0187599249 0.5 p72 1472 1
293 255387 m81 583759 -0.0251781363 0.5 p72 1474 1
296 255639 m80 652107 0.0118142776 0.5 p72 1475 1
261 256119 m3 282647 -0.00722337421 0.100000001 p72 1477 1
272 256189 m1 102918 0 0.5 p72 1477 1
275 256190 m1 575119 0 0.5 p72 1477 1
268 256950 m61 62016 -0.00255006249 0.5 p72 1480 2
220 257515 m1 235270 0 0.5 p72 1482 3
262 257724 m1 370331 0 0.5 p72 1483 1
248 257726 m81 584772 -0.00687606493 0.5 p72 1483 1
286 257791 m1 155742 0 0.5 p72 1483 1
264 257813 m1 129273 0 0.5 p72 1483 1
221 257980 m1 412949 0 0.5 p72 1484 3
277 258039 m60 57111 0.0124004604 0.5 p72 1484 1
273 258063 m81 191526 -0.0175139345 0.5 p72 1484 1
145 258213 m2 672361 0 0.5 p72 1485 1
244 258217 m1 358483 0 0.5 p72 1485 1
269 258298 m61 62290 -0.00286452216 0.5 p72 1485 1
251 258527 m2 268559 0 0.5 p72 1486 1
292 258779 m80 577533 0.0693148747 0.5 p72 1487 1
90 258868 m1 356804 0 0.5 p72 1487 1
245 258891 m2 512421 0 0.5 p72 1487 1
285 259079 m1 22481 0 0.5 p72 1488 1
284 259839 m1 792380 0 0.5 p72 1491 1
294 259841 m80 592745 0.00530361338 0.5 p72 1491 1
265 259876 m1 819574 0 0.5 p72 1491 1
274 259878 m2 254143 0 0.5 p72 1491 1
276 260133 m1 612603 0 0.5 p72 1492 1
64 260420 m81 195710 -0.00915204827 0.5 p72 1493 1
287 260431 m1 171162 0 0.5 p72 1493 1
258 260619 m1 159515 0 0.5 p72 1494 1
250 260635 m1 849464 0 0.5 p72 1494 1
240 260654 m1 547400 0 0.5 p72 1494 2
279 260680 m1 359413 0 0.5 p72 1494 1
297 261218 m1 703028 0 0.5 p72 1496 1
266 261238 m1 7256 0 0.5 p72 1496 1
234 261438 m1 769638 0 0.5 p72 1497 1
260 261484 m1 240637 0 0.5 p72 1497 1
263 261756 m1 6030 0 0.5 p72 1498 1
257 261917 m1 7562 0 0.5 p72 1499 1
252 261934 m1 427912 0 0.5 p72 1499 1
223 262214 m2 522641 0 0.5 p72 1500 1
267 262218 m1 167344 0 0.5 p72 1500 1
Genomes:
p72:0 A 0 1 2 3 4 5 6 7 8 9 10 11 12 13 14 15 16 17 18 19 20 21 22 23 24 25 26 27 28 29 30 31 32 33 34 35 36 37 38 39 40 41 42 43 44 45 46 47 48 49 50 51 52 53 54 55 56 57 58 59 60 61 62 63 64 65 66 67 68 69 70 71 72 73 74 75 76 77 78 79 80 81 82 83 84 85 86 87 88 89 90 91 92 93 94 95 96 97 98 99 100 101 102 103 104 105 106 107 108 109 110 111 112 113 114 115 116 117 118 119 120 121 122 123 124 125 126 127 128 129 130 131 132 133 134 135 136 137 138 139 140 141 142 143 144 145 146 147 148 149 150 151 152 153 154 155 156 157 158 159 160 161 162 163 164 165 166 167 168 169 170 171 172 173
p72:1 A 174 175 176 177 178 179 180 181 182 183 184 185 186 187 188 189 190 191 192 193 194 195 196 197 198 199 200 201 202 203 204 205 206 207 208 209 210 211 212 213 214 215 216 217 218 54 55 56 57 58 59 60 61 62 63 65 66 67 68 69 70 219 72 73 220 74 75 76 77 78 79 80 81 83 84 85 86 87 88 89 91 92 93 94 95 96 97 98 221 100 101 102 103 104 105 106 109 110 111 112 113 115 116 117 118 119 120 222 121 223 122 123 124 125 126 224 127 128 130 131 225 132 133 134 135 136 137 138 139 140 141 142 143 144 146 147 148 149 150 226 151 227 153 154 228 156 157 158 159 160 161 162 163 164 165 166 168 169 229 172 173 230 231
p72:2 A 174 175 176 177 178 179 180 181 182 183 184 185 186 187 188 189 190 191 192 193 195 196 197 198 199 200 201 202 203 204 205 206 207 208 209 210 211 212 213 214 215 216 218 54 55 232 233 56 57 58 59 60 61 62 63 65 66 67 68 69 70 71 72 73 74 75 76 77 78 79 80 81 82 83 84 85 86 87 88 89 91 92 93 94 95 96 97 98 99 100 101 102 103 104 105 106 107 108 109 110 111 112 113 114 115 116 117 118 119 120 121 122 123 124 125 126 127 128 129 130 131 225 132 133 134 135 136 137 138 139 140 141 142 143 144 146 147 148 149 150 226 151 227 153 154 228 156 157 158 159 160 234 161 162 163 164 165 166 168 169 229 172 173 230 231
p72:3 A 0 1 2 3 4 5 6 7 8 9 10 11 12 13 14 15 16 17 18 19 20 21 22 23 24 25 26 27 28 29 30 31 32 33 34 35 36 37 38 39 40 41 42 43 44 45 46 47 49 50 51 52 53 54 55 56 57 58 59 60 61 235 62 63 65 236 66 67 68 69 70 72 73 74 75 76 77 78 79 80 81 83 237 238 84 85 86 87 88 89 91 92 93 239 94 95 96 97 98 99 100 101 102 103 104 105 106 107 109 110 111 112 113 115 116 117 118 119 120 121 122 123 124 125 126 127 240 128 130 131 132 133 134 135 136 137 138 139 140 241 141 142 143 144 146 147 148 149 150 151 153 154 156 157 158 159 160 161 162 163 164 165 166 167 168 169 170 171 172 173 242
p72:4 A 0 1 2 3 4 5 6 7 8 9 10 11 12 13 14 15 16 17 18 19 20 21 22 23 24 25 26 27 28 29 30 31 32 243 33 34 35 36 37 38 39 40 41 42 43 44 45 46 47 49 50 51 52 53 54 55 56 57 58 59 60 61 62 63 65 66 67 68 69 70 71 72 73 74 75 76 77 78 79 80 81 82 83 84 85 86 87 88 89 91 244 92 93 94 95 96 97 98 99 100 101 102 103 104 105 106 107 108 109 110 111 112 113 114 115 116 117 118 119 120 245 121 122 123 124 125 126 127 128 129 130 131 132 133 134 135 136 137 138 139 140 141 142 143 144 146 147 148 149 150 151 152 153 154 155 156 157 158 159 160 161 162 163 164 165 166 167 168 169 170 171 172 173 242
p72:5 A 174 175 176 177 178 179 180 181 182 183 184 185 186 187 188 189 190 191 192 193 195 196 197 198 199 200 201 202 203 204 205 206 207 208 209 210 211 212 213 214 215 216 218 54 55 246 232 233 56 57 58 59 60 61 235 62 63 65 66 67 68 69 70 72 73 74 75 76 77 247 78 79 80 81 83 238 84 85 86 87 88 89 91 92 93 94 95 96 97 98 99 100 101 102 103 104 105 106 107 109 110 111 112 113 115 116 117 118 119 120 121 122 123 124 125 126 127 128 130 131 248 132 133 134 135 136 137 138 139 140 141 142 143 144 146 147 148 149 150 151 153 154 156 157 158 159 160 161 162 163 164 165 166 167 168 169 170 172 173
p72:6 A 0 1 2 3 4 5 6 7 8 9 10 11 12 13 14 15 16 17 18 19 20 21 22 23 24 25 26 27 28 29 30 31 32 33 34 35 36 37 38 39 40 41 42 43 44 45 46 47 49 50 51 52 53 54 55 56 57 58 59 60 61 235 62 63 65 236 66 67 68 69 70 72 73 74 75 76 77 78 79 80 81 83 237 238 84 85 86 87 88 89 91 92 93 239 94 95 96 97 98 99 100 101 102 103 104 105 106 107 109 110 111 112 113 115 116 117 118 119 120 121 122 123 124 125 126 127 240 128 130 131 132 133 134 135 136 137 138 139 140 241 141 142 143 144 146 147 148 149 150 151 153 154 156 157 158 159 160 161 162 163 164 165 166 167 168 169 170 171 172 173 242
p72:7 A 174 175 176 177 178 179 180 181 182 183 184 185 186 187 188 189 190 191 192 193 194 195 196 197 198 199 200 201 202 203 204 205 206 207 208 209 210 211 212 213 214 215 216 217 218 54 55 56 57 58 59 60 61 62 63 65 66 67 68 69 70 71 72 73 74 75 76 77 78 79 80 81 82 83 84 85 86 87 88 89 91 92 93 94 95 96 97 98 99 100 101 102 103 104 105 106 107 108 109 110 111 112 113 114 115 116 117 118 119 120 121 122 123 124 125 126 127 128 129 130 131 132 249 133 134 135 136 137 138 139 140 141 142 143 144 146 147 148 149 150 151 152 153 154 155 156 157 158 159 160 161 162 163 164 165 166 167 168 169 170 171 172 173 242 250
p72:8 A 174 175 176 177 178 179 180 181 182 183 184 185 186 187 188 189 190 191 192 193 195 196 197 198 199 200 201 202 203 204 205 206 207 208 209 210 211 212 213 214 215 216 218 54 55 232 233 56 57 58 59 60 61 235 62 63 65 66 67 68 69 70 72 73 74 75 76 77 251 247 78 79 80 81 83 238 84 85 86 87 88 89 91 92 93 94 95 96 97 98 99 100 252 101 102 103 104 105 106 107 109 110 111 112 113 115 116 117 118 119 120 121 122 123 124 125 126 127 128 130 131 253 132 133 134 135 136 137 138 139 140 141 142 143 144 146 147 148 149 150 151 153 154 156 157 158 159 160 161 162 163 164 165 166 254 168 169 255 256 170 172 173
p72:9 A 0 1 2 257 3 4 5 6 7 8 9 10 11 12 13 14 15 16 17 18 19 20 21 22 23 24 25 26 27 28 29 30 31 32 243 33 34 35 36 37 38 39 40 41 42 43 44 45 46 47 49 50 51 52 53 54 55 56 57 58 59 60 61 62 63 65 66 67 68 69 70 219 72 73 74 75 76 77 78 79 80 81 83 84 85 86 87 88 89 91 92 93 94 95 96 97 98 100 101 102 103 104 105 106 109 110 111 112 113 115 116 117 118 119 120 222 121 122 123 124 125 126 224 127 128 130 131 225 132 133 134 135 136 137 138 139 140 141 142 143 144 146 147 148 149 150 226 151 227 153 154 228 156 157 158 159 160 161 162 163 164 165 166 168 169 229 172 173 230 231
p72:10 A 0 1 2 3 4 5 6 7 8 9 10 11 12 13 14 15 16 17 18 19 20 21 22 23 24 25 26 27 28 29 30 31 32 243 33 34 35 36 37 38 39 40 41 42 43 44 45 46 47 49 50 51 52 53 54 55 56 57 258 58 59 60 61 235 62 63 65 236 66 67 68 69 70 72 73 74 75 76 77 78 79 80 81 83 237 238 84 85 86 87 88 89 91 92 93 239 94 95 96 97 98 99 100 101 102 103 104 105 106 107 109 110 111 112 113 115 116 117 118 119 120 121 122 123 124 125 126 127 128 130 131 132 133 134 135 136 137 138 139 140 241 141 142 143 144 146 147 148 149 150 151 153 154 156 157 158 159 160 161 162 163 164 165 166 167 168 169 170 171 172 173 242
p72:11 A 174 175 176 177 178 179 180 181 182 183 184 185 186 187 188 189 190 191 192 193 195 196 197 198 199 200 201 202 203 204 205 206 207 208 209 210 211 212 213 214 215 216 218 54 55 56 57 58 59 60 61 62 63 65 259 66 67 68 69 70 219 72 73 260 74 75 76 77 78 79 261 80 81 83 84 85 86 87 88 89 91 92 93 262 94 95 96 97 98 100 101 102 103 104 105 106 109 110 111 112 113 115 116 117 118 119 120 121 122 123 124 125 126 127 128 130 131 132 133 134 135 136 137 138 139 140 141 142 143 144 146 147 148 149 150 151 227 153 154 228 156 157 158 159 160 161 162 163 164 165 166 168 169 170 172 173
p72:12 A 174 175 176 177 178 179 180 181 182 183 184 185 186 187 188 189 190 191 192 193 194 195 196 197 198 199 200 201 202 203 204 205 206 207 208 209 210 211 212 213 214 215 216 217 218 54 55 56 57 58 59 60 61 62 63 65 66 67 68 69 70 219 72 73 220 74 75 76 77 78 79 80 81 83 84 85 86 87 88 89 91 92 93 94 95 96 97 98 221 100 101 102 103 104 105 106 109 110 111 112 113 115 116 117 118 119 120 222 121 122 123 124 125 126 224 127 128 130 131 225 132 133 134 135 136 137 138 139 140 141 142 143 144 146 147 148 149 150 226 151 227 153 154 228 156 157 158 159 160 161 162 163 164 165 166 168 169 229 172 173 230 231
p72:13 A 263 174 175 176 177 178 179 180 181 182 183 184 185 186 187 188 189 190 191 192 193 194 195 196 197 198 199 200 201 202 203 204 205 206 207 208 209 210 211 212 213 214 215 216 217 218 54 55 264 56 57 58 59 60 61 62 63 65 66 67 68 69 70 219 72 73 74 75 76 77 78 79 80 81 83 84 85 86 87 88 89 91 92 93 94 95 96 97 98 100 101 102 103 104 105 106 109 110 111 112 113 115 116 117 118 119 120 222 121 122 123 124 125 126 224 127 128 130 131 225 132 133 134 135 136 137 138 139 140 141 142 143 144 146 147 148 149 150 226 151 227 153 154 228 156 157 158 159 160 161 162 163 164 165 166 168 169 229 172 173 230 231
p72:14 A 174 175 176 177 178 179 180 181 182 183 184 185 186 187 188 189 190 191 192 193 194 195 196 197 198 199 200 201 202 203 204 205 206 207 208 209 210 211 212 213 214 215 216 217 218 54 55 56 57 58 59 60 61 62 63 65 66 67 68 69 70 219 72 73 220 74 75 76 77 78 79 80 81 83 84 85 86 87 88 89 91 92 93 94 95 96 97 98 221 100 101 102 103 104 105 106 109 110 111 112 113 115 116 117 118 119 120 222 121 122 123 124 125 126 224 127 128 130 131 225 132 133 134 135 136 137 138 139 140 141 142 143 144 146 147 148 149 150 226 151 227 153 154 228 156 157 158 159 160 161 162 163 164 165 166 168 169 265 170 171 172 173 242
p72:15 A 266 174 175 176 177 178 179 180 181 182 183 184 185 186 187 188 189 190 191 192 193 194 195 196 197 198 199 200 201 202 203 204 205 206 207 208 209 210 211 212 213 214 215 216 217 218 54 55 56 57 58 59 267 60 61 62 63 65 66 67 68 69 70 71 72 73 74 75 76 77 78 79 80 81 82 83 84 85 86 87 88 89 91 92 93 94 95 96 97 98 99 100 101 102 103 104 105 106 107 108 109 110 111 112 113 114 115 116 117 118 119 120 121 122 123 124 125 126 127 128 129 130 131 132 249 133 134 135 136 137 138 139 140 141 142 143 144 146 147 148 149 150 151 152 153 154 155 156 157 158 159 160 161 162 163 164 165 166 167 168 169 170 171 172 173 242
p72:16 A 174 175 176 177 178 179 180 181 182 183 184 185 186 187 188 189 190 191 192 193 195 268 196 269 197 198 199 200 201 202 203 204 205 206 207 208 209 210 211 212 213 214 215 216 218 270 54 55 232 271 56 57 58 59 60 61 235 62 63 65 236 66 67 68 69 70 72 73 74 75 76 77 78 79 80 81 83 237 238 84 85 86 87 88 89 91 92 93 239 94 95 96 97 98 99 100 101 102 103 104 105 106 107 109 110 111 112 113 115 116 117 118 119 120 121 122 123 124 125 126 127 128 130 131 132 133 134 135 136 137 138 139 140 241 141 142 143 144 146 147 148 149 150 151 153 154 156 157 158 159 160 161 162 163 164 165 166 167 168 169 170 171 172 173 242
p72:17 A 0 1 2 3 4 5 6 7 8 9 10 11 12 13 14 15 16 17 18 19 20 21 22 23 24 25 26 27 28 29 30 31 32 243 33 34 35 36 37 38 39 40 41 42 43 44 45 46 47 49 50 51 52 53 272 54 55 56 57 58 59 60 61 273 62 63 65 66 67 68 69 70 71 72 73 74 75 274 76 77 78 79 80 81 82 83 84 85 86 87 88 89 91 92 93 94 95 96 97 98 99 100 101 102 103 104 105 106 107 108 109 110 111 112 113 114 115 116 117 118 119 120 121 122 123 124 125 126 127 128 129 130 131 275 132 133 276 134 135 136 137 138 139 140 141 142 143 144 146 147 148 149 150 151 152 153 154 155 156 157 158 159 160 161 162 163 164 165 166 167 168 169 170 171 172 173 242
p72:18 A 174 175 176 177 178 179 180 181 182 183 184 185 186 187 188 189 190 191 277 192 193 195 268 196 197 198 199 200 201 202 203 204 205 206 207 208 209 210 211 212 213 214 215 216 218 270 54 55 232 271 56 57 58 59 60 61 235 62 63 65 66 67 68 69 70 72 73 74 75 76 77 78 79 80 81 83 238 84 85 278 86 87 88 89 91 279 92 93 280 94 95 96 97 98 99 100 101 102 103 104 105 106 107 109 110 111 112 113 115 116 117 118 119 120 121 122 123 124 125 126 127 281 128 130 131 132 282 133 283 134 135 136 137 138 139 140 141 142 143 144 146 147 148 149 150 151 153 154 156 157 158 159 160 161 162 163 164 165 284 166 168 169 255 256 170 172 173
p72:19 A 0 1 2 3 4 5 6 285 7 8 9 10 11 12 13 14 15 16 17 18 19 20 21 22 23 24 25 26 27 28 29 30 31 32 243 33 34 35 36 37 38 39 40 41 42 43 44 45 46 47 49 50 51 52 53 54 55 56 57 286 58 59 287 60 61 62 63 65 66 67 68 288 69 70 72 73 74 75 76 77 78 79 80 81 83 84 85 289 86 87 88 89 91 92 93 94 95 96 97 290 98 100 101 102 103 104 105 106 107 109 110 111 112 113 115 116 117 118 119 120 121 122 123 124 125 126 127 128 130 131 291 292 293 294 295 132 133 134 135 136 137 296 138 139 140 141 142 143 144 146 147 148 149 150 151 297 153 154 156 157 158 298 159 160 299 161 162 300 163 164 165 166 168 301 169 170 172 173
