//
segsites: 166
positions: 0.0027823529 0.0084400000 0.0222258824 0.0344694118 0.0397294118 0.0420835294 0.0456352941 0.0473235294 0.0564752941 0.0605964706 0.0807870588 0.0813964706 0.0816023529 0.0887376471 0.0900576471 0.1076658824 0.1084188235 0.1200258824 0.1244905882 0.1511000000 0.1516164706 0.1536776471 0.1612000000 0.1678023529 0.1759411765 0.1782000000 0.1918647059 0.1976835294 0.1980294118 0.1994729412 0.2071729412 0.2316929412 0.2463047059 0.2469623529 0.2513835294 0.2557282353 0.2597752941 0.2655329412 0.2692141176 0.2782141176 0.2808788235 0.2885741176 0.2935470588 0.3022152941 0.3111894118 0.3236647059 0.3312988235 0.3335470588 0.3428917647 0.3461952941 0.3483905882 0.3528952941 0.3569317647 0.3652576471 0.3724894118 0.3735847059 0.3753176471 0.3920600000 0.3941564706 0.4003647059 0.4043082353 0.4142329412 0.4161458824 0.4213070588 0.4242929412 0.4245423529 0.4246929412 0.4305905882 0.4379223529 0.4529211765 0.4613917647 0.4767423529 0.4805670588 0.4858964706 0.5030729412 0.5142682353 0.5260964706 0.5291447059 0.5373105882 0.5374294118 0.5540882353 0.5585388235 0.5685329412 0.5688376471 0.5725941176 0.5800305882 0.5835976471 0.5878952941 0.5959988235 0.5994352941 0.6053494118 0.6082223529 0.6192905882 0.6202129412 0.6244164706 0.6354776471 0.6425529412 0.6534882353 0.6673376471 0.6685494118 0.6796223529 0.6816858824 0.6841976471 0.6950200000 0.7213000000 0.7259917647 0.7261317647 0.7302470588 0.7322258824 0.7334964706 0.7339882353 0.7368376471 0.7423400000 0.7532388235 0.7591164706 0.7637647059 0.7652023529 0.7765364706 0.7873670588 0.7908776471 0.7930011765 0.8026105882 0.8085270588 0.8144858824 0.8209717647 0.8211282353 0.8285164706 0.8347611765 0.8376364706 0.8405670588 0.8797411765 0.8806611765 0.8876882353 0.8905152941 0.8905235294 0.8917964706 0.8933635294 0.8972729412 0.9155270588 0.9182211765 0.9192058824 0.9197776471 0.9214364706 0.9235847059 0.9238011765 0.9245082353 0.9273976471 0.9276200000 0.9293635294 0.9293952941 0.9309011765 0.9309729412 0.9309811765 0.9328988235 0.9330176471 0.9335717647 0.9340941176 0.9372423529 0.9416200000 0.9710505882 0.9794047059 0.9794482353 0.9803717647 0.9805047059 0.9921894118 0.9998376471
0001110000000110111001001010010110111100111001101000111101100101111001111100011100110000100001110000000110000001000110001010000011011111000001010110011101001010000000
0001110100000110111001001110110110111100110001101110111101100101011101111100010100110100100001110000000110001001000110001010000011011111000001010110011101101010001000
0011110100000110111001001110010110111101110001101000111101100101011001111100010100110000100001110000000110000001000110001010000011001111000001010110011101001010000001
0001110000000110111001001010010110101000110101111000011011000101001010111010010100110000100101110000100110000011010110001010000011101000000010001000001010010110000001
0100101001110001001001001010010110101000110101101000011001001111001000111000110000110000101011110000011111010001000101101010101011001000100101010111101101000011110110
1000100000000100111101101010011111111100110001101000111101100101011001111100010100110000110001110001000110000001000110001110000011011111000001010110011101001010000001
0001110000000110111001001011010111111100110001101000111101110101011001111100010100111000100001110000000110000001000110001110000011011111000001110110011101001010000000
0001110100000110111001001110010110111100110011101110111101100101011101111100010100110100100001110000000110001001000110001010000011011111000001010110011101101010000000
0001110000000110111001001011010111111100110001101000111101110101011001111100010100111000100001110000000110000001000110001110000011011111000001110110011101001010000000
0001110010001110111001001010010110111100110001101000111101100101011001111100010100110000100001110000000110000001000110001010000011011111000001010110011101001010000000
1000100000000100111001101010010110101000110101111000011001000101001000111010010100110000100101111000100110000011010110001011000011101111000001010110011101101010000000
0001110000000110111001001010010110111100110001101000111101100101011001111101010100110000100001110000000110000101000110001010000011011111000001010110011101001010000001
0001110100000110111001001110010110111100110011101110111101100101011101111100010100110100100001110010000110001001000110001010000011011111000001010110011101101010000000
0001110000000110111001011010010110111100110001101000111101100101011001111100010100110000100001110000000110100001000110001010000011011111001001010110011101001010000000
0001110000000110111001011010010110111100110001101000111101100101011001111100010100110000100001110000000110000001000110001010000011011111001001010110011101001010000000
1000100000000100111011101010010110101000110101111001011001000101001000111000010010110011101011110100000110000001100100011010000111001111000001010110011101000010000001
0001110000000110111001001011010111111100110001101000111101110101011001111100010100111000100001110000000110000001000110001110000011011111000001110110011101001010000000
0001110000000110111001001010010110101000110101111000011011000101001010111010010100110000100101110000100110000011011110001010010011101000000010001000001010010110000000
0001110000000110111001001010010110111100110001101000111101100101011001111100010101110000100001110000000110000001000110001010000011011111011001010110011101001010000000
0001110000000110111001001010010110101010110101111000011011000101001010111010010100110000100101110000100110000011010110001010010011101000000010001000001010010110000001
