#OUT: 1500 SS p68 20 ./Data/jackalsSample.txt
Mutations:
7 60691 m1 105817 0 0.5 p65 707 20
17 61994 m1 245288 0 0.5 p65 713 20
26 64945 m2 333251 0 0.5 p69 727 20
39 67677 m1 506599 0 0.5 p68 740 20
23 68112 m1 310469 0 0.5 p69 742 20
9 68523 m1 149550 0 0.5 p69 744 20
50 72511 m1 687248 0 0.5 p68 763 20
106 72712 m1 849862 0 0.5 p68 764 9
1 78489 m1 33770 0 0.5 p68 788 20
37 80503 m1 483253 0 0.5 p69 796 20
22 80758 m1 291458 0 0.5 p69 797 20
54 84843 m1 754535 0 0.5 p68 813 20
51 85647 m80 711991 0.0301502999 0.5 p68 816 20
31 89849 m81 392183 -0.00178806123 0.5 p68 832 20
8 91582 m71 130626 -0.000309451367 0.5 p68 839 20
28 94011 m1 358111 0 0.5 p68 848 20
92 94292 m1 832494 0 0.5 p69 849 1
20 94523 m1 281604 0 0.5 p68 850 20
19 94801 m2 275115 0 0.5 p68 851 20
63 99359 m100 791266 0.0155092636 0.5 p68 869 20
24 101685 m2 316616 0 0.5 p68 878 20
35 110722 m80 449773 0.00165537233 0.5 p68 913 20
45 111226 m1 626312 0 0.5 p68 915 20
44 118563 m1 613105 0 0.5 p68 944 20
48 120352 m2 674051 0 0.5 p68 951 20
13 121121 m81 209359 -0.00546538876 0.5 p68 954 20
117 123535 m101 796656 -0.0211851709 0.5 p68 963 3
70 123787 m1 51507 0 0.5 p68 964 2
6 124266 m1 102022 0 0.5 p68 966 18
116 124520 m100 793536 0.00181901874 0.5 p68 967 3
40 125551 m2 527181 0 0.5 p68 971 20
65 128412 m100 792964 0.016314175 0.5 p68 982 17
67 134246 m1 800377 0 0.5 p68 1005 20
43 136040 m80 590767 0.00282886368 0.5 p68 1012 20
11 137582 m1 169552 0 0.5 p68 1018 20
72 138861 m60 69187 0.0012082319 0.5 p68 1023 2
46 148129 m2 649200 0 0.5 p68 1059 20
61 150231 m100 788288 0.00117528159 0.5 p68 1067 17
14 150813 m3 213676 -5.74612464e-08 0.100000001 p68 1069 20
58 156300 m1 781811 0 0.5 p68 1090 17
32 157064 m80 405231 0.00559784891 0.5 p68 1093 20
94 158165 m1 833429 0 0.5 p69 1097 1
10 158414 m1 163085 0 0.5 p68 1098 20
115 159919 m2 791334 0 0.5 p68 1104 3
93 168068 m1 832531 0 0.5 p69 1135 1
64 169881 m100 791327 0.00970613398 0.5 p68 1142 17
16 171213 m1 238747 0 0.5 p68 1147 20
27 171969 m1 352098 0 0.5 p68 1150 20
12 173919 m80 196939 0.0157128647 0.5 p68 1158 20
29 173920 m1 360989 0 0.5 p68 1158 20
121 179567 m2 137020 0 0.5 p68 1180 2
52 180635 m2 714482 0 0.5 p68 1184 20
41 181432 m80 530754 0.00471149199 0.5 p68 1187 20
15 181885 m1 220809 0 0.5 p68 1189 20
59 183223 m100 785047 0.007302023 0.5 p68 1194 17
73 183461 m2 91516 0 0.5 p68 1195 2
38 186936 m1 483512 0 0.5 p68 1208 20
5 188183 m1 92156 0 0.5 p68 1213 18
3 188740 m1 75427 0 0.5 p68 1215 18
95 189788 m1 843361 0 0.5 p69 1219 1
33 190249 m2 408482 0 0.5 p68 1221 20
42 190467 m80 540156 0.0837710872 0.5 p68 1222 20
60 199710 m100 785832 0.019538926 0.5 p68 1258 17
102 202034 m2 384983 0 0.5 p68 1267 14
18 202760 m2 256883 0 0.5 p68 1270 6
0 202770 m1 29299 0 0.5 p68 1270 16
101 205408 m1 360861 0 0.5 p68 1280 14
119 207466 m1 2365 0 0.5 p68 1288 2
57 208739 m1 758027 0 0.5 p68 1293 15
112 209283 m1 747780 0 0.5 p68 1295 3
77 211529 m2 514547 0 0.5 p68 1304 2
4 211803 m2 76549 0 0.5 p68 1305 16
87 214576 m1 759359 0 0.5 p68 1316 2
47 214857 m81 650422 -0.00387675874 0.5 p68 1317 18
78 215371 m2 526397 0 0.5 p68 1319 2
97 215375 m1 225703 0 0.5 p68 1319 14
88 215911 m1 780488 0 0.5 p68 1321 2
98 215920 m1 303392 0 0.5 p68 1321 14
113 215921 m1 781325 0 0.5 p68 1321 3
80 217180 m2 581568 0 0.5 p68 1326 2
21 219529 m1 283515 0 0.5 p68 1335 4
74 221857 m2 343662 0 0.5 p68 1344 2
71 221858 m1 68669 0 0.5 p68 1344 2
96 222106 m1 217369 0 0.5 p68 1345 14
75 223369 m1 353724 0 0.5 p68 1350 2
2 224627 m1 35771 0 0.5 p68 1355 16
34 224896 m1 427612 0 0.5 p68 1356 4
83 225392 m80 660056 0.00883275084 0.5 p68 1358 2
36 225658 m80 456815 0.0182194524 0.5 p68 1359 18
82 226976 m1 620710 0 0.5 p68 1364 2
99 227449 m2 317547 0 0.5 p68 1366 14
56 230253 m1 756945 0 0.5 p68 1377 15
89 230526 m100 788477 0.00547013665 0.5 p68 1378 2
62 231539 m1 789986 0 0.5 p68 1382 15
69 231807 m2 38790 0 0.5 p68 1383 2
55 233582 m1 756938 0 0.5 p68 1390 15
68 233587 m1 7174 0 0.5 p68 1390 2
111 235436 m1 640253 0 0.5 p68 1397 3
110 235437 m1 623890 0 0.5 p68 1397 3
66 238764 m100 793980 0.0240036026 0.5 p68 1410 15
100 239772 m80 335033 0.0133672357 0.5 p68 1414 14
86 240803 m3 704239 -1.15863213e-05 0.100000001 p68 1418 2
103 241051 m1 413012 0 0.5 p68 1419 14
76 242343 m80 447182 0.0098076947 0.5 p68 1424 2
79 243616 m2 579433 0 0.5 p68 1429 2
114 243827 m100 785231 0.00378175825 0.5 p68 1430 3
85 243831 m1 697826 0 0.5 p68 1430 2
108 245136 m2 516989 0 0.5 p68 1435 3
53 245878 m1 748562 0 0.5 p68 1438 14
118 247179 m1 810034 0 0.5 p68 1443 1
109 247180 m2 577679 0 0.5 p68 1443 3
152 247727 m1 40225 0 0.5 p68 1445 1
153 249021 m1 151470 0 0.5 p68 1450 1
91 250007 m1 825393 0 0.5 p68 1454 1
84 250008 m2 669262 0 0.5 p68 1454 2
122 250012 m2 209918 0 0.5 p68 1454 5
90 250820 m1 789959 0 0.5 p68 1457 2
81 251066 m1 617093 0 0.5 p68 1458 2
30 251071 m1 372234 0 0.5 p68 1458 4
120 251586 m71 128435 -0.0152340364 0.5 p68 1460 2
125 252390 m1 682219 0 0.5 p68 1463 5
145 252392 m1 88081 0 0.5 p68 1463 1
25 252933 m81 319020 -0.00248014112 0.5 p68 1465 4
149 253189 m81 600709 -0.00339367148 0.5 p68 1466 1
134 253193 m1 168031 0 0.5 p68 1466 3
154 253471 m1 236482 0 0.5 p68 1467 1
143 253474 m1 26937 0 0.5 p68 1467 1
136 253478 m1 486705 0 0.5 p68 1467 3
144 253762 m1 70494 0 0.5 p68 1468 1
135 253780 m81 340310 -0.0175123177 0.5 p68 1468 3
151 255071 m1 18892 0 0.5 p68 1473 1
131 255334 m1 778198 0 0.5 p68 1474 2
127 256071 m81 249515 -0.00183609978 0.5 p68 1477 4
107 256082 m3 376815 -2.31397901e-09 0.100000001 p68 1477 1
146 256606 m1 375980 0 0.5 p68 1479 1
124 256859 m1 568267 0 0.5 p68 1480 2
150 257689 m3 623274 -0.00138004008 0.100000001 p68 1483 1
129 257931 m2 456714 0 0.5 p68 1484 4
147 258191 m2 476156 0 0.5 p68 1485 1
155 258193 m1 762682 0 0.5 p68 1485 1
141 258442 m1 697959 0 0.5 p68 1486 1
128 258710 m1 360649 0 0.5 p68 1487 2
130 258988 m1 560752 0 0.5 p68 1488 1
133 259511 m61 69362 -0.0117339045 0.5 p68 1490 1
123 259512 m1 509520 0 0.5 p68 1490 2
138 259766 m101 783221 -0.0024165872 0.5 p68 1491 3
132 259772 m60 48004 0.00901688263 0.5 p68 1491 1
156 260288 m2 671674 0 0.5 p68 1493 1
104 260818 m3 437128 -0.0567230731 0.100000001 p68 1495 1
105 260819 m3 623472 -0.40040046 0.100000001 p68 1495 1
148 261107 m80 529908 0.00546790985 0.5 p68 1496 1
49 261358 m3 680433 -0.19952786 0.100000001 p68 1497 1
139 261377 m1 763747 0 0.5 p68 1497 1
137 261626 m2 588612 0 0.5 p68 1498 1
126 261867 m1 162926 0 0.5 p68 1499 1
142 261876 m1 176097 0 0.5 p68 1499 1
140 261879 m2 474622 0 0.5 p68 1499 1
Genomes:
p68:0 A 0 1 2 3 4 5 6 7 8 9 10 11 12 13 14 15 16 17 18 19 20 21 22 23 24 25 26 27 28 29 30 31 32 33 34 35 36 37 38 39 40 41 42 43 44 45 46 47 48 49 50 51 52 53 54 55 56 57 58 59 60 61 62 63 64 65 66 67
p68:1 A 68 1 69 70 71 72 73 7 8 9 10 11 12 13 14 15 16 17 18 19 20 22 23 24 26 74 27 75 28 29 31 32 33 76 35 37 38 39 77 78 40 41 42 79 80 43 44 81 82 45 46 83 84 48 50 85 86 51 52 54 87 88 58 59 60 61 89 90 63 64 65 67 91 92 93 94 95
p68:2 A 0 1 2 3 4 5 6 7 8 9 10 11 12 13 14 96 15 97 16 17 19 20 22 98 23 24 99 26 100 27 28 101 29 102 31 32 33 103 104 35 36 37 38 39 40 41 42 43 44 105 45 46 47 48 50 51 52 53 54 55 56 57 58 59 60 61 62 63 64 65 66 67 106
p68:3 A 0 1 2 3 4 5 6 7 8 9 10 11 12 13 14 15 16 17 18 19 20 21 22 23 24 25 26 27 28 29 30 107 31 32 33 34 35 36 37 38 39 108 40 41 42 109 43 44 110 45 111 46 47 48 50 51 52 112 54 113 114 63 115 116 117 67 118 106
p68:4 A 119 1 3 5 6 7 120 8 121 9 10 11 12 13 122 14 96 15 97 16 17 19 20 22 98 23 24 99 26 100 27 28 101 29 102 31 32 33 103 35 36 37 38 39 123 40 41 42 124 43 44 45 46 47 48 125 50 51 52 53 54 55 56 57 58 59 60 61 62 63 64 65 66 67 106
p68:5 A 0 1 2 3 4 5 6 7 8 9 126 10 11 12 13 14 96 15 97 16 17 127 19 20 22 98 23 24 99 26 100 27 28 128 101 29 102 31 32 33 103 35 129 36 37 38 39 40 41 42 43 44 45 46 47 48 50 51 52 53 54 55 56 57 58 59 60 61 62 63 64 65 66 67
p68:6 A 0 1 2 3 4 5 6 7 8 9 10 11 12 13 14 96 15 97 16 17 19 20 22 98 23 24 99 26 100 27 28 101 29 102 31 32 33 103 35 36 37 38 39 40 41 42 130 43 44 45 46 47 48 50 51 52 53 54 55 56 57 131 58 59 60 61 62 63 64 65 66 67
p68:7 A 0 1 2 3 4 5 6 7 8 9 10 11 12 13 14 96 15 97 16 17 127 19 20 22 98 23 24 99 26 100 27 28 128 101 29 102 31 32 33 103 35 129 36 37 38 39 40 41 42 43 44 45 46 47 48 50 51 52 53 54 55 56 57 58 59 60 61 62 63 64 65 66 67
p68:8 A 0 1 2 132 133 3 4 5 6 7 8 9 10 134 11 12 13 122 14 96 15 97 16 17 19 20 22 98 23 24 99 26 100 135 27 28 101 29 102 31 32 33 103 35 36 37 38 136 39 40 41 42 137 43 44 45 46 47 48 125 50 51 52 53 54 55 56 57 58 138 59 60 61 62 63 64 65 66 67
p68:9 A 0 1 2 3 4 5 6 7 8 9 10 11 12 13 14 96 15 97 16 17 127 19 20 22 98 23 24 99 26 100 27 28 101 29 102 31 32 33 103 35 129 36 37 38 39 40 41 42 43 44 45 46 47 48 50 51 52 53 54 55 56 57 139 58 59 60 61 62 63 64 65 66 67
p68:10 A 0 1 2 3 4 5 6 7 8 9 10 11 12 13 14 15 16 17 18 19 20 21 22 23 24 25 26 27 28 29 30 31 32 33 34 35 36 140 37 38 39 108 40 41 42 109 43 44 110 45 111 46 47 48 50 141 51 52 112 54 113 114 63 115 116 117 67 106
p68:11 A 119 1 3 5 6 7 120 8 121 9 10 11 142 12 13 122 14 96 15 97 16 17 19 20 22 98 23 24 99 26 100 27 28 101 29 102 31 32 33 103 35 36 37 38 39 123 40 41 42 124 43 44 45 46 47 48 125 50 51 52 53 54 55 56 57 58 59 60 61 62 63 64 65 66 67 106
p68:12 A 0 1 2 3 4 5 6 7 8 9 10 134 11 12 13 122 14 96 15 97 16 17 19 20 22 98 23 24 99 26 100 135 27 28 101 29 102 31 32 33 103 35 36 37 38 136 39 40 41 42 43 44 45 46 47 48 125 50 51 52 53 54 55 56 57 58 138 59 60 61 62 63 64 65 66 67
p68:13 A 0 1 2 3 4 5 6 7 8 9 10 11 12 13 14 96 15 97 16 17 127 19 20 22 98 23 24 99 26 100 27 28 101 29 102 31 32 33 103 35 129 36 37 38 39 40 41 42 43 44 45 46 47 48 50 51 52 53 54 55 56 57 58 59 60 61 62 63 64 65 66 67
p68:14 A 143 0 1 2 144 3 4 145 5 6 7 8 9 10 11 12 13 14 96 15 97 16 17 19 20 22 98 23 24 99 26 100 27 28 101 29 146 102 31 32 33 103 35 36 147 37 38 39 40 148 41 42 43 149 44 150 45 46 47 48 50 51 52 53 54 55 56 57 58 59 60 61 62 63 64 65 66 67 106
p68:15 A 151 0 1 2 152 3 4 5 6 7 8 9 153 10 11 12 13 14 96 15 97 154 16 17 19 20 22 98 23 24 99 26 100 27 28 101 29 102 31 32 33 103 35 36 37 38 39 40 41 42 43 44 45 46 47 48 50 51 52 54 55 56 57 58 59 60 61 62 63 64 65 66 67 106
p68:16 A 0 1 2 3 4 5 6 7 8 9 10 134 11 12 13 122 14 96 15 97 16 17 19 20 22 98 23 24 99 26 100 135 27 28 101 29 102 31 32 33 103 35 36 37 38 136 39 40 41 42 43 44 45 46 47 48 125 50 51 52 53 54 55 56 57 58 138 59 60 61 62 63 64 65 66 67
p68:17 A 0 1 2 3 4 5 6 7 8 9 10 11 12 13 14 96 15 97 16 17 19 20 22 98 23 24 99 26 100 27 28 101 29 102 31 32 33 103 35 36 37 38 39 40 41 42 43 44 45 46 47 48 50 51 52 53 54 55 56 57 155 131 58 59 60 61 62 63 64 65 66 67
p68:18 A 68 1 69 70 71 72 73 7 8 9 10 11 12 13 14 15 16 17 18 19 20 22 23 24 26 74 27 75 28 29 31 32 33 76 35 37 38 39 77 78 40 41 42 79 80 43 44 81 82 45 46 83 84 156 48 50 85 86 51 52 54 87 88 58 59 60 61 89 90 63 64 65 67 106
p68:19 A 0 1 2 3 4 5 6 7 8 9 10 11 12 13 14 15 16 17 18 19 20 21 22 23 24 25 26 27 28 29 30 31 32 33 34 35 36 37 38 39 108 40 41 42 109 43 44 110 45 111 46 47 48 50 51 52 112 54 113 114 63 115 116 117 67 106
