#OUT: 1500 SS p65 20 ./Data/prophetsSample.txt
Mutations:
11 59882 m60 65334 0.0168624613 0.5 p65 703 4
75 60293 m60 69543 0.01768828 0.5 p65 705 16
58 61836 m1 818515 0 0.5 p65 712 20
33 63377 m1 480822 0 0.5 p65 720 20
61 64485 m1 846322 0 0.5 p65 725 20
15 69062 m61 93448 -0.0040858984 0.5 p65 747 4
79 69065 m60 83462 0.007940921 0.5 p65 747 16
36 71344 m1 497461 0 0.5 p65 758 20
53 72008 m1 772448 0 0.5 p65 761 20
26 75908 m2 343799 0 0.5 p65 778 20
47 76893 m1 694767 0 0.5 p65 782 20
4 81438 m60 41134 0.008949209 0.5 p65 800 4
21 81695 m1 212903 0 0.5 p65 801 20
78 83229 m1 75314 0 0.5 p65 807 16
37 83464 m1 501455 0 0.5 p65 808 20
17 83981 m1 112708 0 0.5 p65 810 9
68 86098 m60 38935 0.00663837232 0.5 p65 818 16
76 89459 m60 70045 0.0100968434 0.5 p65 831 16
50 91242 m1 703997 0 0.5 p65 838 20
27 92052 m2 344119 0 0.5 p65 841 20
22 93392 m1 239344 0 0.5 p65 846 20
10 93653 m2 61880 0 0.5 p65 847 4
89 97808 m1 155487 0 0.5 p65 863 7
12 107018 m60 74376 0.00289994548 0.5 p65 899 4
67 113692 m60 38534 0.00412749825 0.5 p65 925 16
0 113695 m1 5956 0 0.5 p65 925 4
44 113696 m1 624305 0 0.5 p65 925 20
35 114685 m1 494453 0 0.5 p65 929 20
132 115185 m1 773377 0 0.5 p65 931 4
29 115186 m2 381976 0 0.5 p65 931 20
38 117198 m1 501801 0 0.5 p65 939 20
3 127556 m61 38314 -0.00769857224 0.5 p65 979 4
5 128783 m60 41206 0.0107119866 0.5 p65 984 4
69 131575 m60 50688 0.00568157574 0.5 p65 995 16
40 132892 m1 504489 0 0.5 p65 1000 20
73 134125 m60 60332 0.000615469064 0.5 p65 1005 16
6 136989 m1 44443 0 0.5 p65 1016 4
66 137508 m61 38468 -0.00675038295 0.5 p65 1018 16
19 143176 m1 148893 0 0.5 p65 1040 20
46 145769 m1 641389 0 0.5 p65 1050 20
16 147788 m1 112081 0 0.5 p65 1058 9
32 148050 m2 475538 0 0.5 p65 1059 20
62 148585 m1 848184 0 0.5 p65 1061 19
9 151003 m60 59852 0.0164562408 0.5 p65 1070 4
1 156981 m1 9007 0 0.5 p65 1093 4
72 158311 m60 57711 0.0380989648 0.5 p65 1098 16
54 158568 m1 777347 0 0.5 p65 1099 16
24 160887 m1 242704 0 0.5 p65 1108 20
81 166465 m61 98797 -0.0217318591 0.5 p65 1129 16
80 166960 m2 84538 0 0.5 p65 1131 16
56 167216 m2 788123 0 0.5 p65 1132 20
55 169502 m2 787857 0 0.5 p65 1141 20
119 176902 m1 810059 0 0.5 p65 1170 5
7 177910 m60 48619 0.0145868594 0.5 p65 1174 4
120 181571 m1 836553 0 0.5 p65 1188 1
34 185012 m1 494158 0 0.5 p65 1201 20
60 186581 m1 834121 0 0.5 p65 1207 10
39 190173 m1 502085 0 0.5 p65 1221 20
65 190630 m60 38263 0.034303952 0.5 p65 1223 16
49 196062 m1 699932 0 0.5 p65 1244 14
14 205056 m61 78861 -0.00615442079 0.5 p65 1279 4
18 208156 m70 132131 0.0193082001 0.5 p65 1291 4
74 208638 m60 62365 0.000877665763 0.5 p65 1293 16
87 208674 m1 133198 0 0.5 p65 1293 5
43 209185 m1 609922 0 0.5 p65 1295 14
64 209694 m1 21571 0 0.5 p65 1297 16
102 210218 m1 835766 0 0.5 p65 1299 9
59 210719 m1 827259 0 0.5 p65 1301 19
41 211224 m3 560679 -0.0675969645 0.100000001 p65 1303 14
23 211443 m1 240036 0 0.5 p65 1304 14
97 213783 m3 613125 -0.0203475375 0.100000001 p65 1313 6
101 214029 m1 796826 0 0.5 p65 1314 7
92 214267 m1 372783 0 0.5 p65 1315 6
77 218386 m60 72562 0.00706637884 0.5 p65 1331 16
88 219205 m1 142491 0 0.5 p65 1334 5
45 219939 m1 625431 0 0.5 p65 1337 10
129 221503 m1 370820 0 0.5 p65 1343 4
2 222549 m1 23498 0 0.5 p65 1347 4
48 222812 m1 698968 0 0.5 p65 1348 10
112 224032 m2 529581 0 0.5 p65 1353 4
95 224280 m1 551146 0 0.5 p65 1354 2
126 224541 m2 200655 0 0.5 p65 1355 4
82 225316 m1 143430 0 0.5 p65 1358 10
115 225562 m1 769136 0 0.5 p65 1359 4
8 225577 m61 50267 -0.00281233666 0.5 p65 1359 4
86 226146 m1 121174 0 0.5 p65 1361 5
30 226602 m2 393214 0 0.5 p65 1363 10
131 226609 m1 639581 0 0.5 p65 1363 4
94 227393 m1 478275 0 0.5 p65 1366 2
122 228684 m1 824399 0 0.5 p65 1371 1
111 231972 m2 524596 0 0.5 p65 1384 4
113 232245 m1 572549 0 0.5 p65 1385 4
57 232732 m1 816758 0 0.5 p65 1387 5
110 232751 m1 437537 0 0.5 p65 1387 4
13 233515 m60 74611 0.000338976359 0.5 p65 1390 4
100 234539 m2 720703 0 0.5 p65 1394 2
20 234804 m1 174124 0 0.5 p65 1395 10
98 235863 m1 691026 0 0.5 p65 1399 2
31 239422 m2 450125 0 0.5 p65 1413 10
70 239443 m60 50899 0.00131592527 0.5 p65 1413 16
114 240180 m1 625380 0 0.5 p65 1416 4
25 242278 m1 309805 0 0.5 p65 1424 10
130 246046 m1 431482 0 0.5 p65 1439 4
51 246543 m2 710778 0 0.5 p65 1441 5
109 247081 m1 429712 0 0.5 p65 1443 4
108 247082 m1 376730 0 0.5 p65 1443 4
52 247086 m2 720413 0 0.5 p65 1443 5
93 247093 m2 405766 0 0.5 p65 1443 2
141 249183 m1 831546 0 0.5 p65 1451 2
118 249184 m1 543883 0 0.5 p65 1451 3
71 249454 m60 53152 0.0034982739 0.5 p65 1452 16
105 250170 m1 778012 0 0.5 p65 1455 4
99 251515 m1 706001 0 0.5 p65 1460 2
84 252296 m1 620791 0 0.5 p65 1463 2
127 252297 m1 292251 0 0.5 p65 1463 4
133 252812 m1 799945 0 0.5 p65 1465 4
96 252843 m1 554244 0 0.5 p65 1465 2
63 253675 m1 7340 0 0.5 p65 1468 7
137 254980 m1 120412 0 0.5 p65 1473 1
83 254999 m1 175910 0 0.5 p65 1473 1
117 255521 m1 420079 0 0.5 p65 1475 2
134 256240 m1 829659 0 0.5 p65 1478 1
103 256491 m1 353456 0 0.5 p65 1479 5
85 256504 m1 828256 0 0.5 p65 1479 1
128 256768 m1 307040 0 0.5 p65 1480 3
42 256769 m1 568655 0 0.5 p65 1480 3
138 257062 m2 247269 0 0.5 p65 1481 1
139 257860 m1 285303 0 0.5 p65 1484 1
90 258911 m1 217124 0 0.5 p65 1488 2
104 258913 m1 422387 0 0.5 p65 1488 4
145 259169 m1 776849 0 0.5 p65 1489 1
91 259170 m2 328832 0 0.5 p65 1489 2
136 259684 m1 557892 0 0.5 p65 1491 2
135 259940 m2 459450 0 0.5 p65 1492 2
28 260200 m81 381851 -0.00220141234 0.5 p65 1493 1
140 260447 m1 675619 0 0.5 p65 1494 1
125 260458 m1 831576 0 0.5 p65 1494 1
124 260459 m80 647650 0.0107801147 0.5 p65 1494 1
107 260998 m1 354109 0 0.5 p65 1496 1
123 261539 m1 482885 0 0.5 p65 1498 1
143 261541 m1 494608 0 0.5 p65 1498 1
142 261542 m81 264616 -0.014320937 0.5 p65 1498 1
144 261785 m80 727562 0.00484991586 0.5 p65 1499 1
106 261791 m1 838315 0 0.5 p65 1499 1
121 261804 m1 155497 0 0.5 p65 1499 1
116 262023 m1 552934 0 0.5 p65 1500 1
Genomes:
p65:0 A 0 1 2 3 4 5 6 7 8 9 10 11 12 13 14 15 16 17 18 19 20 21 22 23 24 25 26 27 28 29 30 31 32 33 34 35 36 37 38 39 40 41 42 43 44 45 46 47 48 49 50 51 52 53 54 55 56 57 58 59 60 61 62
p65:1 A 63 64 65 66 67 68 69 70 71 72 73 74 75 76 77 78 79 80 81 82 19 20 83 21 22 23 24 25 26 27 29 30 31 32 33 34 35 36 37 38 39 40 41 43 84 44 45 46 47 48 49 50 51 52 53 54 55 56 57 58 59 85 60 61 62
p65:2 A 64 65 66 67 68 69 70 71 72 73 74 75 76 77 78 79 80 81 16 17 86 87 88 19 89 21 90 22 24 91 26 27 92 29 93 32 94 33 34 35 36 37 38 39 40 95 96 97 44 46 98 47 50 99 100 53 54 55 56 101 58 59 102 61 62
p65:3 A 63 64 65 66 67 68 69 70 71 72 73 74 75 76 77 78 79 80 81 82 19 20 21 22 23 24 25 26 27 103 29 30 104 31 32 33 34 35 36 37 38 39 40 41 43 44 45 46 47 48 49 50 53 54 105 55 56 58 59 102 106 61 62
p65:4 A 64 65 66 67 68 69 70 71 72 73 74 75 76 77 78 79 80 81 19 89 21 22 24 26 27 107 92 108 29 109 110 32 33 34 35 36 37 38 39 40 111 112 113 97 44 114 46 47 50 115 53 54 55 56 101 58 59 102 61 62
p65:5 A 64 65 66 67 68 69 70 71 72 73 74 75 76 77 78 79 80 81 16 17 86 87 88 19 20 21 22 23 24 25 26 27 29 30 31 32 33 34 35 36 37 38 39 40 41 42 43 44 45 46 47 48 49 50 51 52 53 54 55 56 57 58 59 60 61 62
p65:6 A 63 64 65 66 67 68 69 70 71 72 73 74 75 76 77 78 79 80 81 82 19 20 21 22 23 24 25 26 27 103 29 30 104 31 32 33 34 35 36 37 38 39 40 116 41 43 44 45 46 47 48 49 50 53 54 105 55 56 58 59 102 61 62
p65:7 A 0 1 2 3 4 5 6 7 8 9 10 11 12 13 14 15 16 17 18 19 89 21 22 24 26 27 92 108 29 117 109 110 32 33 34 35 36 37 38 39 40 111 112 118 113 97 44 114 46 47 50 115 53 54 55 56 101 119 58 59 60 120 61 62
p65:8 A 63 64 65 66 67 68 69 70 71 72 73 74 75 76 77 78 79 80 81 82 19 121 20 21 22 23 24 25 26 27 103 29 30 31 32 33 34 35 36 37 38 39 40 41 43 44 45 46 47 48 49 50 53 54 55 56 101 58 122 61
p65:9 A 64 65 66 67 68 69 70 71 72 73 74 75 76 77 78 79 80 81 16 17 86 87 88 19 89 21 90 22 24 91 26 27 92 29 93 32 94 33 34 35 36 37 38 39 40 95 96 97 44 46 98 47 50 99 100 53 54 55 56 101 58 59 102 61 62
p65:10 A 63 64 65 66 67 68 69 70 71 72 73 74 75 76 77 78 79 80 81 82 19 20 21 22 23 24 25 26 27 103 29 30 104 31 32 33 34 35 36 37 38 39 40 41 43 44 45 46 47 48 49 50 53 54 105 55 56 58 59 102 61 62
p65:11 A 64 65 66 67 68 69 70 71 72 73 74 75 76 77 78 79 80 81 16 17 86 87 88 19 20 21 22 23 24 25 26 27 29 30 31 32 33 34 35 36 37 38 39 40 41 42 43 44 45 46 47 48 49 50 51 52 53 54 55 56 57 58 59 60 61 62
p65:12 A 63 64 65 66 67 68 69 70 71 72 73 74 75 76 77 78 79 80 81 82 19 20 21 22 23 24 25 26 27 29 30 31 32 33 123 34 35 36 37 38 39 40 41 43 84 44 45 46 124 47 48 49 50 51 52 53 54 55 56 57 58 59 125 60 61 62
p65:13 A 64 65 66 67 68 69 70 71 72 73 74 75 76 77 78 79 80 81 82 19 126 21 22 23 24 127 128 26 27 129 29 130 32 33 34 35 36 37 38 39 40 41 43 44 131 46 47 49 50 53 132 55 56 133 119 58 59 60 61 62
p65:14 A 64 65 66 67 68 69 70 71 72 73 74 75 76 77 78 79 80 81 16 17 86 87 88 19 89 126 21 22 23 24 127 26 27 129 29 130 32 33 34 35 36 37 38 39 40 41 43 44 131 46 47 49 50 53 132 55 56 133 119 58 59 134 60 61 62
p65:15 A 63 64 65 66 67 68 69 70 71 72 73 74 75 76 77 78 79 80 81 82 19 20 21 22 23 24 25 26 27 103 29 30 104 31 32 33 34 35 36 37 38 39 40 41 43 44 45 46 47 48 49 50 53 54 105 55 56 58 59 102 61 62
p65:16 A 64 65 66 67 68 69 70 71 72 73 74 75 76 77 78 79 80 81 82 19 126 21 22 23 24 127 128 26 27 129 29 130 135 32 33 34 35 36 37 38 39 40 136 41 43 44 131 46 47 49 50 53 132 55 56 133 119 58 59 60 61 62
p65:17 A 64 65 66 67 68 69 70 71 72 73 74 75 76 77 78 79 80 81 82 19 126 21 22 23 24 127 128 26 27 129 29 130 135 32 33 34 35 36 37 38 39 40 136 41 43 44 131 46 47 49 50 53 132 55 56 133 119 58 59 60 61 62
p65:18 A 0 1 2 3 4 5 6 7 8 9 10 11 12 13 14 15 16 17 137 18 19 89 21 22 24 138 139 26 27 92 108 29 109 110 32 33 34 35 36 37 38 39 40 111 112 118 113 97 44 114 46 140 47 50 115 53 54 55 56 101 58 59 141 102 61 62
p65:19 A 0 1 2 3 4 5 6 7 8 9 10 11 12 13 14 15 16 17 18 19 89 21 22 24 142 26 27 92 108 29 117 109 110 32 33 34 35 143 36 37 38 39 40 111 112 118 113 97 44 114 46 47 50 144 115 53 145 54 55 56 101 58 59 141 102 61 62
