//
segsites: 167
positions: 0.0022200000 0.0070070588 0.0086352941 0.0105964706 0.0253776471 0.0276447059 0.0306858824 0.0450152941 0.0450752941 0.0452564706 0.0453341176 0.0458058824 0.0458800000 0.0470647059 0.0483929412 0.0484776471 0.0522858824 0.0571988235 0.0589623529 0.0591376471 0.0596329412 0.0598811765 0.0625317647 0.0667494118 0.0678952941 0.0682200000 0.0704141176 0.0709788235 0.0728000000 0.0733705882 0.0736964706 0.0756211765 0.0765141176 0.0768635294 0.0818152941 0.0824058824 0.0853670588 0.0870023529 0.0870670588 0.0875011765 0.0877776471 0.0886047059 0.0927776471 0.0945317647 0.0981905882 0.0993047059 0.0994564706 0.1008129412 0.1077141176 0.1079941176 0.1099388235 0.1162317647 0.1227776471 0.1318600000 0.1325976471 0.1425576471 0.1554482353 0.1567035294 0.1676364706 0.1687411765 0.1751682353 0.1829258824 0.2048517647 0.2061400000 0.2360647059 0.2433258824 0.2504741176 0.2554400000 0.2771917647 0.2815811765 0.2823952941 0.2855341176 0.2955858824 0.3388529412 0.3438247059 0.3644764706 0.3868611765 0.4044694118 0.4048458824 0.4158305882 0.4165988235 0.4362588235 0.4385682353 0.4432117647 0.4493835294 0.4626047059 0.4682964706 0.4710000000 0.4724035294 0.4773717647 0.4860670588 0.4942105882 0.4969258824 0.5041141176 0.5055435294 0.5076258824 0.5140929412 0.5147494118 0.5295588235 0.5350141176 0.5594564706 0.5626764706 0.5656729412 0.5726023529 0.5743094118 0.5799529412 0.5813623529 0.5817094118 0.5852482353 0.5899470588 0.5903541176 0.5906882353 0.5935164706 0.6025341176 0.6162211765 0.6171717647 0.6230364706 0.6398623529 0.6484070588 0.6520517647 0.6596223529 0.6690058824 0.6735870588 0.7134600000 0.7175552941 0.7213235294 0.7344764706 0.7357411765 0.7358011765 0.7524482353 0.7545752941 0.7772529412 0.8129717647 0.8153682353 0.8173729412 0.8223152941 0.8234494118 0.8282317647 0.8305894118 0.8322317647 0.8362094118 0.8475447059 0.8478858824 0.8485352941 0.8613305882 0.9048658824 0.9087623529 0.9098552941 0.9145258824 0.9153082353 0.9158094118 0.9268905882 0.9272035294 0.9374423529 0.9411117647 0.9530105882 0.9608917647 0.9629588235 0.9698811765 0.9732458824 0.9760694118 0.9782894118 0.9813188235 0.9832541176 0.9841800000 0.9956729412 0.9978635294
00101001011100000000111010010100001110000100101000010000000110000010010100000110001110000000001011001010001111111001110000100111001000100100000001101001110001010101011
01010100100000111101000000101000010000011010000000100110100010100010010100000110001110000000001001001010001111111011100000100111001000100100000001101001110001010001011
00001001011100000000111010010100001110000100101000010000000111000010010100000110001110000000001001001010001111111001100000100111001000100100000001101001110001010010011
00101001011100000000111010010100001110000100101000010000000110100010011100010111000011000000100000101010001111111000000010001010101000111100000000101101100001010001011
00101001011100000000111011010100001110000100101000010000000110100010011100010111000011000000000000101010001111111000000010001010101000111100000000101001110001100000010
01010100100000111101000000101000010000011010000000100110100010100010010100000110001110000000001001001010001111111011100000100111001000100100000001101001110011010010011
01010000100001111110000000101000010000010000000100101111011011000110010110000110001010000100000000011111001111111000001100000110001010100110001000101001110001010001011
00101001011100000000111010010100001110000100101000010000000110100010011100010111000011000000100000101010001111111000000010001010101000111100000000101101100001010001011
00001001011100000000111010010100001110000100101000010111011011000010010100000110001010000100000000001110001111111000001100010110001010100110001000101001110001010001011
00101001011100000000111010010100001110000100101000010000000110000010010100000110001110000000001011001010001111111001110000100111001000100100000001101001110001010101011
00001001011100000000111010010100001110000100101000010000000011000010010100000110101110000000001001001010001111111001100000100111001000100100000001101001110001010001011
01010100100000111101000000101000010000011010000000100110100011001010011101000110010010101010000000001010001111111000000010001010011001101101000000110011100101010001011
00001001011100000000111010010100001110000100101000010000000110001010111100100110010010000000000100001010001111111000000010001010011000101100000000110001101101011010011
01010100100000111101000000101000010000011010000000100110100010100010011100010110000011000000010000101010001111111000000011001010101000111100110000101001100011010010011
10000010000110000000000100000011101001100101110011000000000110011010011100000110010010010000000000001010111111111100000010001010011000101100000110110001100101010010111
01010100100000111101000000101000010000011010000000100110100011000010010100000110001110000001001001001010001111111001110000100111001100100100000001101001110001010101011
00001001011100000000111010010100001110000100101000010000000110001010111100100110010010000000000100001010001111111000000010001010011000101100000000110001101101011010011
01010100100000111101000000101000010000011010000000100110100010100010010100000110001110000000001001001010001111111011100000100111001000100100000001101001110001010001011
00101001011100000000111010010100001110000100101000010000000110100010011100010111000011000000100000101010001111111000000010001010101000111100000000101101100001010001011
00001001011100000000111010010100001110000100101000010111011011000011010100001110001010000100000000001110001111111000001100000110001010100110001000101001110001010001011
