#OUT: 1500 SS p73 20 ./Data/spartansSample.txt
Mutations:
23 2021 m60 72275 0.0165959764 0.5 p72 13 14
173 3266 m60 64677 0.0214040838 0.5 p72 20 6
43 5286 m1 164627 0 0.5 p72 32 20
164 6337 m2 55151 0 0.5 p72 38 6
63 6856 m2 275273 0 0.5 p72 41 20
41 8921 m1 138880 0 0.5 p72 53 20
93 9760 m2 474822 0 0.5 p72 58 20
145 9910 m1 835579 0 0.5 p72 59 20
136 11063 m1 775435 0 0.5 p72 65 20
64 12643 m1 290039 0 0.5 p72 74 20
37 13218 m60 98972 0.00259789871 0.5 p72 77 14
58 13449 m1 240914 0 0.5 p72 79 20
62 14933 m80 263836 0.000394968432 0.5 p72 88 20
69 15270 m2 330398 0 0.5 p72 89 20
156 16240 m60 41279 0.00201322371 0.5 p72 95 6
102 18038 m80 528131 0.00885213818 0.5 p72 106 20
172 18120 m2 64340 0 0.5 p72 107 6
33 18225 m60 90722 0.00548998173 0.5 p72 107 14
57 18641 m1 233764 0 0.5 p72 110 20
59 19611 m1 241533 0 0.5 p72 115 20
185 22893 m60 87029 0.0111821452 0.5 p72 134 6
8 23899 m1 48714 0 0.5 p72 140 14
24 24843 m60 74595 0.0168126039 0.5 p72 145 14
187 26860 m60 88957 0.0154233361 0.5 p72 157 6
94 31245 m3 484729 -0.00252343784 0.100000001 p72 183 20
116 31977 m1 631864 0 0.5 p72 188 20
51 34014 m80 206813 0.0136801479 0.5 p72 200 20
30 35312 m60 86093 0.0126508018 0.5 p72 208 14
78 35600 m2 396241 0 0.5 p72 209 20
110 36658 m1 567064 0 0.5 p72 215 20
35 36659 m60 91577 0.0115887905 0.5 p72 215 14
97 37816 m1 487450 0 0.5 p72 222 20
169 42554 m61 62307 -0.00641770428 0.5 p72 253 6
171 42645 m60 62733 0.0111041786 0.5 p72 255 6
89 42909 m1 443102 0 0.5 p72 264 20
125 43818 m1 705318 0 0.5 p72 290 20
124 44016 m1 693360 0 0.5 p72 295 20
76 44079 m3 357977 -3.75555965e-06 0.100000001 p72 297 20
2 44258 m1 24602 0 0.5 p72 302 14
14 44451 m2 57896 0 0.5 p72 306 14
34 44573 m60 91427 0.00277440436 0.5 p72 309 14
178 45279 m61 69904 -0.010324263 0.5 p72 329 6
32 45940 m60 89063 0.000109133987 0.5 p72 347 14
157 46231 m60 42693 0.0231236629 0.5 p72 354 6
107 47763 m1 544742 0 0.5 p72 397 20
28 47768 m2 82196 0 0.5 p72 398 14
115 48882 m1 629976 0 0.5 p72 429 20
27 49260 m60 81909 0.00028478264 0.5 p72 439 14
119 49717 m80 649610 0.0139173064 0.5 p72 452 20
123 49896 m1 686341 0 0.5 p72 456 20
122 49897 m2 662871 0 0.5 p72 456 20
114 49964 m80 607845 0.00837642327 0.5 p72 458 20
73 50069 m1 345770 0 0.5 p72 461 20
151 50118 m1 18110 0 0.5 p72 462 6
186 50441 m1 87270 0 0.5 p72 471 6
15 50618 m60 62351 0.0203027464 0.5 p72 476 14
71 50632 m2 343776 0 0.5 p72 476 20
165 50756 m60 57406 0.000382972299 0.5 p72 479 6
152 50775 m1 22795 0 0.5 p72 480 6
146 51250 m1 836702 0 0.5 p72 493 20
155 51251 m1 28071 0 0.5 p72 493 6
9 51540 m61 52640 -0.00851076748 0.5 p72 500 14
83 51645 m2 408977 0 0.5 p72 503 20
46 51764 m1 175762 0 0.5 p72 507 20
26 51875 m60 79717 0.00628783554 0.5 p72 510 14
54 52223 m1 215882 0 0.5 p72 520 20
53 53603 m2 212194 0 0.5 p72 557 20
189 53938 m1 96779 0 0.5 p72 566 6
88 54263 m1 439919 0 0.5 p72 575 20
162 54576 m60 50963 0.0158418138 0.5 p72 583 6
179 54679 m1 71152 0 0.5 p72 585 6
49 54680 m80 196673 0.0147873051 0.5 p72 585 20
4 55011 m1 41662 0 0.5 p72 593 14
29 55012 m2 84084 0 0.5 p72 593 14
134 55245 m1 768355 0 0.5 p72 599 20
174 55683 m61 64709 -0.00743258232 0.5 p72 610 6
98 55971 m1 504459 0 0.5 p72 618 20
25 56380 m1 78422 0 0.5 p72 628 14
3 56438 m2 38519 0 0.5 p72 629 14
85 56485 m1 430179 0 0.5 p72 630 20
106 56850 m2 537819 0 0.5 p72 640 20
127 57039 m80 714927 0.00890620332 0.5 p72 645 20
13 57225 m60 57229 0.0104598654 0.5 p72 649 14
66 57262 m2 312272 0 0.5 p72 650 20
10 57878 m60 52640 0.00728610344 0.5 p72 666 14
113 57903 m2 597111 0 0.5 p72 667 20
144 58084 m1 805241 0 0.5 p72 672 20
100 58937 m2 513665 0 0.5 p72 693 20
52 58989 m2 207692 0 0.5 p72 694 20
105 59067 m2 536152 0 0.5 p72 696 20
48 59169 m80 185567 0.00825146306 0.5 p72 699 20
176 60010 m60 67127 0.0109318048 0.5 p72 703 6
194 62113 m2 207156 0 0.5 p72 713 6
84 63135 m1 412779 0 0.5 p72 718 14
159 63332 m60 45158 0.0111743575 0.5 p72 719 6
140 64185 m2 785515 0 0.5 p72 723 20
227 65612 m1 568027 0 0.5 p72 730 6
210 65812 m1 431585 0 0.5 p72 731 6
209 66045 m1 424296 0 0.5 p72 732 6
31 67112 m60 86263 0.00187975192 0.5 p72 737 14
147 71753 m1 840056 0 0.5 p72 759 20
166 72778 m1 58348 0 0.5 p72 764 6
19 73009 m1 66139 0 0.5 p72 765 14
232 73191 m81 660171 -0.00283634686 0.5 p72 766 6
131 73882 m80 732493 0.00236200658 0.5 p72 769 20
141 73883 m1 789042 0 0.5 p72 769 20
167 75167 m60 61937 0.00341696036 0.5 p72 774 6
91 75369 m2 465619 0 0.5 p72 775 14
143 75375 m1 798163 0 0.5 p72 775 20
5 75383 m60 42678 0.059501864 0.5 p72 775 14
70 75660 m81 337175 -0.0200753622 0.5 p72 776 14
111 77032 m1 573259 0 0.5 p72 782 14
61 78050 m81 258993 -0.00228686677 0.5 p72 786 14
212 78089 m1 442008 0 0.5 p72 786 6
226 81913 m1 562652 0 0.5 p72 801 6
137 84236 m1 777025 0 0.5 p72 810 20
38 84446 m1 107751 0 0.5 p72 811 20
44 86766 m1 164974 0 0.5 p72 820 20
17 87257 m60 64776 0.0161520559 0.5 p72 822 14
214 87336 m80 460449 0.022240296 0.5 p72 822 6
130 87337 m2 729501 0 0.5 p72 822 20
233 87825 m2 665339 0 0.5 p72 824 6
170 89117 m61 62723 -0.000936236815 0.5 p72 829 6
180 89118 m1 77695 0 0.5 p72 829 6
50 90675 m2 201388 0 0.5 p72 835 14
45 91755 m1 171415 0 0.5 p72 839 14
181 92014 m60 79217 0.00317777507 0.5 p72 840 6
234 92447 m80 668055 0.0017237413 0.5 p72 842 6
47 94589 m80 182781 0.00562919537 0.5 p72 850 14
206 96365 m1 361278 0 0.5 p72 857 6
36 96970 m3 94925 -0.000541354995 0.100000001 p72 859 14
149 97728 m1 7585 0 0.5 p72 862 6
108 97794 m1 552987 0 0.5 p72 862 14
12 99963 m1 54249 0 0.5 p72 871 14
221 99980 m2 533137 0 0.5 p72 871 6
239 100805 m1 697029 0 0.5 p72 874 6
74 101079 m1 351666 0 0.5 p73 875 14
67 101337 m80 323443 0.00807399582 0.5 p73 876 14
175 101733 m60 64742 0.00526319304 0.5 p72 878 6
238 102041 m1 693860 0 0.5 p72 879 6
112 103121 m80 587370 0.00230039167 0.5 p73 883 14
202 105817 m1 295880 0 0.5 p72 894 6
6 108038 m60 43816 0.00619200943 0.5 p72 902 14
92 109316 m80 468266 7.38029921e-05 0.5 p73 907 14
204 110856 m1 344714 0 0.5 p72 913 6
200 111587 m1 279702 0 0.5 p72 916 6
161 114107 m61 50398 -0.0309765413 0.5 p72 926 6
199 114108 m2 264992 0 0.5 p72 926 6
192 114605 m80 193148 0.0300682411 0.5 p72 928 6
132 114845 m1 753937 0 0.5 p72 929 20
99 117171 m80 513290 0.00281212828 0.5 p73 938 14
188 117917 m60 91856 0.0189007726 0.5 p72 941 6
20 118652 m60 67203 0.0377480648 0.5 p72 944 14
142 119621 m100 793821 0.0066168909 0.5 p72 948 20
79 124420 m2 399746 0 0.5 p73 966 14
16 126439 m60 62391 0.00663362769 0.5 p72 974 14
177 126450 m61 67204 -0.00248271646 0.5 p72 974 6
222 126948 m2 536764 0 0.5 p72 976 6
87 127531 m1 438756 0 0.5 p73 978 14
205 128005 m1 354366 0 0.5 p72 980 6
129 128170 m81 726545 -0.00353046483 0.5 p72 981 20
121 128542 m2 656771 0 0.5 p73 982 14
148 128662 m1 847636 0 0.5 p72 983 20
60 131294 m80 245770 0.0031025426 0.5 p73 993 14
168 136081 m60 62077 0.000178236092 0.5 p72 1012 6
11 136956 m61 53086 -0.0168249644 0.5 p72 1015 14
216 139266 m2 469191 0 0.5 p72 1024 6
229 139663 m1 622068 0 0.5 p72 1026 6
237 140444 m1 689632 0 0.5 p72 1029 6
18 141823 m60 64901 0.00742029445 0.5 p72 1034 14
153 146235 m1 24558 0 0.5 p72 1051 6
7 146875 m60 47808 0.0293432306 0.5 p72 1054 14
39 149849 m1 108359 0 0.5 p72 1065 20
231 150346 m80 657532 0.0138508435 0.5 p72 1067 6
82 152599 m2 408308 0 0.5 p73 1075 14
207 153284 m1 363579 0 0.5 p72 1078 6
75 154903 m1 352862 0 0.5 p73 1084 14
235 155606 m2 671691 0 0.5 p72 1087 6
21 157957 m60 69603 0.00299584889 0.5 p72 1096 14
0 158975 m1 11746 0 0.5 p72 1100 14
217 159267 m2 471436 0 0.5 p72 1101 6
65 159809 m1 296932 0 0.5 p73 1103 14
158 161098 m60 42937 7.82886709e-05 0.5 p72 1108 6
208 162594 m2 393537 0 0.5 p72 1114 6
203 165052 m1 301500 0 0.5 p72 1123 6
236 166389 m1 676693 0 0.5 p72 1128 6
201 166665 m1 289692 0 0.5 p72 1129 6
198 168930 m1 233555 0 0.5 p72 1138 6
1 169392 m1 17874 0 0.5 p72 1140 14
225 170219 m1 556534 0 0.5 p72 1143 6
118 173568 m1 638706 0 0.5 p73 1156 14
182 174751 m60 79707 0.00633615861 0.5 p72 1161 6
219 174798 m1 495052 0 0.5 p72 1161 6
197 176306 m1 226283 0 0.5 p72 1167 6
77 176877 m2 380342 0 0.5 p73 1169 14
163 182014 m60 52554 0.00569292577 0.5 p72 1189 6
228 184712 m80 581590 0.0216303933 0.5 p72 1199 6
103 185790 m80 529466 0.0120445192 0.5 p73 1203 14
195 190313 m3 217426 -0.000615235651 0.100000001 p72 1221 6
190 192331 m70 137276 0.00907137897 0.5 p72 1229 6
193 195912 m80 205472 0.0179183539 0.5 p72 1243 6
160 195913 m1 46529 0 0.5 p72 1243 6
56 198316 m1 232736 0 0.5 p73 1252 14
139 200628 m1 782064 0 0.5 p73 1261 20
109 200629 m1 555311 0 0.5 p73 1261 14
101 202660 m2 519979 0 0.5 p73 1269 14
95 202661 m1 485718 0 0.5 p73 1269 14
68 210454 m80 328093 0.0125964656 0.5 p73 1299 14
183 214245 m3 80303 -0.000760331983 0.100000001 p73 1314 6
223 216851 m1 549677 0 0.5 p73 1324 6
154 216852 m1 25574 0 0.5 p73 1324 6
138 217324 m1 780859 0 0.5 p73 1326 20
128 218382 m80 718000 0.00120406109 0.5 p73 1330 14
215 218915 m81 467621 -0.00271966471 0.5 p73 1332 6
224 219175 m1 553855 0 0.5 p73 1333 6
72 219696 m1 345152 0 0.5 p73 1335 14
22 219697 m1 70962 0 0.5 p73 1335 14
230 221493 m2 647016 0 0.5 p73 1342 6
104 222532 m2 535626 0 0.5 p73 1346 14
86 224778 m1 436386 0 0.5 p73 1355 14
55 230691 m3 224767 -0.191625088 0.100000001 p73 1378 14
133 232721 m1 762374 0 0.5 p73 1386 20
191 236649 m2 187228 0 0.5 p73 1401 6
117 236918 m1 633005 0 0.5 p73 1402 14
196 237937 m1 223895 0 0.5 p73 1406 6
42 237938 m1 161646 0 0.5 p73 1406 14
135 238428 m1 769909 0 0.5 p73 1408 14
120 240171 m81 650373 -0.016699722 0.5 p73 1415 14
220 240172 m1 499994 0 0.5 p73 1415 6
184 246536 m2 82138 0 0.5 p73 1440 6
218 246537 m1 491471 0 0.5 p73 1440 6
80 246808 m2 404960 0 0.5 p73 1441 14
40 248418 m1 120873 0 0.5 p73 1447 14
213 252553 m81 443796 -0.0166036505 0.5 p73 1463 6
211 254706 m1 440295 0 0.5 p73 1471 6
81 254707 m2 406007 0 0.5 p73 1471 14
126 257037 m80 707802 0.00227030367 0.5 p73 1480 14
90 259150 m2 455308 0 0.5 p73 1488 14
240 260435 m2 76520 0 0.5 p73 1493 6
96 260710 m1 485867 0 0.5 p73 1494 8
150 261772 m51 16763 -0.00253874995 0.5 p73 1498 2
241 262017 m3 368755 -0.00697195437 0.100000001 p73 1499 6
Genomes:
p73:0 A 0 1 2 3 4 5 6 7 8 9 10 11 12 13 14 15 16 17 18 19 20 21 22 23 24 25 26 27 28 29 30 31 32 33 34 35 36 37 38 39 40 41 42 43 44 45 46 47 48 49 50 51 52 53 54 55 56 57 58 59 60 61 62 63 64 65 66 67 68 69 70 71 72 73 74 75 76 77 78 79 80 81 82 83 84 85 86 87 88 89 90 91 92 93 94 95 96 97 98 99 100 101 102 103 104 105 106 107 108 109 110 111 112 113 114 115 116 117 118 119 120 121 122 123 124 125 126 127 128 129 130 131 132 133 134 135 136 137 138 139 140 141 142 143 144 145 146 147 148
p73:1 A 0 1 2 3 4 5 6 7 8 9 10 11 12 13 14 15 16 17 18 19 20 21 22 23 24 25 26 27 28 29 30 31 32 33 34 35 36 37 38 39 40 41 42 43 44 45 46 47 48 49 50 51 52 53 54 55 56 57 58 59 60 61 62 63 64 65 66 67 68 69 70 71 72 73 74 75 76 77 78 79 80 81 82 83 84 85 86 87 88 89 90 91 92 93 94 95 96 97 98 99 100 101 102 103 104 105 106 107 108 109 110 111 112 113 114 115 116 117 118 119 120 121 122 123 124 125 126 127 128 129 130 131 132 133 134 135 136 137 138 139 140 141 142 143 144 145 146 147 148
p73:2 A 0 1 2 3 4 5 6 7 8 9 10 11 12 13 14 15 16 17 18 19 20 21 22 23 24 25 26 27 28 29 30 31 32 33 34 35 36 37 38 39 40 41 42 43 44 45 46 47 48 49 50 51 52 53 54 55 56 57 58 59 60 61 62 63 64 65 66 67 68 69 70 71 72 73 74 75 76 77 78 79 80 81 82 83 84 85 86 87 88 89 90 91 92 93 94 95 96 97 98 99 100 101 102 103 104 105 106 107 108 109 110 111 112 113 114 115 116 117 118 119 120 121 122 123 124 125 126 127 128 129 130 131 132 133 134 135 136 137 138 139 140 141 142 143 144 145 146 147 148
p73:3 A 149 150 151 152 153 154 155 156 157 158 159 160 161 162 163 164 165 166 167 168 169 170 171 172 173 174 175 176 177 178 179 180 181 182 183 184 185 186 187 188 189 38 39 190 41 43 44 46 48 191 192 49 193 51 194 52 53 54 195 196 197 198 57 58 59 62 199 63 200 201 64 202 203 66 69 71 204 73 205 76 206 207 208 78 83 209 85 210 88 211 212 89 213 214 215 216 217 93 94 97 218 219 220 98 100 102 221 105 222 106 107 223 224 225 226 110 227 228 113 114 229 115 116 230 119 231 232 122 233 234 235 236 123 237 124 238 239 125 127 129 130 131 132 133 134 136 137 138 139 140 141 142 143 144 145 146 147 148
p73:4 A 149 151 152 153 154 155 156 157 158 159 160 161 162 163 164 165 166 167 168 169 170 171 172 173 174 175 176 177 178 179 180 181 182 183 184 185 186 187 188 189 38 39 190 41 43 44 46 48 191 192 49 193 51 194 52 53 54 195 196 197 198 57 58 59 62 199 63 200 201 64 202 203 66 69 71 204 73 205 76 206 207 208 78 83 209 85 210 88 211 212 89 213 214 215 216 217 93 94 97 218 219 220 98 100 102 221 105 222 106 107 223 224 225 226 110 227 228 113 114 229 115 116 230 119 231 232 122 233 234 235 236 123 237 124 238 239 125 127 129 130 131 132 133 134 136 137 138 139 140 141 142 143 144 145 146 147 148
p73:5 A 149 151 152 153 154 155 156 157 158 159 160 161 162 163 164 165 166 167 168 169 170 171 172 173 174 175 176 177 178 179 180 181 182 183 184 185 186 187 188 189 38 39 190 41 43 44 46 48 191 192 49 193 51 194 52 53 54 195 196 197 198 57 58 59 62 199 63 200 201 64 202 203 66 69 71 204 73 205 76 206 207 208 78 83 209 85 210 88 211 212 89 213 214 215 216 217 93 94 97 218 219 220 98 100 102 221 105 222 106 107 223 224 225 226 110 227 228 113 114 229 115 116 230 119 231 232 122 233 234 235 236 123 237 124 238 239 125 127 129 130 131 132 133 134 136 137 138 139 140 141 142 143 144 145 146 147 148
p73:6 A 149 150 151 152 153 154 155 156 157 158 159 160 161 162 163 164 165 166 167 168 169 170 171 172 173 174 175 176 177 178 179 180 181 182 183 184 185 186 187 188 189 38 39 190 41 43 44 46 48 191 192 49 193 51 194 52 53 54 195 196 197 198 57 58 59 62 199 63 200 201 64 202 203 66 69 71 204 73 205 76 206 207 208 78 83 209 85 210 88 211 212 89 213 214 215 216 217 93 94 97 218 219 220 98 100 102 221 105 222 106 107 223 224 225 226 110 227 228 113 114 229 115 116 230 119 231 232 122 233 234 235 236 123 237 124 238 239 125 127 129 130 131 132 133 134 136 137 138 139 140 141 142 143 144 145 146 147 148
p73:7 A 0 1 2 3 4 5 6 7 8 9 10 11 12 13 14 15 16 17 18 19 20 21 22 23 24 240 25 26 27 28 29 30 31 32 33 34 35 36 37 38 39 40 41 42 43 44 45 46 47 48 49 50 51 52 53 54 55 56 57 58 59 60 61 62 63 64 65 66 67 68 69 70 71 72 73 74 75 76 241 77 78 79 80 81 82 83 84 85 86 87 88 89 90 91 92 93 94 95 97 98 99 100 101 102 103 104 105 106 107 108 109 110 111 112 113 114 115 116 117 118 119 120 121 122 123 124 125 126 127 128 129 130 131 132 133 134 135 136 137 138 139 140 141 142 143 144 145 146 147 148
p73:8 A 0 1 2 3 4 5 6 7 8 9 10 11 12 13 14 15 16 17 18 19 20 21 22 23 24 240 25 26 27 28 29 30 31 32 33 34 35 36 37 38 39 40 41 42 43 44 45 46 47 48 49 50 51 52 53 54 55 56 57 58 59 60 61 62 63 64 65 66 67 68 69 70 71 72 73 74 75 76 241 77 78 79 80 81 82 83 84 85 86 87 88 89 90 91 92 93 94 95 97 98 99 100 101 102 103 104 105 106 107 108 109 110 111 112 113 114 115 116 117 118 119 120 121 122 123 124 125 126 127 128 129 130 131 132 133 134 135 136 137 138 139 140 141 142 143 144 145 146 147 148
p73:9 A 0 1 2 3 4 5 6 7 8 9 10 11 12 13 14 15 16 17 18 19 20 21 22 23 24 25 26 27 28 29 30 31 32 33 34 35 36 37 38 39 40 41 42 43 44 45 46 47 48 49 50 51 52 53 54 55 56 57 58 59 60 61 62 63 64 65 66 67 68 69 70 71 72 73 74 75 76 77 78 79 80 81 82 83 84 85 86 87 88 89 90 91 92 93 94 95 96 97 98 99 100 101 102 103 104 105 106 107 108 109 110 111 112 113 114 115 116 117 118 119 120 121 122 123 124 125 126 127 128 129 130 131 132 133 134 135 136 137 138 139 140 141 142 143 144 145 146 147 148
p73:10 A 0 1 2 3 4 5 6 7 8 9 10 11 12 13 14 15 16 17 18 19 20 21 22 23 24 240 25 26 27 28 29 30 31 32 33 34 35 36 37 38 39 40 41 42 43 44 45 46 47 48 49 50 51 52 53 54 55 56 57 58 59 60 61 62 63 64 65 66 67 68 69 70 71 72 73 74 75 76 241 77 78 79 80 81 82 83 84 85 86 87 88 89 90 91 92 93 94 95 97 98 99 100 101 102 103 104 105 106 107 108 109 110 111 112 113 114 115 116 117 118 119 120 121 122 123 124 125 126 127 128 129 130 131 132 133 134 135 136 137 138 139 140 141 142 143 144 145 146 147 148
p73:11 A 0 1 2 3 4 5 6 7 8 9 10 11 12 13 14 15 16 17 18 19 20 21 22 23 24 25 26 27 28 29 30 31 32 33 34 35 36 37 38 39 40 41 42 43 44 45 46 47 48 49 50 51 52 53 54 55 56 57 58 59 60 61 62 63 64 65 66 67 68 69 70 71 72 73 74 75 76 77 78 79 80 81 82 83 84 85 86 87 88 89 90 91 92 93 94 95 96 97 98 99 100 101 102 103 104 105 106 107 108 109 110 111 112 113 114 115 116 117 118 119 120 121 122 123 124 125 126 127 128 129 130 131 132 133 134 135 136 137 138 139 140 141 142 143 144 145 146 147 148
p73:12 A 0 1 2 3 4 5 6 7 8 9 10 11 12 13 14 15 16 17 18 19 20 21 22 23 24 25 26 27 28 29 30 31 32 33 34 35 36 37 38 39 40 41 42 43 44 45 46 47 48 49 50 51 52 53 54 55 56 57 58 59 60 61 62 63 64 65 66 67 68 69 70 71 72 73 74 75 76 77 78 79 80 81 82 83 84 85 86 87 88 89 90 91 92 93 94 95 96 97 98 99 100 101 102 103 104 105 106 107 108 109 110 111 112 113 114 115 116 117 118 119 120 121 122 123 124 125 126 127 128 129 130 131 132 133 134 135 136 137 138 139 140 141 142 143 144 145 146 147 148
p73:13 A 0 1 2 3 4 5 6 7 8 9 10 11 12 13 14 15 16 17 18 19 20 21 22 23 24 240 25 26 27 28 29 30 31 32 33 34 35 36 37 38 39 40 41 42 43 44 45 46 47 48 49 50 51 52 53 54 55 56 57 58 59 60 61 62 63 64 65 66 67 68 69 70 71 72 73 74 75 76 241 77 78 79 80 81 82 83 84 85 86 87 88 89 90 91 92 93 94 95 97 98 99 100 101 102 103 104 105 106 107 108 109 110 111 112 113 114 115 116 117 118 119 120 121 122 123 124 125 126 127 128 129 130 131 132 133 134 135 136 137 138 139 140 141 142 143 144 145 146 147 148
p73:14 A 0 1 2 3 4 5 6 7 8 9 10 11 12 13 14 15 16 17 18 19 20 21 22 23 24 240 25 26 27 28 29 30 31 32 33 34 35 36 37 38 39 40 41 42 43 44 45 46 47 48 49 50 51 52 53 54 55 56 57 58 59 60 61 62 63 64 65 66 67 68 69 70 71 72 73 74 75 76 241 77 78 79 80 81 82 83 84 85 86 87 88 89 90 91 92 93 94 95 97 98 99 100 101 102 103 104 105 106 107 108 109 110 111 112 113 114 115 116 117 118 119 120 121 122 123 124 125 126 127 128 129 130 131 132 133 134 135 136 137 138 139 140 141 142 143 144 145 146 147 148
p73:15 A 0 1 2 3 4 5 6 7 8 9 10 11 12 13 14 15 16 17 18 19 20 21 22 23 24 25 26 27 28 29 30 31 32 33 34 35 36 37 38 39 40 41 42 43 44 45 46 47 48 49 50 51 52 53 54 55 56 57 58 59 60 61 62 63 64 65 66 67 68 69 70 71 72 73 74 75 76 77 78 79 80 81 82 83 84 85 86 87 88 89 90 91 92 93 94 95 96 97 98 99 100 101 102 103 104 105 106 107 108 109 110 111 112 113 114 115 116 117 118 119 120 121 122 123 124 125 126 127 128 129 130 131 132 133 134 135 136 137 138 139 140 141 142 143 144 145 146 147 148
p73:16 A 149 151 152 153 154 155 156 157 158 159 160 161 162 163 164 165 166 167 168 169 170 171 172 173 174 175 176 177 178 179 180 181 182 183 184 185 186 187 188 189 38 39 190 41 43 44 46 48 191 192 49 193 51 194 52 53 54 195 196 197 198 57 58 59 62 199 63 200 201 64 202 203 66 69 71 204 73 205 76 206 207 208 78 83 209 85 210 88 211 212 89 213 214 215 216 217 93 94 97 218 219 220 98 100 102 221 105 222 106 107 223 224 225 226 110 227 228 113 114 229 115 116 230 119 231 232 122 233 234 235 236 123 237 124 238 239 125 127 129 130 131 132 133 134 136 137 138 139 140 141 142 143 144 145 146 147 148
p73:17 A 0 1 2 3 4 5 6 7 8 9 10 11 12 13 14 15 16 17 18 19 20 21 22 23 24 25 26 27 28 29 30 31 32 33 34 35 36 37 38 39 40 41 42 43 44 45 46 47 48 49 50 51 52 53 54 55 56 57 58 59 60 61 62 63 64 65 66 67 68 69 70 71 72 73 74 75 76 77 78 79 80 81 82 83 84 85 86 87 88 89 90 91 92 93 94 95 96 97 98 99 100 101 102 103 104 105 106 107 108 109 110 111 112 113 114 115 116 117 118 119 120 121 122 123 124 125 126 127 128 129 130 131 132 133 134 135 136 137 138 139 140 141 142 143 144 145 146 147 148
p73:18 A 0 1 2 3 4 5 6 7 8 9 10 11 12 13 14 15 16 17 18 19 20 21 22 23 24 240 25 26 27 28 29 30 31 32 33 34 35 36 37 38 39 40 41 42 43 44 45 46 47 48 49 50 51 52 53 54 55 56 57 58 59 60 61 62 63 64 65 66 67 68 69 70 71 72 73 74 75 76 241 77 78 79 80 81 82 83 84 85 86 87 88 89 90 91 92 93 94 95 97 98 99 100 101 102 103 104 105 106 107 108 109 110 111 112 113 114 115 116 117 118 119 120 121 122 123 124 125 126 127 128 129 130 131 132 133 134 135 136 137 138 139 140 141 142 143 144 145 146 147 148
p73:19 A 149 151 152 153 154 155 156 157 158 159 160 161 162 163 164 165 166 167 168 169 170 171 172 173 174 175 176 177 178 179 180 181 182 183 184 185 186 187 188 189 38 39 190 41 43 44 46 48 191 192 49 193 51 194 52 53 54 195 196 197 198 57 58 59 62 199 63 200 201 64 202 203 66 69 71 204 73 205 76 206 207 208 78 83 209 85 210 88 211 212 89 213 214 215 216 217 93 94 97 218 219 220 98 100 102 221 105 222 106 107 223 224 225 226 110 227 228 113 114 229 115 116 230 119 231 232 122 233 234 235 236 123 237 124 238 239 125 127 129 130 131 132 133 134 136 137 138 139 140 141 142 143 144 145 146 147 148
