//
segsites: 208
positions: 0.0138000000 0.0169658824 0.0199200000 0.0216305882 0.0264894118 0.0290117647 0.0292929412 0.0408400000 0.0445117647 0.0454882353 0.0457717647 0.0476200000 0.0482976471 0.0483447059 0.0488411765 0.0510623529 0.0527341176 0.0538929412 0.0539235294 0.0540023529 0.0541447059 0.0566058824 0.0621717647 0.0647400000 0.0657717647 0.0700411765 0.0709682353 0.0712000000 0.0736305882 0.0749552941 0.0758294118 0.0769070588 0.0779247059 0.0791600000 0.0792576471 0.0814176471 0.0820694118 0.0821494118 0.0847200000 0.0854364706 0.0868658824 0.0897552941 0.0901294118 0.0905670588 0.0910176471 0.0927270588 0.0933070588 0.0939329412 0.0949964706 0.0956576471 0.0957376471 0.0960717647 0.0962647059 0.0981047059 0.1020870588 0.1024105882 0.1041435294 0.1045905882 0.1046400000 0.1070529412 0.1078552941 0.1096482353 0.1096764706 0.1101941176 0.1102329412 0.1112082353 0.1124752941 0.1129152941 0.1129800000 0.1130247059 0.1155058824 0.1156564706 0.1158235294 0.1160658824 0.1162305882 0.1193341176 0.1244223529 0.1311505882 0.1414270588 0.1434082353 0.1441376471 0.1443717647 0.1495305882 0.1524247059 0.1541964706 0.1571717647 0.1583470588 0.1706811765 0.1710823529 0.1715917647 0.1736964706 0.1824494118 0.1865752941 0.1875376471 0.2071705882 0.2145811765 0.2176164706 0.2295835294 0.2359388235 0.2418929412 0.2455682353 0.2492576471 0.2531211765 0.2573000000 0.2583423529 0.2633411765 0.2702094118 0.2734435294 0.2737152941 0.2824058824 0.2851647059 0.2985823529 0.3117647059 0.3173364706 0.3175294118 0.3286164706 0.3323941176 0.3483047059 0.3586529412 0.3835247059 0.4153976471 0.4176929412 0.4182329412 0.4252776471 0.4269258824 0.4296600000 0.4309294118 0.4323870588 0.4368482353 0.4410682353 0.4476835294 0.4489552941 0.4638094118 0.4682964706 0.4772270588 0.4787470588 0.4790811765 0.4869282353 0.4874258824 0.4885564706 0.4931552941 0.5000270588 0.5034482353 0.5052658824 0.5185094118 0.5213800000 0.5285870588 0.5292223529 0.5446611765 0.5632870588 0.5700117647 0.5700823529 0.5721870588 0.5734058824 0.5754752941 0.5813623529 0.5862282353 0.6019058824 0.6024800000 0.6043164706 0.6122317647 0.6177305882 0.6259764706 0.6359400000 0.6419505882 0.6441000000 0.6666929412 0.6707070588 0.6788564706 0.6844376471 0.6865564706 0.6923317647 0.6937811765 0.6945729412 0.6973223529 0.6990835294 0.7076317647 0.7130858824 0.7174952941 0.7196647059 0.7368082353 0.7434694118 0.7449082353 0.7472517647 0.7599058824 0.7643847059 0.7678423529 0.7944423529 0.8098482353 0.8266505882 0.8278494118 0.8296800000 0.8299188235 0.8406764706 0.8438952941 0.8586000000 0.8780894118 0.8888329412 0.9079117647 0.9208929412 0.9209682353 0.9285423529 0.9532588235 0.9622294118 0.9691564706 0.9778529412 0.9858388235 0.9973376471
0001000111010110011001110000010110000010101000100111101101000101000011010000000100111010010101101110011110111111111111111111111111111111111111111111111111111110111111111111111111111111111111110111111111111110
0001000111010110011001110000010110000010101000100111101101000101000011010000000100111010010101101110011110111111111111111111111111111111111111111111111111111110111111111111111111111111111111110111111111111110
1110111000101001100110001111101001111101010111011000010010111010111100101111111011000101101011010101111011110011111111111111111111111111111111111111111111111111111111111111111111111111111111111110111111111110
1110111000101001100110001111101001111101010111011000010010111010111100101111111011000101101011010101111011110011111111111111111111111111111111111111111111111111111111111111111111111111111111111110111111111110
0001000111010110011001110000010110000010101000100111101101000101000011010000000100111010010101101110011110111111111111111111111111111111111111111111111111111110111111111111111111111111111111110111111111111111
1110111000101001100110001111101001111101010111011000010010111010111100101111111011000101101011010101111011110011111111111111111111111111111111111111111111111111111111111111111111111111111111111110111111111110
0001000111010110011001110000010110000010101000100111101101000101000011010000000100111010010101101110011110111111111111111111111111111111111111111111111111111110111111111111111111111111111111110111111111111110
0001000111010110011001110000010110000010101000100111101101000101000011010000000100111010010101101110011110111111111111111111111111111111111111111111111111111110111111111111111111111111111111110111111111111110
0001000111010110011001110000010110000010101000100111101101000101000011010000000100111010010101101110011110111111111111111111111111111111111111111111111111111110111111111111111111111111111111110111111111111110
0001000111010110011001110000010110000010101000100111101101000101000011010000000100111010010101101110011110111111111111111111111111111111111111111111111111111110111111111111111111111111111111110111111111111110
0001000111010110011001110000010110000010101000100111101101000101000011010000000100111010010101101110011110111111111111111111111111111111111111111111111111111110111111111111111111111111111111110111111111111110
0001000111010110011001110000010110000010101000100111101101000101000011010000000100111010010101101110011110111111111111111111111111111111111111111111111111111110111111111111111111111111111111110111111111111110
1110111000101001100110001111101001111101010111011000010010111010111100101111111011000101101011010101111011110011111111111111111111111111111111111111111111111111111111111111111111111111111111111110111111111110
1110111000101001100110001111101001111101010111011000010010111010111100101111111011000101101011010101111011110011111111111111111111111111111111111111111111111111111111111111111111111111111111111110111111111110
0001000111010110011001110000010110000010101000100111101101000101000011010000000100111010010101101110011110111111111111111111111111111111111111111111111111111110111111111111111111111111111111110111111111111110
0001000111010110011001110000010110000010101000100111101101000101000011010000000100111010010101101110011110111111111111111111111111111111111111111111111111111110111111111111111111111111111111110111111111111110
1110111000101001100110001111101001111101010111011000010010111010111100101111111011000101101011010101111011110011111111111111111111111111111111111111111111111111111111111111111111111111111111111110111111111110
0001000111010110011001110000010110000010101000100111101101000101000011010000000100111010010101101110011110111111111111111111111111111111111111111111111111111110111111111111111111111111111111110111111111111110
0001000111010110011001110000010110000010101000100111101101000101000011010000000100111010010101101110011110111111111111111111111111111111111111111111111111111110111111111111111111111111111111110111111111111110
0001000111010110011001110000010110000010101000100111101101000101000011010000000100111010010101101110011110111111111111111111111111111111111111111111111111111110111111111111111111111111111111110111111111111110
