//
segsites: 230
positions: 0.0150764706 0.0177658824 0.0198705882 0.0214670588 0.0318270588 0.0370682353 0.0477988235 0.0480588235 0.0497141176 0.0508223529 0.0525600000 0.0530717647 0.0579152941 0.0602482353 0.0618541176 0.0734847059 0.0829988235 0.0921729412 0.0991317647 0.1151211765 0.1201505882 0.1247988235 0.1340294118 0.1385458824 0.1519741176 0.1564270588 0.1567094118 0.1614235294 0.1756929412 0.1803223529 0.1880752941 0.1883835294 0.1902917647 0.1977635294 0.2050705882 0.2136305882 0.2163988235 0.2166458824 0.2208576471 0.2227058824 0.2270929412 0.2290600000 0.2311611765 0.2388858824 0.2430035294 0.2449070588 0.2465952941 0.2541105882 0.2547482353 0.2561094118 0.2608223529 0.2744611765 0.2798705882 0.2897976471 0.3025364706 0.3031647059 0.3063435294 0.3069411765 0.3079764706 0.3104564706 0.3172823529 0.3217211765 0.3228129412 0.3244658824 0.3258694118 0.3259188235 0.3260458824 0.3335447059 0.3347741176 0.3415564706 0.3448952941 0.3503623529 0.3512023529 0.3539611765 0.3626835294 0.3675247059 0.3710423529 0.3710658824 0.3711435294 0.3731294118 0.3769705882 0.3783882353 0.3800282353 0.3817658824 0.3832058824 0.3857070588 0.3898047059 0.3917376471 0.3981576471 0.4001764706 0.4025400000 0.4208600000 0.4222894118 0.4238129412 0.4369552941 0.4478141176 0.4478258824 0.4493211765 0.4493741176 0.4533329412 0.4543388235 0.4646329412 0.4647152941 0.4656176471 0.4706870588 0.4716341176 0.4823647059 0.4833564706 0.4845494118 0.4863941176 0.4903164706 0.5038141176 0.5098000000 0.5122223529 0.5221141176 0.5230270588 0.5236823529 0.5244023529 0.5252423529 0.5253694118 0.5267623529 0.5272941176 0.5285623529 0.5341164706 0.5367329412 0.5367870588 0.5385764706 0.5398023529 0.5414047059 0.5444788235 0.5518470588 0.5552211765 0.5635047059 0.5681105882 0.5755541176 0.5851658824 0.5875152941 0.5914576471 0.5957105882 0.5983011765 0.6154505882 0.6174788235 0.6176294118 0.6195847059 0.6213741176 0.6222988235 0.6239141176 0.6253364706 0.6291929412 0.6306411765 0.6333247059 0.6357164706 0.6362152941 0.6416447059 0.6648058824 0.6669270588 0.6795458824 0.6824388235 0.6853729412 0.6877811765 0.6882105882 0.6883847059 0.6916352941 0.7008788235 0.7045235294 0.7111623529 0.7135352941 0.7159635294 0.7163011765 0.7212082353 0.7221423529 0.7274082353 0.7318094118 0.7351247059 0.7369729412 0.7424505882 0.7593929412 0.7597058824 0.7646329412 0.7652235294 0.7711094118 0.7765600000 0.7769764706 0.7785847059 0.7805752941 0.7833388235 0.7853976471 0.7890717647 0.7901788235 0.7915270588 0.7926752941 0.7934058824 0.7936717647 0.7988564706 0.8052188235 0.8153458824 0.8241600000 0.8296611765 0.8348435294 0.8361552941 0.8388258824 0.8393294118 0.8414305882 0.8423176471 0.8480670588 0.8506129412 0.8533752941 0.8548047059 0.8551552941 0.8552023529 0.8556317647 0.8585317647 0.8621423529 0.8622494118 0.8622717647 0.8661717647 0.8753705882 0.8849552941 0.8875035294 0.9015611765 0.9116164706 0.9135623529 0.9169094118 0.9582752941 0.9710752941 0.9750011765 0.9832388235 0.9835858824 0.9878600000 0.9981305882
11001110000000010000010001001110110110000000100101100000100001110100101010001000001110111011100001111011000111000100101001000101000110001101010110110001100100001001101111100100101010100101010111011001111011011110010011100101001101
11001110000000010000010001001110110110000000100101100000100001110100101010001000001110111011100001111011000111000100101001000101000110001101010110110001100100001001101111100100101010100101010111011001111011011110010011100101001101
11001110000000110000010001001010110110000000100101100000100001110100101010001000011110111011000001111011000111000100101001000101000010001101010110110001100100001001001111100100101010100101011111011001111011011110010011101101001101
11001110000000010000010001001010110110000000100101100001100001110101101010001000001110111011000001111011000111000100101001000101000010001101010110110001100100001001001111100100101010100101010111011001111011011110010011100101001101
11001110000000110000010001001010110110000000100101100000100001110100101010001000011110111011000001111011000111000100101001000101000010001101010110110001110100001001001111100100101010100101010111011101111011011110010011100101001101
11001110000000010000010001001010110110000000100101100000100001110100101010001000001110111011100001111011000111000100101001000101000010001101110110110001100100001001001111100100101010100101010111011001111011011110010011100101001101
11001110000000010000010001001010101001111111011010011110011110001010010101100111100001000100001110000100111000110011010110011010011001110010001001000110001011010110010000011011010101010010100000100010000100100001101100010011101111
00100001110111001011101110110011001001111111011010011110011110001010000101100110100001000100001010000100111000110011010110011010011000110010001001000110001011010110000000011010010101010010100000100010000100100001101100010011001101
11001110000000110000010001001010110110000000100101100000100001110100101010001000011110111011000001111011000111000100101001000101000010001101010110110001100100001001001111100100101010100101011111011001111011011110010011101101001101
00100001110111001011101110110011001001111111011010011110011110001010000101100110100001000100001010000100111000110011010110011010011000110010001001001110001011010110000000011010010101011010100000100010000100100001101100010011001101
00100001110111001011101110110011001001111111011010011110011110001010000101100110100001000100001010000100111000110011010110011010011000110010001001000110001011010110000000011010010101010010100000100010000100100001101100010011001101
00100001110111001011101110110011001001111111011010011110011110001010000101100110100001000100001010000100111000110011010110011010011000110010001001000110001011010110000000011010010101011010100000100010000100100001101100010011001101
11001110000000010000010001001010110110000000100101100000100001110100101010011000001110111011000001111011000111000100101001000101100010001101010110110001100100001001001111100100101010100101010111011001111011011110010011110011001111
00100001110111001011101110110011001001111111011010011110011110001010000101100110100001000100001010000100111000110011010110011010011000110010001001000110001011110110000000011010010101010010100000100010000100100001101100010011011111
11001110000000110000010001001010110110000000100101100000100001110100101010001000011110111011000001111011000111000100101001000101000010001101010110110001110100001001001111100100101010100101010111011101111011011110010011100101001101
00100001111111001011101110111010110110000000100101100000100001110100101010001000001110111011010001111011000111000100101001000101000010001101010110110001100100001001001111100100101010100101010111011001111011011110010011100101001101
00100001111111001011101110111010110110000000100101100000100001110100101010001000001110111011010001111011000111000100101001000101000010001101010110110001100100001001001111100100101010100101010111011001111011011110010011100101001101
00100001110111001011101110110011001001111111011010011110011110001010000101100110100001000100001010000100111000110011010110011010011000110010001001000110001011010110000000011010010101011010100000100010000100100001101100010011001101
11011110000000010000010001001010110110000000100101100000100001110101101010001000001110111011000001111011000111000100101001100101000010001101010110110001100100001001001111100100101010100101010111011001111011011110010011100101001101
00100001110111001111101110110011001001111111011010011110011110001010010101100111100001000100001110000100111000111011010110011010011001110010001001000110001011010110010000011011010101010010100000100010000100100001101100010001001101
