18 7046 m2 58392 -0.00400000019 0.25 p1 723 1
29 9640 m2 89287 -0.00400000019 0.25 p1 985 1
21 12630 m1 65354 0 0.5 p1 1206 1
23 15735 m2 71940 -0.00400000019 0.25 p1 1422 1
26 15875 m2 77351 -0.00400000019 0.25 p1 1433 1
15 18123 m1 50132 0 0.5 p1 1600 1
12 19293 m1 43136 0 0.5 p1 1685 1
3 19599 m2 15285 -0.00400000019 0.25 p1 1707 1
11 22617 m1 42537 0 0.5 p1 1925 1
22 23109 m1 68643 0 0.5 p1 1961 1
8 25387 m1 35625 0 0.5 p1 2116 1
9 26593 m1 38630 0 0.5 p1 2206 1
28 29384 m2 82185 -0.00400000019 0.25 p1 2402 1
6 41848 m2 27635 -0.00400000019 0.25 p1 3300 1
7 42031 m1 34635 0 0.5 p1 3315 1
19 43376 m1 60868 0 0.5 p1 3412 1
10 44367 m1 40481 0 0.5 p1 3488 1
17 45197 m1 57591 0 0.5 p1 3548 1
13 46898 m1 45944 0 0.5 p1 3665 1
4 51821 m2 20833 -0.00400000019 0.25 p1 4020 1
20 52481 m2 64479 -0.00400000019 0.25 p1 4066 1
0 52731 m1 1230 0 0.5 p1 4083 1
1 53674 m1 2269 0 0.5 p1 4147 1
14 57048 m1 47623 0 0.5 p1 4389 1
2 58410 m1 13301 0 0.5 p1 4487 1
24 59216 m2 73137 -0.00400000019 0.25 p1 4546 1
16 61490 m1 54992 0 0.5 p1 4707 1
25 64345 m1 73459 0 0.5 p1 4921 1
5 64743 m2 22551 -0.00400000019 0.25 p1 4947 1
27 65180 m2 80018 -0.00400000019 0.25 p1 4979 1
Genomes:
p1:0 A 0 1 2 3 4 5 6 7 8 9 10 11 12 13 14 15 16 17 18 19 20 21 22 23 24 25 26 27 28 29