13 7722 m1 29784 0 0.5 p1 791 20
11 8063 m2 24802 -0.00400000019 0.25 p1 824 20
16 8102 m1 35241 0 0.5 p1 828 20
2 8406 m2 6948 -0.00400000019 0.25 p1 858 20
19 11147 m2 40725 -0.00400000019 0.25 p2 1097 20
24 14471 m1 53577 0 0.5 p2 1340 20
5 17842 m1 11952 0 0.5 p2 1578 20
0 25001 m2 968 -0.00400000019 0.25 p2 2090 20
1 25524 m1 3616 0 0.5 p2 2126 20
32 26088 m1 68607 0 0.5 p2 2167 20
40 26993 m2 98879 -0.00400000019 0.25 p2 2234 20
20 27895 m2 40829 -0.00400000019 0.25 p2 2296 20
15 28208 m1 31728 0 0.5 p2 2320 20
38 28320 m2 80653 -0.00400000019 0.25 p2 2327 20
36 28754 m1 78728 0 0.5 p2 2358 20
6 29672 m1 15865 0 0.5 p2 2422 20
9 30448 m1 19820 0 0.5 p2 2480 20
30 30697 m1 66247 0 0.5 p2 2498 20
27 31300 m1 61726 0 0.5 p2 2545 20
21 32635 m2 42853 -0.00400000019 0.25 p2 2643 20
7 36403 m2 16392 -0.00400000019 0.25 p2 2912 20
25 38677 m1 54978 0 0.5 p2 3074 20
8 39880 m1 19250 0 0.5 p2 3163 20
31 40490 m1 67419 0 0.5 p2 3204 20
3 43763 m1 9357 0 0.5 p2 3441 20
18 44366 m2 39509 -0.00400000019 0.25 p2 3487 20
52 46062 m1 15928 0 0.5 p2 3609 3
41 48124 m1 28522 0 0.5 p2 3758 12
33 48410 m1 69531 0 0.5 p2 3779 20
53 50822 m1 17093 0 0.5 p2 3947 3
50 51111 m2 3672 -0.00400000019 0.25 p2 3968 5
34 51765 m1 72058 0 0.5 p2 4016 20
23 51842 m1 51733 0 0.5 p2 4021 20
14 54088 m1 31678 0 0.5 p2 4176 8
51 54461 m1 10340 0 0.5 p2 4202 5
39 54525 m2 91304 -0.00400000019 0.25 p2 4206 8
35 58267 m1 78090 0 0.5 p2 4476 7
29 58892 m1 62424 0 0.5 p2 4523 7
42 59382 m1 33805 0 0.5 p2 4557 12
43 59626 m1 40469 0 0.5 p2 4574 12
4 60764 m1 10145 0 0.5 p2 4656 15
57 61423 m1 60608 0 0.5 p2 4701 1
22 61704 m1 50518 0 0.5 p2 4722 7
59 62375 m2 44784 -0.00400000019 0.25 p2 4772 6
58 62576 m2 62727 -0.00400000019 0.25 p2 4786 1
26 62996 m2 58589 -0.00400000019 0.25 p2 4819 5
17 63034 m2 36619 -0.00400000019 0.25 p2 4822 5
62 63202 m1 65137 0 0.5 p2 4835 2
54 63491 m1 26585 0 0.5 p2 4856 1
55 63611 m2 31383 -0.00400000019 0.25 p2 4867 1
37 63713 m1 79914 0 0.5 p2 4873 5
45 63901 m1 96291 0 0.5 p2 4889 3
63 63931 m2 78038 -0.00400000019 0.25 p2 4891 2
28 64136 m2 62143 -0.00400000019 0.25 p2 4906 5
12 64159 m2 25440 -0.00400000019 0.25 p2 4907 5
44 64312 m2 64289 -0.00400000019 0.25 p2 4919 3
65 64373 m2 84232 -0.00400000019 0.25 p2 4923 1
48 64385 m2 11540 -0.00400000019 0.25 p2 4924 2
56 64390 m1 45219 0 0.5 p2 4924 1
47 64626 m2 87113 -0.00400000019 0.25 p2 4939 1
66 64781 m1 94866 0 0.5 p2 4950 1
64 64921 m1 28222 0 0.5 p2 4961 1
60 65149 m1 50173 0 0.5 p2 4977 1
46 65384 m1 4703 0 0.5 p2 4992 1
49 65436 m2 94325 -0.00400000019 0.25 p2 4996 1
10 65450 m1 22436 0 0.5 p2 4997 1
61 65452 m1 54504 0 0.5 p2 4997 2
Genomes:
p2:0 A 0 1 2 3 4 5 6 7 8 9 10 11 12 13 14 15 16 17 18 19 20 21 22 23 24 25 26 27 28 29 30 31 32 33 34 35 36 37 38 39 40
p2:1 A 0 1 2 3 4 5 6 7 8 9 11 41 13 15 42 16 18 43 19 20 21 23 24 25 27 44 30 31 32 33 34 36 38 45 40
p2:2 A 0 1 46 2 3 4 5 6 7 8 9 11 41 13 15 42 16 18 43 19 20 21 23 24 25 27 44 30 31 32 33 34 36 38 47 45 40
p2:3 A 0 1 2 3 4 48 5 6 7 8 9 11 41 13 15 42 16 18 43 19 20 21 23 24 25 27 30 31 32 33 34 36 38 49 40
p2:4 A 0 1 50 2 3 51 5 6 52 7 53 8 9 11 54 13 55 14 15 16 18 19 20 21 56 23 24 25 57 27 58 30 31 32 33 34 36 38 39 40
p2:5 A 0 1 50 2 3 51 5 6 7 8 9 11 41 13 15 42 16 18 43 19 20 21 59 60 23 24 25 27 30 31 32 33 34 36 38 40
p2:6 A 0 1 2 3 4 5 6 7 8 9 11 12 13 14 15 16 17 18 19 20 21 22 23 24 61 25 26 27 28 29 30 31 32 33 34 35 36 37 38 39 40
p2:7 A 0 1 2 3 4 48 5 6 7 8 9 11 41 13 15 42 16 18 43 19 20 21 23 24 25 27 30 31 32 33 34 36 38 40
p2:8 A 0 1 50 2 3 51 5 6 52 7 53 8 9 11 13 14 15 16 18 19 20 21 22 23 24 25 27 29 62 30 31 32 33 34 63 35 36 38 39 40
p2:9 A 0 1 50 2 3 51 5 6 52 7 53 8 9 11 13 14 15 16 18 19 20 21 22 23 24 25 27 29 62 30 31 32 33 34 63 35 36 38 39 40
p2:10 A 0 1 2 3 4 5 6 7 8 9 11 12 13 14 15 16 17 18 19 20 21 22 23 24 61 25 26 27 28 29 30 31 32 33 34 35 36 37 38 39 40
p2:11 A 0 1 2 3 4 5 6 7 8 9 11 64 41 13 15 42 16 18 43 19 20 21 23 24 25 27 30 31 32 33 34 36 38 65 40
p2:12 A 0 1 2 3 4 5 6 7 8 9 11 41 13 15 42 16 18 43 19 20 21 59 23 24 25 27 30 31 32 33 34 36 38 66 40
p2:13 A 0 1 2 3 4 5 6 7 8 9 11 12 13 14 15 16 17 18 19 20 21 22 23 24 25 26 27 28 29 30 31 32 33 34 35 36 37 38 39 40
p2:14 A 0 1 2 3 4 5 6 7 8 9 11 41 13 15 42 16 18 43 19 20 21 59 23 24 25 27 30 31 32 33 34 36 38 40
p2:15 A 0 1 2 3 4 5 6 7 8 9 11 12 13 14 15 16 17 18 19 20 21 22 23 24 25 26 27 28 29 30 31 32 33 34 35 36 37 38 39 40
p2:16 A 0 1 2 3 4 5 6 7 8 9 11 41 13 15 42 16 18 43 19 20 21 59 23 24 25 27 30 31 32 33 34 36 38 40
p2:17 A 0 1 2 3 4 5 6 7 8 9 11 41 13 15 42 16 18 43 19 20 21 23 24 25 27 44 30 31 32 33 34 36 38 45 40
p2:18 A 0 1 2 3 4 5 6 7 8 9 11 41 13 15 42 16 18 43 19 20 21 59 23 24 25 27 30 31 32 33 34 36 38 40
p2:19 A 0 1 50 2 3 51 5 6 7 8 9 11 41 13 15 42 16 18 43 19 20 21 59 23 24 25 27 30 31 32 33 34 36 38 40
