#OUT: 25000 SS p5 10 /Users/josephzou/Desktop/Sample_data/Abed-p5-Sample.txt
Mutations:
80 51415 m1 22218 0 0.5 p1 2581 10
81 55064 m1 22398 0 0.5 p1 2769 10
92 59022 m1 27756 0 0.5 p1 2969 10
231 59304 m7 74549 0 0.5 p1 2983 10
86 61565 m1 24196 0 0.5 p1 3097 10
14 62010 m3 7038 0.00999999978 0.5 p1 3121 10
57 76678 m3 10887 0.00999999978 0.5 p1 3598 10
66 79944 m1 12305 0 0.5 p1 3687 10
98 80864 m1 30848 0 0.5 p1 3713 10
270 82849 m1 91267 0 0.5 p1 3767 10
154 87666 m6 50812 0.00999999978 0.5 p1 3901 10
65 89570 m1 12000 0 0.5 p1 3952 10
192 92302 m1 56047 0 0.5 p1 4028 10
290 92732 m1 97289 0 0.5 p1 4039 10
167 92991 m6 52028 0.00999999978 0.5 p1 4047 10
139 95915 m6 49482 0.00999999978 0.5 p1 4127 10
123 97088 m1 41018 0 0.5 p1 4158 10
274 99035 m1 93028 0 0.5 p1 4211 10
234 104363 m2 76543 0 0.5 p1 4358 10
186 106168 m6 53413 0.00999999978 0.5 p1 4406 10
61 108026 m3 11495 0.00999999978 0.5 p1 4456 10
103 119622 m1 34430 0 0.5 p1 4767 10
181 120166 m6 53275 0.00999999978 0.5 p1 4782 10
174 123976 m6 52730 0.00999999978 0.5 p1 4884 10
137 124500 m1 48388 0 0.5 p1 4898 10
168 124901 m6 52148 0.00999999978 0.5 p1 4909 10
87 126375 m1 24293 0 0.5 p1 4949 10
224 126888 m1 71352 0 0.5 p1 4963 10
260 127024 m8 86607 0 0.5 p1 4966 10
85 129387 m1 23683 0 0.5 p5 5017 10
183 130456 m6 53344 0.00999999978 0.5 p5 5034 10
63 139350 m2 11604 0 0.5 p5 5176 10
287 147809 m1 95898 0 0.5 p5 5312 10
247 149260 m1 81266 0 0.5 p5 5335 10
35 158529 m3 8959 0.00999999978 0.5 p5 5484 10
117 161242 m1 38829 0 0.5 p5 5526 10
7 162797 m1 3954 0 0.5 p5 5551 10
84 177505 m1 23568 0 0.5 p5 5790 10
225 182061 m1 72389 0 0.5 p5 5862 10
33 189703 m3 8467 0.00999999978 0.5 p5 5985 10
159 191950 m6 51155 0.00999999978 0.5 p5 6022 10
1 194420 m1 1241 0 0.5 p5 6062 10
178 195163 m6 53195 0.00999999978 0.5 p5 6074 10
144 199117 m6 49688 0.00999999978 0.5 p5 6139 10
11 204165 m1 5351 0 0.5 p5 6220 10
299 213803 m1 98462 0 0.5 p5 6376 10
15 214487 m3 7066 0.00999999978 0.5 p5 6387 10
70 216983 m1 17961 0 0.5 p5 6428 10
20 217516 m2 7485 0 0.5 p5 6436 10
75 221818 m1 20474 0 0.5 p5 6507 10
242 249674 m1 79904 0 0.5 p5 6884 10
112 250189 m1 37450 0 0.5 p5 6891 10
200 250587 m1 60794 0 0.5 p5 6896 10
73 251220 m1 19507 0 0.5 p5 6904 10
64 267597 m1 11966 0 0.5 p5 7118 10
18 269069 m3 7455 0.00999999978 0.5 p5 7137 10
269 270864 m1 88049 0 0.5 p5 7160 10
261 273539 m8 86944 0 0.5 p5 7194 10
298 277124 m1 98308 0 0.5 p5 7239 10
118 280640 m1 39515 0 0.5 p5 7285 10
236 286851 m2 77222 0 0.5 p5 7365 10
138 291677 m6 49420 0.00999999978 0.5 p5 7427 10
267 292647 m1 87723 0 0.5 p5 7439 10
151 299603 m6 50458 0.00999999978 0.5 p5 7530 10
4 308115 m1 2136 0 0.5 p5 7639 10
170 310429 m6 52217 0.00999999978 0.5 p5 7668 10
30 314766 m3 8101 0.00999999978 0.5 p5 7724 10
67 323683 m2 14913 0 0.5 p5 7841 10
291 324314 m1 97371 0 0.5 p5 7849 10
145 326832 m6 49706 0.00999999978 0.5 p5 7881 10
102 327819 m1 34151 0 0.5 p5 7893 10
232 331112 m7 75343 0 0.5 p5 7936 10
147 351426 m6 49846 0.00999999978 0.5 p5 8196 10
297 352773 m1 98285 0 0.5 p5 8213 10
8 355682 m1 3981 0 0.5 p5 8250 10
153 360703 m6 50653 0.00999999978 0.5 p5 8310 10
52 364618 m3 10539 0.00999999978 0.5 p5 8343 10
229 377573 m7 73560 0 0.5 p5 8453 10
129 380314 m1 42651 0 0.5 p5 8476 10
255 382508 m2 85360 0 0.5 p5 8495 10
128 404419 m1 42595 0 0.5 p5 8682 10
148 407040 m6 50035 0.00999999978 0.5 p5 8704 10
300 419511 m1 98695 0 0.5 p5 8811 10
3 424999 m1 1985 0 0.5 p5 8857 10
53 432241 m3 10540 0.00999999978 0.5 p5 8918 10
173 442275 m6 52718 0.00999999978 0.5 p5 9003 10
210 446715 m1 65802 0 0.5 p5 9041 10
31 454045 m3 8131 0.00999999978 0.5 p5 9103 10
140 473182 m6 49530 0.00999999978 0.5 p5 9266 10
233 478538 m7 76072 0 0.5 p5 9311 10
121 482772 m1 40828 0 0.5 p5 9347 10
283 486272 m1 95506 0 0.5 p5 9377 10
135 497700 m1 47282 0 0.5 p5 9475 10
285 503987 m1 95576 0 0.5 p5 9529 10
51 518171 m3 10398 0.00999999978 0.5 p5 9651 10
113 525788 m1 37666 0 0.5 p5 9716 10
10 555657 m1 4523 0 0.5 p5 9968 10
131 575897 m1 44165 0 0.5 p5 10120 10
245 576023 m1 80935 0 0.5 p5 10121 10
271 576733 m1 92114 0 0.5 p5 10126 10
55 577025 m3 10723 0.00999999978 0.5 p5 10128 10
114 605694 m1 37694 0 0.5 p5 10336 10
220 618262 m1 70041 0 0.5 p5 10427 10
150 644098 m6 50114 0.00999999978 0.5 p5 10614 10
226 655834 m1 72484 0 0.5 p5 10699 10
286 659168 m1 95734 0 0.5 p5 10723 10
74 663947 m1 19903 0 0.5 p5 10758 10
250 682431 m1 82138 0 0.5 p5 10893 10
262 684779 m8 87090 0 0.5 p5 10910 10
289 687827 m1 96949 0 0.5 p5 10932 10
171 689618 m6 52347 0.00999999978 0.5 p5 10945 10
217 703312 m1 69572 0 0.5 p5 11045 10
100 718379 m1 31714 0 0.5 p5 11154 10
122 721978 m1 40945 0 0.5 p5 11180 10
222 727203 m1 70505 0 0.5 p5 11218 10
249 727568 m1 82130 0 0.5 p5 11221 10
149 739064 m6 50068 0.00999999978 0.5 p5 11304 10
136 742373 m1 47501 0 0.5 p5 11328 10
293 753603 m1 97487 0 0.5 p5 11409 10
125 774431 m1 41880 0 0.5 p5 11561 10
40 796328 m3 9419 0.00999999978 0.5 p5 11721 10
48 821302 m3 10243 0.00999999978 0.5 p5 11902 10
93 822389 m1 27812 0 0.5 p5 11910 10
29 825770 m3 7963 0.00999999978 0.5 p5 11935 10
83 827165 m1 23262 0 0.5 p5 11945 10
72 870286 m1 19479 0 0.5 p5 12259 10
235 881688 m7 76761 0 0.5 p5 12342 10
50 896657 m3 10343 0.00999999978 0.5 p5 12451 10
82 897634 m1 22654 0 0.5 p5 12458 10
230 905413 m7 73791 0 0.5 p5 12514 10
24 910212 m3 7742 0.00999999978 0.5 p5 12550 10
207 960027 m1 65368 0 0.5 p5 12911 10
5 965743 m1 2177 0 0.5 p5 12952 10
116 977340 m1 38782 0 0.5 p5 13036 10
188 983334 m6 53606 0.00999999978 0.5 p5 13080 10
164 1003526 m6 51319 0.00999999978 0.5 p5 13226 10
68 1005324 m2 16681 0 0.5 p5 13239 10
303 1007024 m1 99670 0 0.5 p5 13251 10
26 1013703 m3 7804 0.00999999978 0.5 p5 13299 10
215 1031931 m1 68466 0 0.5 p5 13432 10
301 1037150 m1 98815 0 0.5 p5 13470 10
12 1046211 m1 5479 0 0.5 p5 13535 10
203 1049755 m1 64421 0 0.5 p5 13561 10
22 1053267 m3 7581 0.00999999978 0.5 p5 13587 10
158 1055724 m6 51071 0.00999999978 0.5 p5 13605 10
263 1056656 m8 87260 0 0.5 p5 13612 10
294 1095334 m1 97610 0 0.5 p5 13892 10
219 1101922 m1 69772 0 0.5 p5 13940 10
71 1120004 m1 18533 0 0.5 p5 14073 10
275 1128876 m1 93112 0 0.5 p5 14138 10
281 1132517 m1 95138 0 0.5 p5 14165 10
42 1141702 m3 9559 0.00999999978 0.5 p5 14232 10
163 1145156 m6 51317 0.00999999978 0.5 p5 14257 10
49 1157584 m2 10339 0 0.5 p5 14347 10
264 1183157 m2 87278 0 0.5 p5 14534 10
23 1187794 m3 7690 0.00999999978 0.5 p5 14568 10
216 1206279 m1 68609 0 0.5 p5 14702 10
162 1209419 m6 51254 0.00999999978 0.5 p5 14725 10
0 1210329 m1 669 0 0.5 p5 14731 10
88 1211393 m1 25401 0 0.5 p5 14739 10
127 1228873 m1 42468 0 0.5 p5 14866 10
76 1239687 m1 20562 0 0.5 p5 14945 10
79 1259354 m1 21960 0 0.5 p5 15049 10
288 1264572 m1 96796 0 0.5 p5 15070 10
126 1285939 m1 42317 0 0.5 p5 15157 10
110 1300021 m5 36659 0 0.5 p5 15215 10
166 1311945 m6 51920 0.00999999978 0.5 p5 15264 10
108 1348968 m5 35899 0 0.5 p5 15415 10
223 1355567 m1 70577 0 0.5 p5 15442 10
56 1393283 m3 10802 0.00999999978 0.5 p5 15592 10
165 1402315 m6 51418 0.00999999978 0.5 p5 15627 10
252 1434652 m1 83361 0 0.5 p5 15754 10
280 1439542 m1 94443 0 0.5 p5 15773 10
276 1448238 m1 93183 0 0.5 p5 15807 10
282 1457792 m1 95496 0 0.5 p5 15844 10
248 1464792 m1 81680 0 0.5 p5 15871 10
47 1467658 m3 10203 0.00999999978 0.5 p5 15882 10
228 1472810 m7 73172 0 0.5 p5 15902 10
214 1511061 m1 68446 0 0.5 p5 16049 10
119 1549188 m1 39736 0 0.5 p5 16196 10
161 1550728 m2 51212 0 0.5 p5 16202 10
124 1552565 m1 41749 0 0.5 p5 16209 10
212 1571637 m1 66159 0 0.5 p5 16283 10
58 1577267 m3 10980 0.00999999978 0.5 p5 16305 10
172 1595799 m6 52393 0.00999999978 0.5 p5 16376 10
28 1639959 m3 7912 0.00999999978 0.5 p5 16544 10
296 1654027 m1 98160 0 0.5 p5 16598 10
133 1685617 m1 46565 0 0.5 p5 16719 10
273 1725996 m1 92817 0 0.5 p5 16874 10
205 1754724 m1 64703 0 0.5 p5 16985 10
60 1763389 m3 11179 0.00999999978 0.5 p5 17018 10
243 1782639 m1 79920 0 0.5 p5 17093 10
130 1787557 m1 43085 0 0.5 p5 17112 10
36 1791988 m2 8988 0 0.5 p5 17129 10
97 1802959 m1 29658 0 0.5 p5 17171 10
54 1837016 m3 10553 0.00999999978 0.5 p5 17302 10
69 1847429 m2 16879 0 0.5 p5 17342 10
152 1862782 m6 50574 0.00999999978 0.5 p5 17402 10
237 1864936 m1 77634 0 0.5 p5 17410 10
277 1876454 m1 93604 0 0.5 p5 17455 10
41 1878305 m3 9548 0.00999999978 0.5 p5 17462 10
46 1893170 m3 10144 0.00999999978 0.5 p5 17519 10
194 1902259 m1 56564 0 0.5 p5 17554 10
227 1980696 m2 73027 0 0.5 p5 17856 10
99 1981724 m1 31699 0 0.5 p5 17860 10
169 1990716 m6 52187 0.00999999978 0.5 p5 17894 10
292 2021799 m1 97413 0 0.5 p5 18014 10
146 2026272 m6 49823 0.00999999978 0.5 p5 18031 10
16 2045639 m3 7219 0.00999999978 0.5 p5 18106 10
19 2101936 m3 7460 0.00999999978 0.5 p5 18322 10
202 2108154 m1 64193 0 0.5 p5 18346 10
209 2133838 m1 65477 0 0.5 p5 18445 10
62 2148062 m3 11543 0.00999999978 0.5 p5 18500 10
213 2165733 m1 67950 0 0.5 p5 18568 10
302 2188220 m1 99498 0 0.5 p5 18655 10
218 2197521 m1 69655 0 0.5 p5 18691 10
177 2220339 m6 53069 0.00999999978 0.5 p5 18779 10
197 2235781 m1 57816 0 0.5 p5 18838 10
257 2261991 m8 85962 0 0.5 p5 18939 10
141 2262223 m6 49602 0.00999999978 0.5 p5 18940 10
45 2277741 m3 9931 0.00999999978 0.5 p5 18999 10
34 2283426 m3 8736 0.00999999978 0.5 p5 19021 10
241 2328597 m1 79341 0 0.5 p5 19195 10
95 2378042 m1 29045 0 0.5 p5 19385 10
185 2420325 m6 53403 0.00999999978 0.5 p5 19548 10
104 2458155 m1 34581 0 0.5 p5 19694 10
120 2472730 m1 40120 0 0.5 p5 19750 10
157 2480842 m6 50939 0.00999999978 0.5 p5 19781 10
193 2485304 m1 56076 0 0.5 p5 19798 10
142 2518801 m6 49632 0.00999999978 0.5 p5 19926 10
279 2541718 m1 94048 0 0.5 p5 20008 10
78 2558479 m1 21574 0 0.5 p5 20045 10
89 2563905 m1 26263 0 0.5 p5 20057 10
43 2563906 m3 9851 0.00999999978 0.5 p5 20057 10
284 2587518 m1 95550 0 0.5 p5 20109 10
94 2592592 m1 28733 0 0.5 p5 20120 10
265 2626159 m1 87491 0 0.5 p5 20194 10
2 2679569 m1 1481 0 0.5 p5 20311 10
38 2680027 m3 9106 0.00999999978 0.5 p5 20312 10
96 2696326 m1 29382 0 0.5 p5 20348 10
258 2746203 m8 86094 0 0.5 p5 20458 10
221 2755764 m1 70463 0 0.5 p5 20479 10
256 2797771 m8 85823 0 0.5 p5 20571 10
238 2799173 m1 77638 0 0.5 p5 20574 10
105 2825381 m5 35564 0 0.5 p5 20632 10
239 2838571 m1 77725 0 0.5 p5 20661 10
176 2866021 m6 52993 0.00999999978 0.5 p5 20721 10
187 2885483 m6 53461 0.00999999978 0.5 p5 20764 10
32 2917525 m3 8455 0.00999999978 0.5 p5 20834 10
115 2949524 m1 37749 0 0.5 p5 20904 10
143 2956383 m6 49687 0.00999999978 0.5 p5 20919 10
44 2957252 m3 9929 0.00999999978 0.5 p5 20921 10
196 3016467 m1 57653 0 0.5 p5 21051 10
266 3023308 m1 87572 0 0.5 p5 21066 10
109 3052901 m2 36549 0 0.5 p5 21131 10
160 3115334 m6 51182 0.00999999978 0.5 p5 21268 10
6 3128628 m1 2501 0 0.5 p5 21297 10
206 3132704 m1 64832 0 0.5 p5 21306 10
184 3147553 m6 53349 0.00999999978 0.5 p5 21339 10
211 3189057 m1 65809 0 0.5 p5 21430 10
27 3194367 m3 7896 0.00999999978 0.5 p5 21442 10
155 3209620 m6 50856 0.00999999978 0.5 p5 21475 10
204 3242873 m1 64571 0 0.5 p5 21548 10
191 3254423 m1 55227 0 0.5 p5 21573 10
107 3348169 m2 35574 0 0.5 p5 21778 10
246 3354207 m1 81077 0 0.5 p5 21791 10
180 3371168 m6 53209 0.00999999978 0.5 p5 21828 10
268 3399223 m1 87883 0 0.5 p5 21890 10
59 3454142 m3 10984 0.00999999978 0.5 p5 22010 10
17 3457737 m2 7307 0 0.5 p5 22018 10
77 3477770 m1 20645 0 0.5 p5 22062 10
90 3582169 m1 26411 0 0.5 p5 22292 10
25 3591753 m3 7750 0.00999999978 0.5 p5 22313 10
175 3650671 m6 52872 0.00999999978 0.5 p5 22442 10
111 3678603 m1 37316 0 0.5 p5 22503 10
37 3679058 m3 8991 0.00999999978 0.5 p5 22504 10
295 3679502 m1 97944 0 0.5 p5 22505 10
254 3721981 m8 85119 0 0.5 p5 22598 8
134 3806713 m1 46600 0 0.5 p5 22783 10
251 3840091 m1 82312 0 0.5 p5 22856 10
253 3840963 m1 83796 0 0.5 p5 22858 8
335 3879375 m1 96557 0 0.5 p5 22942 2
198 3917456 m1 58158 0 0.5 p5 23025 10
179 3917919 m6 53201 0.00999999978 0.5 p5 23026 10
156 3917926 m6 50863 0.00999999978 0.5 p5 23026 10
190 3927554 m1 55041 0 0.5 p5 23047 10
106 3945510 m5 35568 0 0.5 p5 23086 10
13 3959188 m1 6561 0 0.5 p5 23116 10
9 4005822 m1 4051 0 0.5 p5 23218 7
21 4032178 m3 7547 0.00999999978 0.5 p5 23276 7
310 4048030 m1 4758 0 0.5 p5 23311 3
336 4072339 m1 99743 0 0.5 p5 23365 2
189 4076461 m1 53754 0 0.5 p5 23374 10
201 4114012 m1 63901 0 0.5 p5 23456 10
182 4127734 m2 53342 0 0.5 p5 23486 8
329 4171268 m1 62363 0 0.5 p5 23581 2
332 4179410 m1 83397 0 0.5 p5 23599 2
244 4238646 m1 80404 0 0.5 p5 23729 7
322 4260724 m1 29804 0 0.5 p5 23778 3
323 4269007 m1 38542 0 0.5 p5 23796 3
39 4273237 m3 9334 0.00999999978 0.5 p5 23805 7
259 4310452 m8 86306 0 0.5 p5 23887 7
326 4318277 m6 52913 0.00999999978 0.5 p5 23904 2
331 4344891 m7 75565 0 0.5 p5 23962 1
208 4350319 m1 65449 0 0.5 p5 23974 7
328 4353885 m1 61608 0 0.5 p5 23982 2
320 4357547 m1 25839 0 0.5 p5 23990 3
308 4374883 m1 2553 0 0.5 p5 24028 1
311 4384055 m3 10555 0.00999999978 0.5 p5 24048 1
348 4384492 m7 73898 0 0.5 p5 24049 2
316 4397212 m6 51403 0.00999999978 0.5 p5 24077 2
272 4402229 m1 92717 0 0.5 p5 24088 4
278 4428951 m1 93647 0 0.5 p5 24146 4
330 4434410 m1 70721 0 0.5 p5 24158 1
312 4443907 m1 32374 0 0.5 p5 24179 1
361 4452678 m1 87517 0 0.5 p5 24198 1
132 4471486 m1 45161 0 0.5 p5 24240 6
359 4483322 m1 58823 0 0.5 p5 24266 1
347 4489648 m1 64755 0 0.5 p5 24280 1
334 4499434 m1 95690 0 0.5 p5 24301 1
327 4517035 m1 54582 0 0.5 p5 24340 1
324 4517474 m1 40240 0 0.5 p5 24341 1
313 4522914 m1 35033 0 0.5 p5 24353 1
360 4522931 m1 64462 0 0.5 p5 24353 1
356 4547996 m3 9772 0.00999999978 0.5 p5 24409 2
346 4555729 m1 64024 0 0.5 p5 24426 1
362 4569720 m1 95205 0 0.5 p5 24457 1
306 4571561 m1 54887 0 0.5 p5 24461 5
309 4580103 m1 2604 0 0.5 p5 24480 1
305 4599389 m6 52146 0.00999999978 0.5 p5 24522 5
195 4601225 m1 56847 0 0.5 p5 24526 1
315 4605729 m1 42944 0 0.5 p5 24536 1
343 4617913 m1 53856 0 0.5 p5 24563 1
199 4623881 m1 59028 0 0.5 p5 24576 1
342 4624347 m1 41121 0 0.5 p5 24577 1
91 4630821 m1 27059 0 0.5 p5 24591 1
240 4636776 m1 78349 0 0.5 p5 24604 1
350 4670185 m3 7811 0.00999999978 0.5 p5 24677 1
355 4674563 m1 92090 0 0.5 p5 24687 1
339 4685049 m1 18322 0 0.5 p5 24710 1
344 4686857 m1 54613 0 0.5 p5 24714 1
354 4688614 m1 81010 0 0.5 p5 24718 1
325 4691371 m6 51506 0.00999999978 0.5 p5 24724 1
314 4691375 m5 36372 0 0.5 p5 24724 1
358 4693772 m1 37663 0 0.5 p5 24729 2
357 4699288 m1 25501 0 0.5 p5 24741 2
363 4722604 m1 96571 0 0.5 p5 24792 1
353 4727634 m1 53793 0 0.5 p5 24803 1
338 4738031 m1 41622 0 0.5 p5 24827 1
341 4740658 m1 33173 0 0.5 p5 24833 1
352 4741099 m1 44925 0 0.5 p5 24834 1
101 4745129 m1 33627 0 0.5 p5 24843 1
304 4748546 m1 25081 0 0.5 p5 24851 2
319 4748552 m7 74967 0 0.5 p5 24851 2
345 4751949 m1 55832 0 0.5 p5 24859 1
340 4751950 m1 30752 0 0.5 p5 24859 1
307 4756668 m1 79318 0 0.5 p5 24870 2
321 4765472 m1 27858 0 0.5 p5 24890 1
337 4770305 m1 25872 0 0.5 p5 24901 1
351 4786875 m1 17858 0 0.5 p5 24939 1
349 4787286 m2 84806 0 0.5 p5 24940 1
318 4791926 m1 61228 0 0.5 p5 24951 1
317 4796794 m1 56152 0 0.5 p5 24962 1
364 4804625 m1 1135 0 0.5 p5 24980 1
333 4806395 m1 92944 0 0.5 p5 24984 1
Genomes:
p5:0 A 0 1 2 3 4 5 6 7 8 9 10 11 12 13 14 15 16 17 18 19 20 21 22 23 24 25 26 27 28 29 30 31 32 33 34 35 36 37 38 39 40 41 42 43 44 45 46 47 48 49 50 51 52 53 54 55 56 57 58 59 60 61 62 63 64 65 66 67 68 69 70 71 72 73 74 75 76 77 78 79 80 81 82 83 84 85 86 87 88 89 90 91 92 93 94 95 96 97 98 99 100 101 102 103 104 105 106 107 108 109 110 111 112 113 114 115 116 117 118 119 120 121 122 123 124 125 126 127 128 129 130 131 132 133 134 135 136 137 138 139 140 141 142 143 144 145 146 147 148 149 150 151 152 153 154 155 156 157 158 159 160 161 162 163 164 165 166 167 168 169 170 171 172 173 174 175 176 177 178 179 180 181 182 183 184 185 186 187 188 189 190 191 192 193 194 195 196 197 198 199 200 201 202 203 204 205 206 207 208 209 210 211 212 213 214 215 216 217 218 219 220 221 222 223 224 225 226 227 228 229 230 231 232 233 234 235 236 237 238 239 240 241 242 243 244 245 246 247 248 249 250 251 252 253 254 255 256 257 258 259 260 261 262 263 264 265 266 267 268 269 270 271 272 273 274 275 276 277 278 279 280 281 282 283 284 285 286 287 288 289 290 291 292 293 294 295 296 297 298 299 300 301 302 303
p5:1 A 0 1 2 3 4 5 6 7 8 9 10 11 12 13 14 15 16 17 18 19 20 21 22 23 24 25 26 27 28 29 30 31 32 33 34 35 36 37 38 39 40 41 42 43 44 45 46 47 48 49 50 51 52 53 54 55 56 57 58 59 60 61 62 63 64 65 66 67 68 69 70 71 72 73 74 75 76 77 78 79 80 81 82 83 84 85 86 87 304 88 89 90 92 93 94 95 96 97 98 99 100 102 103 104 105 106 107 108 109 110 111 112 113 114 115 116 117 118 119 120 121 122 123 124 125 126 127 128 129 130 131 132 133 134 135 136 137 138 139 140 141 142 143 144 145 146 147 148 149 150 151 152 153 154 155 156 157 158 159 160 161 162 163 164 165 166 167 305 168 169 170 171 172 173 174 175 176 177 178 179 180 181 182 183 184 185 186 187 188 189 306 190 191 192 193 194 196 197 198 200 201 202 203 204 205 206 207 208 209 210 211 212 213 214 215 216 217 218 219 220 221 222 223 224 225 226 227 228 229 230 231 232 233 234 235 236 237 238 239 307 241 242 243 244 245 246 247 248 249 250 251 252 253 254 255 256 257 258 259 260 261 262 263 264 265 266 267 268 269 270 271 272 273 274 275 276 277 278 279 280 281 282 283 284 285 286 287 288 289 290 291 292 293 294 295 296 297 298 299 300 301 302 303
p5:2 A 0 1 2 3 4 5 6 308 309 7 8 10 310 11 12 13 14 15 16 17 18 19 20 22 23 24 25 26 27 28 29 30 31 32 33 34 35 36 37 38 40 41 42 43 44 45 46 47 48 49 50 51 52 53 54 311 55 56 57 58 59 60 61 62 63 64 65 66 67 68 69 70 71 72 73 74 75 76 77 78 79 80 81 82 83 84 85 86 87 88 89 90 92 93 94 95 96 97 98 99 100 312 102 103 104 313 105 106 107 108 314 109 110 111 112 113 114 115 116 117 118 119 120 121 122 123 124 125 126 127 128 129 315 130 131 133 134 135 136 137 138 139 140 141 142 143 144 145 146 147 148 149 150 151 152 153 154 155 156 157 158 159 160 161 162 163 164 316 165 166 167 168 169 170 171 172 173 174 175 176 177 178 179 180 181 182 183 184 185 186 187 188 189 190 191 192 193 317 194 196 197 198 200 318 201 202 203 204 205 206 207 208 209 210 211 212 213 214 215 216 217 218 219 220 221 222 223 224 225 226 227 228 229 230 231 319 232 233 234 235 236 237 238 239 241 242 243 244 245 246 247 248 249 250 251 252 253 254 255 256 257 258 259 260 261 262 263 264 265 266 267 268 269 270 271 273 274 275 276 277 279 280 281 282 283 284 285 286 287 288 289 290 291 292 293 294 295 296 297 298 299 300 301 302 303
p5:3 A 0 1 2 3 4 5 6 7 8 9 10 11 12 13 14 15 16 17 18 19 20 21 22 23 24 25 26 27 28 29 30 31 32 33 34 35 36 37 38 39 40 41 42 43 44 45 46 47 48 49 50 51 52 53 54 55 56 57 58 59 60 61 62 63 64 65 66 67 68 69 70 71 72 73 74 75 76 77 78 79 80 81 82 83 84 85 86 87 304 88 89 90 92 93 94 95 96 97 98 99 100 102 103 104 105 106 107 108 109 110 111 112 113 114 115 116 117 118 119 120 121 122 123 124 125 126 127 128 129 130 131 132 133 134 135 136 137 138 139 140 141 142 143 144 145 146 147 148 149 150 151 152 153 154 155 156 157 158 159 160 161 162 163 164 165 166 167 305 168 169 170 171 172 173 174 175 176 177 178 179 180 181 182 183 184 185 186 187 188 189 306 190 191 192 193 194 196 197 198 200 201 202 203 204 205 206 207 208 209 210 211 212 213 214 215 216 217 218 219 220 221 222 223 224 225 226 227 228 229 230 231 232 233 234 235 236 237 238 239 307 241 242 243 244 245 246 247 248 249 250 251 252 253 254 255 256 257 258 259 260 261 262 263 264 265 266 267 268 269 270 271 272 273 274 275 276 277 278 279 280 281 282 283 284 285 286 287 288 289 290 291 292 293 294 295 296 297 298 299 300 301 302 303
p5:4 A 0 1 2 3 4 5 6 7 8 9 10 11 12 13 14 15 16 17 18 19 20 21 22 23 24 25 26 27 28 29 30 31 32 33 34 35 36 37 38 39 40 41 42 43 44 45 46 47 48 49 50 51 52 53 54 55 56 57 58 59 60 61 62 63 64 65 66 67 68 69 70 71 72 73 74 75 76 77 78 79 80 81 82 83 84 85 86 87 88 320 89 90 92 93 321 94 95 96 97 322 98 99 100 102 103 104 105 106 107 108 109 110 111 112 113 114 115 323 116 117 118 119 120 324 121 122 123 124 125 126 127 128 129 130 131 133 134 135 136 137 138 139 140 141 142 143 144 145 146 147 148 149 150 151 152 153 154 155 156 157 158 159 160 161 162 163 164 165 325 166 167 168 169 170 171 172 173 174 175 326 176 177 178 179 180 181 183 184 185 186 187 188 189 327 190 191 192 193 194 196 197 198 200 328 329 201 202 203 204 205 206 207 209 210 211 212 213 214 215 216 217 218 219 220 221 222 223 330 224 225 226 227 228 229 230 231 232 331 233 234 235 236 237 238 239 241 242 243 245 246 247 248 249 250 251 252 332 255 256 257 258 260 261 262 263 264 265 266 267 268 269 270 271 273 333 274 275 276 277 279 280 281 282 283 284 285 334 286 287 335 288 289 290 291 292 293 294 295 296 297 298 299 300 301 302 303 336
p5:5 A 0 1 2 3 4 5 6 7 8 9 10 11 12 13 14 15 16 17 18 19 20 21 22 23 24 25 26 27 28 29 30 31 32 33 34 35 36 37 38 39 40 41 42 43 44 45 46 47 48 49 50 51 52 53 54 55 56 57 58 59 60 61 62 63 64 65 66 67 68 69 70 71 72 73 74 75 76 77 78 79 80 81 82 83 84 85 86 87 88 337 89 90 92 93 94 95 96 97 98 99 100 102 103 104 105 106 107 108 109 110 111 112 113 114 115 116 117 118 119 120 121 122 123 338 124 125 126 127 128 129 130 131 132 133 134 135 136 137 138 139 140 141 142 143 144 145 146 147 148 149 150 151 152 153 154 155 156 157 158 159 160 161 162 163 164 165 166 167 305 168 169 170 171 172 173 174 175 176 177 178 179 180 181 182 183 184 185 186 187 188 189 306 190 191 192 193 194 196 197 198 200 201 202 203 204 205 206 207 208 209 210 211 212 213 214 215 216 217 218 219 220 221 222 223 224 225 226 227 228 229 230 231 232 233 234 235 236 237 238 239 241 242 243 244 245 246 247 248 249 250 251 252 253 254 255 256 257 258 259 260 261 262 263 264 265 266 267 268 269 270 271 273 274 275 276 277 279 280 281 282 283 284 285 286 287 288 289 290 291 292 293 294 295 296 297 298 299 300 301 302 303
p5:6 A 0 1 2 3 4 5 6 7 8 9 10 11 12 13 14 15 16 17 18 19 20 21 22 23 24 25 26 27 28 29 30 31 32 33 34 35 36 37 38 39 40 41 42 43 44 45 46 47 48 49 50 51 52 53 54 55 56 57 58 59 60 61 62 63 64 65 66 67 68 69 70 339 71 72 73 74 75 76 77 78 79 80 81 82 83 84 85 86 87 88 89 90 92 93 94 95 96 97 340 98 99 100 341 102 103 104 105 106 107 108 109 110 111 112 113 114 115 116 117 118 119 120 121 122 123 342 124 125 126 127 128 129 130 131 132 133 134 135 136 137 138 139 140 141 142 143 144 145 146 147 148 149 150 151 152 153 154 155 156 157 158 159 160 161 162 163 164 165 166 167 305 168 169 170 171 172 173 174 175 176 177 178 179 180 181 182 183 184 185 186 187 188 189 343 344 306 190 191 345 192 193 194 196 197 198 200 201 346 202 203 204 205 347 206 207 209 210 211 212 213 214 215 216 217 218 219 220 221 222 223 224 225 226 227 228 229 230 348 231 232 233 234 235 236 237 238 239 241 242 243 245 246 247 248 249 250 251 252 253 349 254 255 256 257 258 260 261 262 263 264 265 266 267 268 269 270 271 273 274 275 276 277 279 280 281 282 283 284 285 286 287 288 289 290 291 292 293 294 295 296 297 298 299 300 301 302 303
p5:7 A 0 1 2 3 4 5 6 7 8 9 10 11 12 13 14 15 16 17 18 19 20 21 22 23 24 25 26 350 27 28 29 30 31 32 33 34 35 36 37 38 39 40 41 42 43 44 45 46 47 48 49 50 51 52 53 54 55 56 57 58 59 60 61 62 63 64 65 66 67 68 69 351 70 71 72 73 74 75 76 77 78 79 80 81 82 83 84 85 86 87 88 89 90 92 93 94 95 96 97 98 99 100 102 103 104 105 106 107 108 109 110 111 112 113 114 115 116 117 118 119 120 121 122 123 124 125 126 127 128 129 130 131 352 132 133 134 135 136 137 138 139 140 141 142 143 144 145 146 147 148 149 150 151 152 153 154 155 156 157 158 159 160 161 162 163 164 165 166 167 305 168 169 170 171 172 173 174 175 176 177 178 179 180 181 182 183 184 185 186 187 188 189 353 306 190 191 192 193 194 196 197 198 200 201 202 203 204 205 206 207 208 209 210 211 212 213 214 215 216 217 218 219 220 221 222 223 224 225 226 227 228 229 230 231 232 233 234 235 236 237 238 239 241 242 243 244 245 354 246 247 248 249 250 251 252 253 254 255 256 257 258 259 260 261 262 263 264 265 266 267 268 269 270 355 271 272 273 274 275 276 277 278 279 280 281 282 283 284 285 286 287 288 289 290 291 292 293 294 295 296 297 298 299 300 301 302 303
p5:8 A 0 1 2 3 4 5 6 7 8 10 310 11 12 13 14 15 16 17 18 19 20 22 23 24 25 26 27 28 29 30 31 32 33 34 35 36 37 38 40 41 42 356 43 44 45 46 47 48 49 50 51 52 53 54 55 56 57 58 59 60 61 62 63 64 65 66 67 68 69 70 71 72 73 74 75 76 77 78 79 80 81 82 83 84 85 86 87 88 357 320 89 90 92 93 94 95 96 97 322 98 99 100 102 103 104 105 106 107 108 109 110 111 112 358 113 114 115 323 116 117 118 119 120 121 122 123 124 125 126 127 128 129 130 131 133 134 135 136 137 138 139 140 141 142 143 144 145 146 147 148 149 150 151 152 153 154 155 156 157 158 159 160 161 162 163 164 165 166 167 168 169 170 171 172 173 174 175 326 176 177 178 179 180 181 183 184 185 186 187 188 189 190 191 192 193 194 196 197 198 359 200 328 329 201 202 203 360 204 205 206 207 209 210 211 212 213 214 215 216 217 218 219 220 221 222 223 224 225 226 227 228 229 230 348 231 232 233 234 235 236 237 238 239 241 242 243 245 246 247 248 249 250 251 252 332 255 256 257 258 260 261 262 263 264 265 361 266 267 268 269 270 271 273 274 275 276 277 279 280 281 362 282 283 284 285 286 287 335 363 288 289 290 291 292 293 294 295 296 297 298 299 300 301 302 303 336
p5:9 A 0 364 1 2 3 4 5 6 7 8 10 310 11 12 13 14 15 16 17 18 19 20 22 23 24 25 26 27 28 29 30 31 32 33 34 35 36 37 38 40 41 42 356 43 44 45 46 47 48 49 50 51 52 53 54 55 56 57 58 59 60 61 62 63 64 65 66 67 68 69 70 71 72 73 74 75 76 77 78 79 80 81 82 83 84 85 86 87 88 357 320 89 90 92 93 94 95 96 97 322 98 99 100 102 103 104 105 106 107 108 109 110 111 112 358 113 114 115 323 116 117 118 119 120 121 122 123 124 125 126 127 128 129 130 131 133 134 135 136 137 138 139 140 141 142 143 144 145 146 147 148 149 150 151 152 153 154 155 156 157 158 159 160 161 162 163 164 316 165 166 167 168 169 170 171 172 173 174 175 176 177 178 179 180 181 182 183 184 185 186 187 188 189 190 191 192 193 194 196 197 198 200 201 202 203 204 205 206 207 208 209 210 211 212 213 214 215 216 217 218 219 220 221 222 223 224 225 226 227 228 229 230 231 319 232 233 234 235 236 237 238 239 241 242 243 244 245 246 247 248 249 250 251 252 253 254 255 256 257 258 259 260 261 262 263 264 265 266 267 268 269 270 271 273 274 275 276 277 279 280 281 282 283 284 285 286 287 288 289 290 291 292 293 294 295 296 297 298 299 300 301 302 303
