#OUT: 25000 SS p1 10 /Users/josephzou/Desktop/Sample_data/CA-p1-Sample.txt
Mutations:
84 51415 m1 22218 0 0.5 p1 2581 10
85 55064 m1 22398 0 0.5 p1 2769 10
96 59022 m1 27756 0 0.5 p1 2969 10
244 59304 m7 74549 0 0.5 p1 2983 10
88 61565 m1 24196 0 0.5 p1 3097 10
10 62010 m3 7038 0.00999999978 0.5 p1 3121 10
45 76678 m3 10887 0.00999999978 0.5 p1 3598 10
57 79944 m1 12305 0 0.5 p1 3687 10
101 80864 m1 30848 0 0.5 p1 3713 10
282 82849 m1 91267 0 0.5 p1 3767 10
160 87666 m6 50812 0.00999999978 0.5 p1 3901 10
54 89570 m1 12000 0 0.5 p1 3952 10
194 92302 m1 56047 0 0.5 p1 4028 10
299 92732 m1 97289 0 0.5 p1 4039 10
172 92991 m6 52028 0.00999999978 0.5 p1 4047 10
147 95915 m6 49482 0.00999999978 0.5 p1 4127 10
126 97088 m1 41018 0 0.5 p1 4158 10
290 99035 m1 93028 0 0.5 p1 4211 10
248 104363 m2 76543 0 0.5 p1 4358 10
185 106168 m6 53413 0.00999999978 0.5 p1 4406 10
52 108026 m3 11495 0.00999999978 0.5 p1 4456 10
113 108979 m1 35095 0 0.5 p1 4482 10
110 119622 m1 34430 0 0.5 p1 4767 10
142 119659 m1 47949 0 0.5 p1 4768 10
133 121585 m1 42574 0 0.5 p1 4821 10
134 121997 m1 43254 0 0.5 p1 4832 10
239 123372 m2 73292 0 0.5 p1 4868 10
208 124379 m1 60319 0 0.5 p1 4895 10
111 125700 m1 34637 0 0.5 p1 4931 10
306 140815 m1 99761 0 0.5 p1 5201 10
181 148012 m6 52848 0.00999999978 0.5 p1 5316 10
159 154148 m6 50504 0.00999999978 0.5 p1 5415 10
238 158615 m1 72489 0 0.5 p1 5486 10
300 160450 m1 97722 0 0.5 p1 5514 10
179 170836 m6 52446 0.00999999978 0.5 p1 5684 10
236 173257 m1 71843 0 0.5 p1 5723 10
143 174669 m6 49186 0.00999999978 0.5 p1 5745 10
288 176725 m1 92517 0 0.5 p1 5778 10
234 180395 m1 70251 0 0.5 p1 5837 10
277 181928 m1 89365 0 0.5 p1 5861 10
139 185551 m1 46208 0 0.5 p1 5920 10
232 186530 m1 69727 0 0.5 p1 5935 10
64 188445 m2 16296 0 0.5 p1 5966 10
199 193034 m1 57738 0 0.5 p1 6040 10
257 201060 m1 80992 0 0.5 p1 6171 10
103 201278 m1 31459 0 0.5 p1 6174 10
221 201355 m1 67038 0 0.5 p1 6175 10
102 204072 m1 31404 0 0.5 p1 6219 10
48 207384 m3 11201 0.00999999978 0.5 p1 6272 10
69 211269 m1 18018 0 0.5 p1 6335 10
127 211889 m1 41085 0 0.5 p1 6345 10
81 223500 m1 21479 0 0.5 p1 6535 10
16 233840 m3 7762 0.00999999978 0.5 p1 6681 10
210 242716 m1 61396 0 0.5 p1 6794 10
203 243714 m1 58855 0 0.5 p1 6807 10
284 249845 m1 91620 0 0.5 p1 6887 10
241 263602 m7 73555 0 0.5 p1 7065 10
18 264280 m3 7868 0.00999999978 0.5 p1 7074 10
193 269239 m1 56022 0 0.5 p1 7140 10
25 279153 m3 8337 0.00999999978 0.5 p1 7266 10
298 285001 m1 97198 0 0.5 p1 7341 10
289 289268 m1 92554 0 0.5 p1 7397 10
137 291693 m1 45134 0 0.5 p1 7428 10
216 301071 m1 63905 0 0.5 p1 7550 10
86 304106 m1 23223 0 0.5 p1 7589 10
87 304857 m1 23855 0 0.5 p1 7598 10
115 307692 m1 35363 0 0.5 p1 7634 10
90 310359 m1 25648 0 0.5 p1 7668 10
140 316431 m1 46241 0 0.5 p1 7746 10
131 318637 m1 41975 0 0.5 p1 7775 10
161 323414 m6 50987 0.00999999978 0.5 p1 7838 10
279 328689 m1 90499 0 0.5 p1 7905 10
192 340742 m1 55567 0 0.5 p1 8060 10
228 341133 m1 68947 0 0.5 p1 8065 10
158 347394 m6 50438 0.00999999978 0.5 p1 8145 10
39 348866 m3 10055 0.00999999978 0.5 p1 8164 10
285 359539 m1 91818 0 0.5 p1 8301 10
305 369999 m1 98965 0 0.5 p1 8389 10
304 376313 m1 98480 0 0.5 p1 8443 10
175 384996 m6 52155 0.00999999978 0.5 p1 8517 10
107 388830 m1 32247 0 0.5 p1 8549 10
32 397010 m3 8974 0.00999999978 0.5 p1 8619 10
191 432760 m1 55432 0 0.5 p1 8923 10
35 439825 m3 9821 0.00999999978 0.5 p1 8983 10
215 446781 m1 63743 0 0.5 p1 9042 10
217 448302 m1 63916 0 0.5 p1 9055 10
220 449020 m1 65131 0 0.5 p1 9061 10
283 465431 m1 91509 0 0.5 p1 9200 10
247 468515 m2 76372 0 0.5 p1 9226 10
9 475603 m1 6681 0 0.5 p1 9287 10
218 495420 m1 64111 0 0.5 p1 9456 10
152 496369 m6 49944 0.00999999978 0.5 p1 9464 10
77 506677 m1 19643 0 0.5 p1 9553 10
263 521184 m1 82676 0 0.5 p1 9677 10
19 522104 m3 8008 0.00999999978 0.5 p1 9685 10
146 526683 m6 49303 0.00999999978 0.5 p1 9724 10
49 543251 m3 11228 0.00999999978 0.5 p1 9863 10
61 581476 m2 14965 0 0.5 p1 10161 10
44 592414 m3 10678 0.00999999978 0.5 p1 10241 10
109 595889 m1 32867 0 0.5 p1 10266 10
144 597458 m6 49267 0.00999999978 0.5 p1 10277 10
95 613320 m1 27670 0 0.5 p1 10392 10
266 618042 m1 83999 0 0.5 p1 10426 10
20 619517 m3 8023 0.00999999978 0.5 p1 10437 10
36 622125 m3 9844 0.00999999978 0.5 p1 10456 10
97 623095 m1 27768 0 0.5 p1 10463 10
231 640813 m1 69499 0 0.5 p1 10591 10
2 653471 m1 2483 0 0.5 p1 10682 10
187 655382 m6 53551 0.00999999978 0.5 p1 10696 10
188 661964 m6 53593 0.00999999978 0.5 p1 10744 10
219 665156 m1 64241 0 0.5 p1 10767 10
168 683747 m6 51717 0.00999999978 0.5 p1 10903 10
182 683748 m6 52923 0.00999999978 0.5 p1 10903 10
233 691499 m1 69973 0 0.5 p1 10959 10
4 711594 m1 4012 0 0.5 p1 11105 10
132 713949 m1 41995 0 0.5 p1 11122 10
274 725054 m1 87552 0 0.5 p1 11203 10
269 730695 m8 84498 0 0.5 p1 11244 10
270 752718 m2 84577 0 0.5 p1 11403 10
11 756454 m3 7171 0.00999999978 0.5 p1 11430 10
98 769674 m1 28406 0 0.5 p1 11527 10
198 778978 m1 57358 0 0.5 p1 11595 10
286 793958 m1 92463 0 0.5 p1 11704 10
154 826580 m6 50070 0.00999999978 0.5 p1 11941 10
89 828345 m1 25275 0 0.5 p1 11954 10
180 831890 m6 52595 0.00999999978 0.5 p1 11980 10
195 835225 m1 56268 0 0.5 p1 12005 10
65 837221 m2 16462 0 0.5 p1 12019 10
14 851275 m3 7500 0.00999999978 0.5 p1 12121 10
202 856234 m1 58485 0 0.5 p1 12158 10
114 873438 m1 35263 0 0.5 p1 12282 10
122 888716 m1 38569 0 0.5 p1 12394 10
272 894946 m2 87051 0 0.5 p1 12439 10
56 896164 m1 12257 0 0.5 p1 12448 10
106 899569 m1 31915 0 0.5 p1 12473 10
93 903594 m1 27383 0 0.5 p1 12502 10
17 903888 m3 7842 0.00999999978 0.5 p1 12504 10
206 908012 m1 60247 0 0.5 p1 12534 10
204 917217 m1 59481 0 0.5 p1 12601 10
0 926908 m1 909 0 0.5 p1 12672 10
112 938250 m1 34851 0 0.5 p1 12754 10
24 943440 m3 8287 0.00999999978 0.5 p1 12791 10
156 949536 m6 50370 0.00999999978 0.5 p1 12836 10
259 956839 m1 82196 0 0.5 p1 12889 10
26 968531 m3 8361 0.00999999978 0.5 p1 12973 10
83 972502 m1 21976 0 0.5 p1 13001 10
150 974019 m6 49876 0.00999999978 0.5 p1 13012 10
229 991834 m1 69124 0 0.5 p1 13142 10
261 995393 m1 82480 0 0.5 p1 13168 10
125 1014352 m1 40542 0 0.5 p1 13304 10
223 1022267 m1 67101 0 0.5 p1 13362 10
190 1035538 m1 54063 0 0.5 p1 13459 10
243 1042518 m7 73834 0 0.5 p1 13509 10
174 1043347 m6 52150 0.00999999978 0.5 p1 13515 10
116 1054140 m5 35833 0 0.5 p1 13594 10
117 1063153 m5 36404 0 0.5 p1 13660 10
47 1064680 m3 11113 0.00999999978 0.5 p1 13671 10
296 1077104 m1 96353 0 0.5 p1 13761 10
149 1093347 m6 49706 0.00999999978 0.5 p1 13878 10
211 1109099 m1 62705 0 0.5 p1 13994 10
225 1115423 m1 67898 0 0.5 p1 14040 10
67 1117756 m1 17729 0 0.5 p1 14057 10
34 1127041 m3 9562 0.00999999978 0.5 p1 14125 10
255 1143452 m1 79863 0 0.5 p1 14245 10
30 1152265 m3 8849 0.00999999978 0.5 p1 14309 10
205 1161823 m1 60012 0 0.5 p1 14378 10
240 1164421 m7 73486 0 0.5 p1 14397 10
213 1165232 m1 62870 0 0.5 p1 14403 10
119 1175796 m1 37591 0 0.5 p1 14480 10
249 1179972 m7 77102 0 0.5 p1 14511 10
251 1182564 m1 77902 0 0.5 p1 14530 10
80 1186069 m1 21199 0 0.5 p1 14556 10
21 1194821 m3 8059 0.00999999978 0.5 p1 14620 10
75 1198135 m1 18785 0 0.5 p1 14644 10
79 1201348 m1 21111 0 0.5 p1 14667 10
74 1201901 m1 18659 0 0.5 p1 14671 10
59 1204932 m1 13866 0 0.5 p1 14693 10
222 1222398 m1 67097 0 0.5 p1 14819 10
197 1229509 m1 56682 0 0.5 p1 14871 10
8 1235479 m1 5334 0 0.5 p1 14915 10
130 1235773 m1 41712 0 0.5 p1 14917 10
13 1239893 m3 7370 0.00999999978 0.5 p1 14947 10
141 1268887 m1 46860 0 0.5 p1 15088 10
63 1300471 m2 15607 0 0.5 p1 15217 10
265 1301628 m1 83792 0 0.5 p1 15222 10
173 1322130 m6 52145 0.00999999978 0.5 p1 15306 10
294 1339300 m1 94760 0 0.5 p1 15376 10
129 1343000 m1 41277 0 0.5 p1 15391 10
214 1355774 m1 63664 0 0.5 p1 15443 10
262 1365636 m1 82579 0 0.5 p1 15483 10
60 1372692 m1 14520 0 0.5 p1 15511 10
295 1386896 m1 95531 0 0.5 p1 15567 10
27 1418746 m3 8447 0.00999999978 0.5 p1 15692 10
22 1464213 m3 8183 0.00999999978 0.5 p1 15869 10
281 1476600 m1 90922 0 0.5 p1 15917 10
145 1486359 m6 49271 0.00999999978 0.5 p1 15954 10
3 1492634 m1 3290 0 0.5 p1 15978 10
237 1509645 m1 72411 0 0.5 p1 16044 10
92 1514929 m1 26887 0 0.5 p1 16064 10
200 1515175 m1 57800 0 0.5 p1 16065 10
302 1525855 m1 98112 0 0.5 p1 16106 10
292 1541170 m1 94024 0 0.5 p1 16165 10
41 1544236 m3 10393 0.00999999978 0.5 p1 16177 10
209 1559326 m1 60428 0 0.5 p1 16236 10
227 1564674 m1 68646 0 0.5 p1 16257 10
291 1628905 m1 93349 0 0.5 p1 16502 10
76 1636061 m1 18938 0 0.5 p1 16529 10
224 1674411 m1 67762 0 0.5 p1 16676 10
245 1698249 m2 75313 0 0.5 p1 16768 10
105 1711094 m1 31868 0 0.5 p1 16817 10
162 1744156 m6 51007 0.00999999978 0.5 p1 16944 10
28 1744157 m3 8614 0.00999999978 0.5 p1 16944 10
242 1746088 m2 73558 0 0.5 p1 16952 10
177 1752583 m6 52262 0.00999999978 0.5 p1 16977 10
166 1835386 m6 51625 0.00999999978 0.5 p1 17296 10
163 1881409 m6 51242 0.00999999978 0.5 p1 17474 10
207 1893371 m1 60286 0 0.5 p1 17520 10
31 1905556 m3 8952 0.00999999978 0.5 p1 17567 10
6 1968727 m1 4953 0 0.5 p1 17810 10
212 1977966 m1 62840 0 0.5 p1 17846 10
267 1989338 m1 84214 0 0.5 p1 17889 10
70 2047126 m1 18093 0 0.5 p1 18112 10
128 2072068 m1 41198 0 0.5 p1 18208 10
1 2086971 m1 1576 0 0.5 p1 18265 10
78 2094084 m1 20288 0 0.5 p1 18292 10
196 2129598 m1 56315 0 0.5 p1 18429 10
72 2130355 m1 18178 0 0.5 p1 18432 10
138 2144333 m1 45663 0 0.5 p1 18486 10
235 2155793 m1 71070 0 0.5 p1 18530 10
37 2159339 m3 9866 0.00999999978 0.5 p1 18544 10
189 2163069 m6 53655 0.00999999978 0.5 p1 18558 10
5 2175761 m1 4197 0 0.5 p1 18607 10
91 2212285 m1 25873 0 0.5 p1 18748 10
303 2218698 m1 98292 0 0.5 p1 18773 10
40 2228334 m3 10227 0.00999999978 0.5 p1 18810 10
12 2232036 m3 7200 0.00999999978 0.5 p1 18824 10
46 2273454 m2 10904 0 0.5 p1 18983 10
73 2297959 m1 18438 0 0.5 p1 19077 10
264 2317879 m1 83468 0 0.5 p1 19154 10
123 2331073 m1 39732 0 0.5 p1 19205 10
68 2335742 m1 17817 0 0.5 p1 19223 10
165 2343279 m6 51399 0.00999999978 0.5 p1 19252 10
124 2366491 m1 39870 0 0.5 p1 19341 10
184 2379225 m6 53363 0.00999999978 0.5 p1 19390 10
287 2385678 m1 92489 0 0.5 p1 19415 10
151 2427816 m6 49877 0.00999999978 0.5 p1 19577 10
62 2429897 m2 15408 0 0.5 p1 19585 10
271 2462433 m8 86686 0 0.5 p1 19711 10
260 2499952 m1 82325 0 0.5 p1 19854 10
99 2513598 m1 29030 0 0.5 p1 19906 10
33 2537533 m3 8975 0.00999999978 0.5 p1 19998 10
301 2572040 m1 97854 0 0.5 p1 20075 10
82 2616213 m1 21730 0 0.5 p1 20172 10
278 2617094 m1 89997 0 0.5 p1 20174 10
183 2621596 m6 52945 0.00999999978 0.5 p1 20184 10
50 2650396 m3 11369 0.00999999978 0.5 p1 20247 10
66 2702927 m1 17180 0 0.5 p1 20363 10
250 2722514 m1 77670 0 0.5 p1 20406 10
135 2748802 m1 43254 0 0.5 p1 20464 10
94 2763142 m1 27492 0 0.5 p1 20495 10
148 2784617 m6 49546 0.00999999978 0.5 p1 20542 10
121 2840319 m1 38515 0 0.5 p1 20665 10
256 2966346 m1 80465 0 0.5 p1 20941 10
178 2969140 m6 52307 0.00999999978 0.5 p1 20947 10
155 3018630 m6 50209 0.00999999978 0.5 p1 21056 10
186 3055565 m2 53430 0 0.5 p1 21137 10
29 3161334 m3 8621 0.00999999978 0.5 p1 21369 10
252 3219533 m1 78509 0 0.5 p1 21497 10
273 3224608 m1 87534 0 0.5 p1 21508 10
230 3244650 m1 69439 0 0.5 p1 21552 10
58 3284238 m1 13048 0 0.5 p1 21639 10
38 3334173 m3 10014 0.00999999978 0.5 p1 21748 10
55 3404695 m1 12076 0 0.5 p1 21902 10
276 3468684 m1 88615 0 0.5 p1 22042 10
43 3491106 m3 10673 0.00999999978 0.5 p1 22091 10
258 3528640 m1 80994 0 0.5 p1 22174 10
226 3592167 m1 68231 0 0.5 p1 22314 10
293 3656018 m1 94265 0 0.5 p1 22454 10
246 3686789 m7 75574 0 0.5 p1 22521 10
100 3716606 m1 29355 0 0.5 p1 22586 10
167 3728797 m6 51700 0.00999999978 0.5 p1 22613 10
153 3772293 m6 49978 0.00999999978 0.5 p1 22708 10
253 3781063 m1 79273 0 0.5 p1 22727 10
157 3926130 m6 50403 0.00999999978 0.5 p1 23044 10
42 3991069 m3 10599 0.00999999978 0.5 p1 23186 10
136 3993343 m1 44868 0 0.5 p1 23191 10
280 4006212 m1 90673 0 0.5 p1 23219 10
254 4019380 m1 79725 0 0.5 p1 23248 10
201 4047963 m1 58437 0 0.5 p1 23311 10
71 4106141 m1 18102 0 0.5 p1 23439 10
176 4106580 m6 52256 0.00999999978 0.5 p1 23440 10
170 4147831 m6 51739 0.00999999978 0.5 p1 23530 10
51 4206745 m3 11376 0.00999999978 0.5 p1 23659 10
171 4218155 m6 51807 0.00999999978 0.5 p1 23684 10
23 4301812 m3 8198 0.00999999978 0.5 p1 23868 10
322 4310837 m2 86250 0 0.5 p1 23888 1
268 4318689 m2 84428 0 0.5 p1 23905 9
7 4341642 m1 5254 0 0.5 p1 23955 10
53 4348471 m3 11583 0.00999999978 0.5 p1 23970 10
120 4358892 m1 38047 0 0.5 p1 23993 10
321 4370229 m1 83474 0 0.5 p1 24018 1
297 4384831 m1 97025 0 0.5 p1 24050 9
118 4481820 m5 36930 0 0.5 p1 24263 10
320 4491862 m1 80989 0 0.5 p1 24285 1
275 4520566 m1 87689 0 0.5 p1 24348 9
169 4611026 m6 51728 0.00999999978 0.5 p1 24548 10
108 4613340 m1 32712 0 0.5 p1 24553 10
164 4627501 m6 51391 0.00999999978 0.5 p1 24584 9
319 4683638 m2 74558 0 0.5 p1 24707 1
323 4689950 m1 88429 0 0.5 p1 24721 1
315 4698735 m1 69998 0 0.5 p1 24740 1
314 4705696 m1 54076 0 0.5 p1 24755 1
308 4708369 m1 92577 0 0.5 p1 24761 1
15 4712048 m3 7566 0.00999999978 0.5 p1 24769 7
316 4712990 m3 7466 0.00999999978 0.5 p1 24771 1
104 4726192 m1 31697 0 0.5 p1 24800 3
325 4756198 m1 71832 0 0.5 p1 24869 1
317 4757922 m1 43376 0 0.5 p1 24873 1
307 4766302 m1 29403 0 0.5 p1 24892 1
318 4771948 m1 45367 0 0.5 p1 24905 1
312 4777194 m1 6381 0 0.5 p1 24917 3
310 4781518 m2 52011 0 0.5 p1 24927 1
324 4789336 m1 12828 0 0.5 p1 24945 1
313 4805000 m1 34403 0 0.5 p1 24981 1
309 4806326 m4 15671 -0.00999999978 0.5 p1 24984 1
311 4813224 m1 3125 0 0.5 p1 25000 1
Genomes:
p1:0 A 0 1 2 3 4 5 6 7 8 9 10 11 12 13 14 15 16 17 18 19 20 21 22 23 24 25 26 27 28 29 30 31 32 33 34 35 36 37 38 39 40 41 42 43 44 45 46 47 48 49 50 51 52 53 54 55 56 57 58 59 60 61 62 63 64 65 66 67 68 69 70 71 72 73 74 75 76 77 78 79 80 81 82 83 84 85 86 87 88 89 90 91 92 93 94 95 96 97 98 99 100 101 102 103 104 105 106 107 108 109 110 111 112 113 114 115 116 117 118 119 120 121 122 123 124 125 126 127 128 129 130 131 132 133 134 135 136 137 138 139 140 141 142 143 144 145 146 147 148 149 150 151 152 153 154 155 156 157 158 159 160 161 162 163 164 165 166 167 168 169 170 171 172 173 174 175 176 177 178 179 180 181 182 183 184 185 186 187 188 189 190 191 192 193 194 195 196 197 198 199 200 201 202 203 204 205 206 207 208 209 210 211 212 213 214 215 216 217 218 219 220 221 222 223 224 225 226 227 228 229 230 231 232 233 234 235 236 237 238 239 240 241 242 243 244 245 246 247 248 249 250 251 252 253 254 255 256 257 258 259 260 261 262 263 264 265 266 267 268 269 270 271 272 273 274 275 276 277 278 279 280 281 282 283 284 285 286 287 288 289 290 291 292 293 294 295 296 297 298 299 300 301 302 303 304 305 306
p1:1 A 0 1 2 3 4 5 6 7 8 9 10 11 12 13 14 16 17 18 19 20 21 22 23 24 25 26 27 28 29 30 31 32 33 34 35 36 37 38 39 40 41 42 43 44 45 46 47 48 49 50 51 52 53 54 55 56 57 58 59 60 61 62 63 64 65 66 67 68 69 70 71 72 73 74 75 76 77 78 79 80 81 82 83 84 85 86 87 88 89 90 91 92 93 94 95 96 97 98 99 100 307 101 102 103 105 106 107 108 109 110 111 112 113 114 115 116 117 118 119 120 121 122 123 124 125 126 127 128 129 130 131 132 133 134 135 136 137 138 139 140 141 142 143 144 145 146 147 148 149 150 151 152 153 154 155 156 157 158 159 160 161 162 163 165 166 167 168 169 170 171 172 173 174 175 176 177 178 179 180 181 182 183 184 185 186 187 188 189 190 191 192 193 194 195 196 197 198 199 200 201 202 203 204 205 206 207 208 209 210 211 212 213 214 215 216 217 218 219 220 221 222 223 224 225 226 227 228 229 230 231 232 233 234 235 236 237 238 239 240 241 242 243 244 245 246 247 248 249 250 251 252 253 254 255 256 257 258 259 260 261 262 263 264 265 266 267 268 269 270 271 272 273 274 275 276 277 278 279 280 281 282 283 284 285 286 287 288 289 308 290 291 292 293 294 295 296 297 298 299 300 301 302 303 304 305 306
p1:2 A 0 1 2 3 4 5 6 7 8 9 10 11 12 13 14 15 16 17 18 19 20 21 22 23 24 25 26 27 28 29 30 31 32 33 34 35 36 37 38 39 40 41 42 43 44 45 46 47 48 49 50 51 52 53 54 55 56 57 58 59 60 61 62 63 309 64 65 66 67 68 69 70 71 72 73 74 75 76 77 78 79 80 81 82 83 84 85 86 87 88 89 90 91 92 93 94 95 96 97 98 99 100 101 102 103 104 105 106 107 108 109 110 111 112 113 114 115 116 117 118 119 120 121 122 123 124 125 126 127 128 129 130 131 132 133 134 135 136 137 138 139 140 141 142 143 144 145 146 147 148 149 150 151 152 153 154 155 156 157 158 159 160 161 162 163 164 165 166 167 168 169 170 171 310 172 173 174 175 176 177 178 179 180 181 182 183 184 185 186 187 188 189 190 191 192 193 194 195 196 197 198 199 200 201 202 203 204 205 206 207 208 209 210 211 212 213 214 215 216 217 218 219 220 221 222 223 224 225 226 227 228 229 230 231 232 233 234 235 236 237 238 239 240 241 242 243 244 245 246 247 248 249 250 251 252 253 254 255 256 257 258 259 260 261 262 263 264 265 266 267 268 269 270 271 272 273 274 275 276 277 278 279 280 281 282 283 284 285 286 287 288 289 290 291 292 293 294 295 296 297 298 299 300 301 302 303 304 305 306
p1:3 A 0 1 2 311 3 4 5 6 7 8 312 9 10 11 12 13 14 15 16 17 18 19 20 21 22 23 24 25 26 27 28 29 30 31 32 33 34 35 36 37 38 39 40 41 42 43 44 45 46 47 48 49 50 51 52 53 54 55 56 57 58 59 60 61 62 63 64 65 66 67 68 69 70 71 72 73 74 75 76 77 78 79 80 81 82 83 84 85 86 87 88 89 90 91 92 93 94 95 96 97 98 99 100 101 102 103 105 106 107 108 109 110 111 112 113 114 115 116 117 118 119 120 121 122 123 124 125 126 127 128 129 130 131 132 133 134 135 136 137 138 139 140 141 142 143 144 145 146 147 148 149 150 151 152 153 154 155 156 157 158 159 160 161 162 163 164 165 166 167 168 169 170 171 172 173 174 175 176 177 178 179 180 181 182 183 184 185 186 187 188 189 190 191 192 193 194 195 196 197 198 199 200 201 202 203 204 205 206 207 208 209 210 211 212 213 214 215 216 217 218 219 220 221 222 223 224 225 226 227 228 229 230 231 232 233 234 235 236 237 238 239 240 241 242 243 244 245 246 247 248 249 250 251 252 253 254 255 256 257 258 259 260 261 262 263 264 265 266 267 268 269 270 271 272 273 274 275 276 277 278 279 280 281 282 283 284 285 286 287 288 289 290 291 292 293 294 295 296 297 298 299 300 301 302 303 304 305 306
p1:4 A 0 1 2 3 4 5 6 7 8 312 9 10 11 12 13 14 15 16 17 18 19 20 21 22 23 24 25 26 27 28 29 30 31 32 33 34 35 36 37 38 39 40 41 42 43 44 45 46 47 48 49 50 51 52 53 54 55 56 57 58 59 60 61 62 63 64 65 66 67 68 69 70 71 72 73 74 75 76 77 78 79 80 81 82 83 84 85 86 87 88 89 90 91 92 93 94 95 96 97 98 99 100 101 102 103 105 106 107 108 109 313 110 111 112 113 114 115 116 117 118 119 120 121 122 123 124 125 126 127 128 129 130 131 132 133 134 135 136 137 138 139 140 141 142 143 144 145 146 147 148 149 150 151 152 153 154 155 156 157 158 159 160 161 162 163 164 165 166 167 168 169 170 171 172 173 174 175 176 177 178 179 180 181 182 183 184 185 186 187 188 189 190 191 192 193 194 195 196 197 198 199 200 201 202 203 204 205 206 207 208 209 210 211 212 213 214 215 216 217 218 219 220 221 222 223 224 225 226 227 228 229 230 231 232 233 234 235 236 237 238 239 240 241 242 243 244 245 246 247 248 249 250 251 252 253 254 255 256 257 258 259 260 261 262 263 264 265 266 267 268 269 270 271 272 273 274 275 276 277 278 279 280 281 282 283 284 285 286 287 288 289 290 291 292 293 294 295 296 297 298 299 300 301 302 303 304 305 306
p1:5 A 0 1 2 3 4 5 6 7 8 9 10 11 12 13 14 16 17 18 19 20 21 22 23 24 25 26 27 28 29 30 31 32 33 34 35 36 37 38 39 40 41 42 43 44 45 46 47 48 49 50 51 52 53 54 55 56 57 58 59 60 61 62 63 64 65 66 67 68 69 70 71 72 73 74 75 76 77 78 79 80 81 82 83 84 85 86 87 88 89 90 91 92 93 94 95 96 97 98 99 100 101 102 103 105 106 107 108 109 110 111 112 113 114 115 116 117 118 119 120 121 122 123 124 125 126 127 128 129 130 131 132 133 134 135 136 137 138 139 140 141 142 143 144 145 146 147 148 149 150 151 152 153 154 155 156 157 158 159 160 161 162 163 164 165 166 167 168 169 170 171 172 173 174 175 176 177 178 179 180 181 182 183 184 185 186 187 188 189 190 314 191 192 193 194 195 196 197 198 199 200 201 202 203 204 205 206 207 208 209 210 211 212 213 214 215 216 217 218 219 220 221 222 223 224 225 226 227 228 229 230 231 232 233 315 234 235 236 237 238 239 240 241 242 243 244 245 246 247 248 249 250 251 252 253 254 255 256 257 258 259 260 261 262 263 264 265 266 267 268 269 270 271 272 273 274 275 276 277 278 279 280 281 282 283 284 285 286 287 288 289 290 291 292 293 294 295 296 297 298 299 300 301 302 303 304 305 306
p1:6 A 0 1 2 3 4 5 6 7 8 9 10 11 12 13 14 15 16 17 18 19 20 21 22 23 24 25 26 27 28 29 30 31 32 33 34 35 36 37 38 39 40 41 42 43 44 45 46 47 48 49 50 51 52 53 54 55 56 57 58 59 60 61 62 63 64 65 66 67 68 69 70 71 72 73 74 75 76 77 78 79 80 81 82 83 84 85 86 87 88 89 90 91 92 93 94 95 96 97 98 99 100 101 102 103 105 106 107 108 109 110 111 112 113 114 115 116 117 118 119 120 121 122 123 124 125 126 127 128 129 130 131 132 133 134 135 136 137 138 139 140 141 142 143 144 145 146 147 148 149 150 151 152 153 154 155 156 157 158 159 160 161 162 163 164 165 166 167 168 169 170 171 172 173 174 175 176 177 178 179 180 181 182 183 184 185 186 187 188 189 190 191 192 193 194 195 196 197 198 199 200 201 202 203 204 205 206 207 208 209 210 211 212 213 214 215 216 217 218 219 220 221 222 223 224 225 226 227 228 229 230 231 232 233 234 235 236 237 238 239 240 241 242 243 244 245 246 247 248 249 250 251 252 253 254 255 256 257 258 259 260 261 262 263 264 265 266 267 268 269 270 271 272 273 274 275 276 277 278 279 280 281 282 283 284 285 286 287 288 289 290 291 292 293 294 295 296 297 298 299 300 301 302 303 304 305 306
p1:7 A 0 1 2 3 4 5 6 7 8 9 10 11 12 13 316 14 16 17 18 19 20 21 22 23 24 25 26 27 28 29 30 31 32 33 34 35 36 37 38 39 40 41 42 43 44 45 46 47 48 49 50 51 52 53 54 55 56 57 58 59 60 61 62 63 64 65 66 67 68 69 70 71 72 73 74 75 76 77 78 79 80 81 82 83 84 85 86 87 88 89 90 91 92 93 94 95 96 97 98 99 100 101 102 103 105 106 107 108 109 110 111 112 113 114 115 116 117 118 119 120 121 122 123 124 125 126 127 128 129 130 131 132 133 134 135 317 136 137 318 138 139 140 141 142 143 144 145 146 147 148 149 150 151 152 153 154 155 156 157 158 159 160 161 162 163 164 165 166 167 168 169 170 171 172 173 174 175 176 177 178 179 180 181 182 183 184 185 186 187 188 189 190 191 192 193 194 195 196 197 198 199 200 201 202 203 204 205 206 207 208 209 210 211 212 213 214 215 216 217 218 219 220 221 222 223 224 225 226 227 228 229 230 231 232 233 234 235 236 237 238 239 240 241 242 243 244 319 245 246 247 248 249 250 251 252 253 254 255 256 320 257 258 259 260 261 262 263 264 321 265 266 267 269 270 322 271 272 273 274 323 276 277 278 279 280 281 282 283 284 285 286 287 288 289 290 291 292 293 294 295 296 298 299 300 301 302 303 304 305 306
p1:8 A 0 1 2 3 4 5 6 7 8 312 9 10 11 12 13 14 15 16 17 18 19 20 21 22 23 24 25 26 27 28 29 30 31 32 33 34 35 36 37 38 39 40 41 42 43 44 45 46 47 48 49 50 51 52 53 54 55 56 57 58 59 60 61 62 63 64 65 66 67 68 69 70 71 72 73 74 75 76 77 78 79 80 81 82 83 84 85 86 87 88 89 90 91 92 93 94 95 96 97 98 99 100 101 102 103 105 106 107 108 109 110 111 112 113 114 115 116 117 118 119 120 121 122 123 124 125 126 127 128 129 130 131 132 133 134 135 136 137 138 139 140 141 142 143 144 145 146 147 148 149 150 151 152 153 154 155 156 157 158 159 160 161 162 163 164 165 166 167 168 169 170 171 172 173 174 175 176 177 178 179 180 181 182 183 184 185 186 187 188 189 190 191 192 193 194 195 196 197 198 199 200 201 202 203 204 205 206 207 208 209 210 211 212 213 214 215 216 217 218 219 220 221 222 223 224 225 226 227 228 229 230 231 232 233 234 235 236 237 238 239 240 241 242 243 244 245 246 247 248 249 250 251 252 253 254 255 256 257 258 259 260 261 262 263 264 265 266 267 268 269 270 271 272 273 274 275 276 277 278 279 280 281 282 283 284 285 286 287 288 289 290 291 292 293 294 295 296 297 298 299 300 301 302 303 304 305 306
p1:9 A 0 1 2 3 4 5 6 7 8 9 10 11 12 13 14 15 16 17 18 19 20 21 22 23 24 25 26 27 28 29 30 31 32 33 34 35 36 37 38 39 40 41 42 43 44 45 46 47 48 49 50 51 52 53 54 55 56 57 324 58 59 60 61 62 63 64 65 66 67 68 69 70 71 72 73 74 75 76 77 78 79 80 81 82 83 84 85 86 87 88 89 90 91 92 93 94 95 96 97 98 99 100 101 102 103 104 105 106 107 108 109 110 111 112 113 114 115 116 117 118 119 120 121 122 123 124 125 126 127 128 129 130 131 132 133 134 135 136 137 138 139 140 141 142 143 144 145 146 147 148 149 150 151 152 153 154 155 156 157 158 159 160 161 162 163 164 165 166 167 168 169 170 171 172 173 174 175 176 177 178 179 180 181 182 183 184 185 186 187 188 189 190 191 192 193 194 195 196 197 198 199 200 201 202 203 204 205 206 207 208 209 210 211 212 213 214 215 216 217 218 219 220 221 222 223 224 225 226 227 228 229 230 231 232 233 234 235 325 236 237 238 239 240 241 242 243 244 245 246 247 248 249 250 251 252 253 254 255 256 257 258 259 260 261 262 263 264 265 266 267 268 269 270 271 272 273 274 275 276 277 278 279 280 281 282 283 284 285 286 287 288 289 290 291 292 293 294 295 296 297 298 299 300 301 302 303 304 305 306
