#OUT: 25000 SS p2 10 /Users/josephzou/Desktop/Sample_data/Crol-p2-Sample.txt
Mutations:
73 53630 m1 47981 0 0.5 p1 2697 10
83 61252 m6 49552 0.00999999978 0.5 p1 3081 10
136 68554 m1 57213 0 0.5 p2 3378 10
8 75173 m1 3278 0 0.5 p2 3557 10
53 75386 m1 35306 0 0.5 p2 3563 10
16 78652 m1 11952 0 0.5 p2 3652 10
169 81526 m2 74379 0 0.5 p2 3730 10
207 85571 m1 94567 0 0.5 p2 3842 10
123 86420 m6 53131 0.00999999978 0.5 p2 3866 10
93 89259 m2 50303 0 0.5 p2 3942 10
40 99835 m1 26689 0 0.5 p2 4232 10
152 100850 m1 65431 0 0.5 p2 4261 10
204 101288 m1 91217 0 0.5 p2 4274 10
171 108131 m7 74600 0 0.5 p2 4458 10
189 109765 m2 86621 0 0.5 p2 4503 10
144 110019 m1 60531 0 0.5 p2 4510 10
50 115358 m1 33637 0 0.5 p2 4653 10
97 125901 m6 50728 0.00999999978 0.5 p2 4936 10
29 126089 m1 20069 0 0.5 p2 4941 10
184 126536 m1 83797 0 0.5 p2 4953 10
159 128022 m1 67314 0 0.5 p2 4993 10
178 132637 m7 77305 0 0.5 p2 5069 10
176 144304 m7 76869 0 0.5 p2 5256 10
99 146453 m2 50857 0 0.5 p2 5291 10
27 150333 m1 18372 0 0.5 p2 5353 10
88 154428 m6 50084 0.00999999978 0.5 p2 5419 10
210 158719 m1 95423 0 0.5 p2 5487 10
14 165520 m2 11246 0 0.5 p2 5596 10
72 183800 m1 47798 0 0.5 p2 5891 10
47 185177 m1 33044 0 0.5 p2 5914 10
28 210041 m1 18435 0 0.5 p2 6315 10
117 222267 m6 52353 0.00999999978 0.5 p2 6515 10
183 222760 m1 81338 0 0.5 p2 6523 10
52 223404 m1 34318 0 0.5 p2 6533 10
137 230107 m1 57232 0 0.5 p2 6634 10
126 236565 m6 53295 0.00999999978 0.5 p2 6715 10
54 251743 m2 35960 0 0.5 p2 6911 10
0 258457 m1 79 0 0.5 p2 6999 10
154 259999 m1 66406 0 0.5 p2 7019 10
160 286142 m1 69513 0 0.5 p2 7356 10
162 287681 m1 69870 0 0.5 p2 7376 10
196 297050 m1 88264 0 0.5 p2 7498 10
90 297203 m6 50197 0.00999999978 0.5 p2 7500 10
76 301244 m1 48764 0 0.5 p2 7552 10
80 320332 m6 49348 0.00999999978 0.5 p2 7797 10
100 326474 m6 51045 0.00999999978 0.5 p2 7877 10
179 351209 m1 78109 0 0.5 p2 8194 10
142 355940 m1 58465 0 0.5 p2 8254 10
175 367453 m7 76390 0 0.5 p2 8367 10
70 369427 m1 47488 0 0.5 p2 8384 10
96 377535 m6 50549 0.00999999978 0.5 p2 8453 10
208 409100 m1 94680 0 0.5 p2 8722 10
156 416956 m1 66695 0 0.5 p2 8789 10
161 468177 m1 69747 0 0.5 p2 9223 10
127 468649 m6 53340 0.00999999978 0.5 p2 9227 10
211 470464 m1 96108 0 0.5 p2 9243 10
108 486015 m6 51603 0.00999999978 0.5 p2 9375 10
30 495733 m1 20655 0 0.5 p2 9459 10
24 507042 m2 15499 0 0.5 p2 9556 10
133 523197 m1 55133 0 0.5 p2 9694 10
18 542796 m1 12562 0 0.5 p2 9859 10
82 564541 m6 49551 0.00999999978 0.5 p2 10037 10
41 571356 m1 26786 0 0.5 p2 10087 10
20 575678 m1 13106 0 0.5 p2 10119 10
74 588427 m1 48101 0 0.5 p2 10212 10
113 588555 m6 52073 0.00999999978 0.5 p2 10213 10
2 597200 m1 323 0 0.5 p2 10275 10
140 619800 m1 57878 0 0.5 p2 10439 10
9 622016 m1 3852 0 0.5 p2 10455 10
206 650708 m1 92600 0 0.5 p2 10662 10
68 669146 m1 46684 0 0.5 p2 10796 10
129 697380 m6 53482 0.00999999978 0.5 p2 11002 10
71 707401 m1 47594 0 0.5 p2 11075 10
122 738089 m6 53091 0.00999999978 0.5 p2 11297 10
114 740492 m6 52138 0.00999999978 0.5 p2 11315 10
105 754350 m6 51526 0.00999999978 0.5 p2 11415 10
51 774773 m1 33748 0 0.5 p2 11564 10
12 789045 m1 6787 0 0.5 p2 11668 10
64 796417 m1 43836 0 0.5 p2 11722 10
186 805536 m8 84697 0 0.5 p2 11788 10
182 810658 m1 80910 0 0.5 p2 11825 10
39 814239 m1 25540 0 0.5 p2 11851 10
66 818640 m1 44663 0 0.5 p2 11883 10
63 821791 m1 43807 0 0.5 p2 11906 10
130 858119 m6 53514 0.00999999978 0.5 p2 12172 10
26 866042 m1 18224 0 0.5 p2 12229 10
203 873575 m1 90770 0 0.5 p2 12283 10
109 883314 m6 51625 0.00999999978 0.5 p2 12354 10
107 899454 m6 51568 0.00999999978 0.5 p2 12472 10
138 913681 m1 57550 0 0.5 p2 12575 10
173 922603 m7 75014 0 0.5 p2 12640 10
3 932506 m1 393 0 0.5 p2 12712 10
201 977277 m1 89966 0 0.5 p2 13036 10
166 1012280 m1 72436 0 0.5 p2 13289 10
57 1031723 m1 39557 0 0.5 p2 13431 10
124 1041566 m6 53155 0.00999999978 0.5 p2 13502 10
1 1051051 m1 177 0 0.5 p2 13571 10
190 1054444 m8 86666 0 0.5 p2 13596 10
95 1058277 m6 50530 0.00999999978 0.5 p2 13624 10
25 1102120 m2 15782 0 0.5 p2 13942 10
101 1110734 m6 51225 0.00999999978 0.5 p2 14006 10
153 1131024 m1 66118 0 0.5 p2 14154 10
45 1138456 m1 32757 0 0.5 p2 14208 10
216 1161269 m1 98846 0 0.5 p2 14374 10
46 1173137 m1 32819 0 0.5 p2 14460 10
111 1178778 m2 51721 0 0.5 p2 14502 10
48 1207717 m1 33394 0 0.5 p2 14713 10
85 1217105 m6 49755 0.00999999978 0.5 p2 14781 10
148 1233111 m1 62347 0 0.5 p2 14897 10
121 1235800 m6 53039 0.00999999978 0.5 p2 14917 10
19 1237561 m1 12791 0 0.5 p2 14930 10
174 1253304 m2 75671 0 0.5 p2 15025 10
219 1256856 m1 99913 0 0.5 p2 15039 10
180 1295372 m1 80421 0 0.5 p2 15196 10
168 1295848 m7 72895 0 0.5 p2 15198 10
91 1332006 m2 50236 0 0.5 p2 15346 10
78 1361598 m6 49266 0.00999999978 0.5 p2 15467 10
65 1379852 m1 44165 0 0.5 p2 15539 10
205 1382406 m1 91842 0 0.5 p2 15549 10
120 1390255 m6 53014 0.00999999978 0.5 p2 15580 10
187 1393227 m8 85078 0 0.5 p2 15592 10
67 1410624 m1 44943 0 0.5 p2 15660 10
89 1457485 m6 50091 0.00999999978 0.5 p2 15843 10
56 1466615 m1 38915 0 0.5 p2 15878 10
167 1470932 m7 72830 0 0.5 p2 15895 10
77 1507580 m1 48767 0 0.5 p2 16036 10
79 1512571 m6 49277 0.00999999978 0.5 p2 16055 10
112 1520430 m6 51978 0.00999999978 0.5 p2 16085 10
193 1534575 m1 87590 0 0.5 p2 16139 10
69 1564704 m1 47454 0 0.5 p2 16257 10
110 1586997 m6 51707 0.00999999978 0.5 p2 16342 10
43 1588998 m1 28467 0 0.5 p2 16350 10
218 1611268 m1 99432 0 0.5 p2 16435 10
61 1616247 m1 41433 0 0.5 p2 16454 10
5 1649900 m1 2287 0 0.5 p2 16582 10
98 1667493 m6 50822 0.00999999978 0.5 p2 16650 10
139 1667759 m1 57819 0 0.5 p2 16651 10
165 1673656 m1 71771 0 0.5 p2 16673 10
199 1681144 m1 89477 0 0.5 p2 16702 10
42 1732330 m1 28130 0 0.5 p2 16899 10
84 1739405 m6 49640 0.00999999978 0.5 p2 16926 10
11 1755711 m1 6138 0 0.5 p2 16989 10
141 1861734 m1 58400 0 0.5 p2 17398 10
151 1879060 m1 63489 0 0.5 p2 17465 10
119 1887370 m6 52646 0.00999999978 0.5 p2 17497 10
177 1899063 m7 77029 0 0.5 p2 17542 10
202 1921739 m1 90407 0 0.5 p2 17629 10
102 1951902 m6 51279 0.00999999978 0.5 p2 17745 10
49 1977246 m1 33424 0 0.5 p2 17843 10
145 1979061 m1 60539 0 0.5 p2 17850 10
13 2029285 m3 9628 0.00999999978 0.5 p2 18043 10
115 2034982 m6 52187 0.00999999978 0.5 p2 18065 10
185 2038284 m1 83835 0 0.5 p2 18078 10
31 2039617 m1 20754 0 0.5 p2 18083 10
213 2044043 m1 97727 0 0.5 p2 18100 10
36 2057060 m1 23658 0 0.5 p2 18150 10
195 2061915 m1 88111 0 0.5 p2 18169 10
38 2069472 m1 24970 0 0.5 p2 18198 10
10 2075515 m1 5242 0 0.5 p2 18221 10
194 2077633 m1 87751 0 0.5 p2 18229 10
106 2084968 m6 51531 0.00999999978 0.5 p2 18257 10
150 2088296 m1 63441 0 0.5 p2 18270 10
92 2162259 m6 50237 0.00999999978 0.5 p2 18555 10
191 2177892 m2 86677 0 0.5 p2 18615 10
35 2213637 m1 21565 0 0.5 p2 18753 10
62 2245764 m1 43195 0 0.5 p2 18877 10
131 2263729 m1 53961 0 0.5 p2 18946 10
128 2298226 m6 53355 0.00999999978 0.5 p2 19078 10
37 2359958 m1 24123 0 0.5 p2 19316 10
103 2390904 m6 51374 0.00999999978 0.5 p2 19435 10
172 2409418 m7 74642 0 0.5 p2 19506 10
157 2418215 m1 67071 0 0.5 p2 19540 10
217 2545376 m1 98862 0 0.5 p2 20016 10
163 2595686 m1 70134 0 0.5 p2 20127 10
94 2631587 m6 50476 0.00999999978 0.5 p2 20206 10
214 2701161 m1 97770 0 0.5 p2 20359 10
192 2702033 m2 87050 0 0.5 p2 20361 10
32 2721162 m1 20802 0 0.5 p2 20403 10
6 2756591 m1 2403 0 0.5 p2 20481 10
44 2780568 m1 31577 0 0.5 p2 20533 10
181 2867787 m1 80433 0 0.5 p2 20725 10
104 2996870 m6 51467 0.00999999978 0.5 p2 21008 10
215 3046416 m1 97978 0 0.5 p2 21117 10
21 3056030 m1 13497 0 0.5 p2 21138 10
200 3095493 m1 89813 0 0.5 p2 21224 10
134 3127146 m1 55790 0 0.5 p2 21294 10
118 3137105 m6 52496 0.00999999978 0.5 p2 21316 10
197 3208172 m1 88368 0 0.5 p2 21472 10
164 3231552 m1 70415 0 0.5 p2 21523 10
7 3246493 m1 2522 0 0.5 p2 21556 10
86 3336489 m6 49825 0.00999999978 0.5 p2 21753 10
58 3343428 m1 39889 0 0.5 p2 21768 6
34 3352781 m1 20965 0 0.5 p2 21788 10
55 3357779 m2 36009 0 0.5 p2 21799 10
132 3412860 m1 54953 0 0.5 p2 21920 10
87 3594860 m6 49988 0.00999999978 0.5 p2 22320 10
125 3613754 m6 53165 0.00999999978 0.5 p2 22361 10
237 3643305 m2 73686 0 0.5 p2 22426 3
146 3684450 m1 60821 0 0.5 p2 22516 9
17 3749082 m1 11969 0 0.5 p2 22657 6
243 3797525 m1 97866 0 0.5 p2 22763 3
238 3800711 m2 73996 0 0.5 p2 22770 3
33 3800712 m1 20937 0 0.5 p2 22770 6
147 3877974 m1 60941 0 0.5 p2 22939 9
242 3880280 m1 89637 0 0.5 p2 22944 3
230 3902639 m1 41319 0 0.5 p2 22993 4
222 3934898 m2 9132 0 0.5 p2 23063 4
143 3946363 m1 58945 0 0.5 p2 23088 9
236 3956458 m7 73685 0 0.5 p2 23110 3
228 3971027 m1 39744 0 0.5 p2 23142 4
158 3971028 m1 67172 0 0.5 p2 23142 7
22 3978256 m1 13940 0 0.5 p2 23158 6
75 3994249 m1 48619 0 0.5 p2 23193 6
188 4000803 m8 85862 0 0.5 p2 23207 7
149 4052882 m1 63099 0 0.5 p2 23322 9
15 4055991 m1 11683 0 0.5 p2 23329 6
235 4084651 m2 73532 0 0.5 p2 23392 3
116 4123165 m6 52238 0.00999999978 0.5 p2 23476 9
198 4140922 m1 88832 0 0.5 p2 23515 7
226 4166593 m1 29359 0 0.5 p2 23571 2
4 4179374 m1 1296 0 0.5 p2 23599 6
81 4235946 m6 49367 0.00999999978 0.5 p2 23723 6
227 4271772 m1 38077 0 0.5 p2 23802 2
240 4285429 m1 83861 0 0.5 p2 23832 3
135 4336603 m1 55968 0 0.5 p2 23944 7
247 4396690 m2 9856 0 0.5 p2 24076 2
251 4398569 m6 50946 0.00999999978 0.5 p2 24080 2
249 4408594 m1 41909 0 0.5 p2 24102 2
220 4421897 m1 1460 0 0.5 p2 24131 2
241 4428458 m8 86632 0 0.5 p2 24145 3
239 4476457 m7 74870 0 0.5 p2 24251 2
224 4504813 m1 23899 0 0.5 p2 24313 2
248 4506189 m1 21990 0 0.5 p2 24316 2
263 4513417 m8 85605 0 0.5 p2 24332 1
155 4534946 m1 66536 0 0.5 p2 24380 7
259 4536755 m1 4205 0 0.5 p2 24384 1
245 4549810 m1 2812 0 0.5 p2 24413 2
223 4550233 m1 12420 0 0.5 p2 24414 2
260 4557032 m1 41688 0 0.5 p2 24429 1
209 4569669 m1 94991 0 0.5 p2 24457 5
231 4580984 m6 50293 0.00999999978 0.5 p2 24482 2
253 4591108 m7 76108 0 0.5 p2 24504 2
244 4591539 m1 1065 0 0.5 p2 24505 2
234 4613816 m1 69014 0 0.5 p2 24554 2
60 4614759 m1 40430 0 0.5 p2 24556 5
221 4616075 m1 2704 0 0.5 p2 24559 2
233 4667801 m1 64542 0 0.5 p2 24672 2
23 4673628 m1 14241 0 0.5 p2 24685 5
225 4674067 m1 24434 0 0.5 p2 24686 2
262 4675416 m2 84318 0 0.5 p2 24689 1
229 4697846 m1 39986 0 0.5 p2 24738 2
232 4703385 m6 51266 0.00999999978 0.5 p2 24750 2
250 4705716 m1 46728 0 0.5 p2 24755 1
59 4731046 m1 39916 0 0.5 p2 24811 5
254 4740610 m1 23528 0 0.5 p2 24833 1
212 4751441 m1 97411 0 0.5 p2 24858 4
252 4778114 m7 75025 0 0.5 p2 24919 1
170 4780711 m7 74586 0 0.5 p2 24925 4
256 4781989 m1 63565 0 0.5 p2 24928 1
257 4792296 m1 40642 0 0.5 p2 24952 1
265 4794984 m1 94805 0 0.5 p2 24958 1
258 4797142 m1 71020 0 0.5 p2 24963 1
246 4799270 m1 3083 0 0.5 p2 24968 1
264 4800620 m1 1737 0 0.5 p2 24971 1
261 4805462 m1 60011 0 0.5 p2 24982 1
255 4808947 m1 38763 0 0.5 p2 24990 1
Genomes:
p2:0 A 0 1 2 3 4 5 6 7 8 9 10 11 12 13 14 15 16 17 18 19 20 21 22 23 24 25 26 27 28 29 30 31 32 33 34 35 36 37 38 39 40 41 42 43 44 45 46 47 48 49 50 51 52 53 54 55 56 57 58 59 60 61 62 63 64 65 66 67 68 69 70 71 72 73 74 75 76 77 78 79 80 81 82 83 84 85 86 87 88 89 90 91 92 93 94 95 96 97 98 99 100 101 102 103 104 105 106 107 108 109 110 111 112 113 114 115 116 117 118 119 120 121 122 123 124 125 126 127 128 129 130 131 132 133 134 135 136 137 138 139 140 141 142 143 144 145 146 147 148 149 150 151 152 153 154 155 156 157 158 159 160 161 162 163 164 165 166 167 168 169 170 171 172 173 174 175 176 177 178 179 180 181 182 183 184 185 186 187 188 189 190 191 192 193 194 195 196 197 198 199 200 201 202 203 204 205 206 207 208 209 210 211 212 213 214 215 216 217 218 219
p2:1 A 0 1 2 3 220 5 6 7 221 8 9 10 11 12 222 13 14 16 223 18 19 20 21 24 25 26 27 28 29 30 31 32 34 35 36 224 37 225 38 39 40 41 42 43 226 44 45 46 47 48 49 50 51 52 53 54 55 227 56 57 228 229 230 61 62 63 64 65 66 67 68 69 70 71 72 73 74 76 77 78 79 80 82 83 84 85 86 87 88 89 90 91 92 231 93 94 95 96 97 98 99 100 101 232 102 103 104 105 106 107 108 109 110 111 112 113 114 115 116 117 118 119 120 121 122 123 124 125 126 127 128 129 130 131 132 133 134 136 137 138 139 140 141 142 143 144 145 146 147 148 149 150 151 233 152 153 154 156 157 159 234 160 161 162 163 164 165 166 167 168 235 236 237 238 169 171 172 239 173 174 175 176 177 178 179 180 181 182 183 184 185 240 186 187 189 241 190 191 192 193 194 195 196 197 199 242 200 201 202 203 204 205 206 207 208 210 211 213 214 243 215 216 217 218 219
p2:2 A 0 1 2 3 4 5 6 7 8 9 10 11 12 13 14 15 16 17 18 19 20 21 22 23 24 25 26 27 28 29 30 31 32 33 34 35 36 37 38 39 40 41 42 43 44 45 46 47 48 49 50 51 52 53 54 55 56 57 58 59 60 61 62 63 64 65 66 67 68 69 70 71 72 73 74 75 76 77 78 79 80 81 82 83 84 85 86 87 88 89 90 91 92 93 94 95 96 97 98 99 100 101 102 103 104 105 106 107 108 109 110 111 112 113 114 115 116 117 118 119 120 121 122 123 124 125 126 127 128 129 130 131 132 133 134 135 136 137 138 139 140 141 142 143 144 145 146 147 148 149 150 151 152 153 154 155 156 157 158 159 160 161 162 163 164 165 166 167 168 169 170 171 172 173 174 175 176 177 178 179 180 181 182 183 184 185 186 187 188 189 190 191 192 193 194 195 196 197 198 199 200 201 202 203 204 205 206 207 208 209 210 211 212 213 214 215 216 217 218 219
p2:3 A 0 1 2 3 4 5 6 7 8 9 10 11 12 13 14 15 16 17 18 19 20 21 22 23 24 25 26 27 28 29 30 31 32 33 34 35 36 37 38 39 40 41 42 43 44 45 46 47 48 49 50 51 52 53 54 55 56 57 58 59 60 61 62 63 64 65 66 67 68 69 70 71 72 73 74 75 76 77 78 79 80 81 82 83 84 85 86 87 88 89 90 91 92 93 94 95 96 97 98 99 100 101 102 103 104 105 106 107 108 109 110 111 112 113 114 115 116 117 118 119 120 121 122 123 124 125 126 127 128 129 130 131 132 133 134 135 136 137 138 139 140 141 142 143 144 145 146 147 148 149 150 151 152 153 154 155 156 157 158 159 160 161 162 163 164 165 166 167 168 169 171 172 173 174 175 176 177 178 179 180 181 182 183 184 185 186 187 188 189 190 191 192 193 194 195 196 197 198 199 200 201 202 203 204 205 206 207 208 209 210 211 213 214 215 216 217 218 219
p2:4 A 0 1 2 3 244 5 6 7 245 246 8 9 10 11 12 222 13 247 14 16 18 19 20 21 24 25 26 27 28 29 30 31 32 34 35 248 36 37 38 39 40 41 42 43 44 45 46 47 48 49 50 51 52 53 54 55 56 57 228 230 61 249 62 63 64 65 66 67 68 250 69 70 71 72 73 74 76 77 78 79 80 82 83 84 85 86 87 88 89 90 91 92 93 94 95 96 97 98 99 251 100 101 102 103 104 105 106 107 108 109 110 111 112 113 114 115 116 117 118 119 120 121 122 123 124 125 126 127 128 129 130 131 132 133 134 135 136 137 138 139 140 141 142 143 144 145 146 147 148 149 150 151 152 153 154 155 156 157 158 159 160 161 162 163 164 165 166 167 168 169 171 172 173 252 174 253 175 176 177 178 179 180 181 182 183 184 185 186 187 188 189 190 191 192 193 194 195 196 197 198 199 200 201 202 203 204 205 206 207 208 210 211 213 214 215 216 217 218 219
p2:5 A 0 1 2 3 244 5 6 7 245 8 9 10 11 12 222 13 247 14 16 18 19 20 21 24 25 26 27 28 29 30 31 32 34 35 248 254 36 37 38 39 40 41 42 43 44 45 46 47 48 49 50 51 52 53 54 55 255 56 57 228 230 61 249 62 63 64 65 66 67 68 69 70 71 72 73 74 76 77 78 79 80 82 83 84 85 86 87 88 89 90 91 92 93 94 95 96 97 98 99 251 100 101 102 103 104 105 106 107 108 109 110 111 112 113 114 115 116 117 118 119 120 121 122 123 124 125 126 127 128 129 130 131 132 133 134 135 136 137 138 139 140 141 142 143 144 145 146 147 148 149 150 151 256 152 153 154 155 156 157 158 159 160 161 162 163 164 165 166 167 168 169 171 172 173 174 253 175 176 177 178 179 180 181 182 183 184 185 186 187 188 189 190 191 192 193 194 195 196 197 198 199 200 201 202 203 204 205 206 207 208 210 211 213 214 215 216 217 218 219
p2:6 A 0 1 2 3 4 5 6 7 8 9 10 11 12 13 14 15 16 17 18 19 20 21 22 23 24 25 26 27 28 29 30 31 32 33 34 35 36 37 38 39 40 41 42 43 44 45 46 47 48 49 50 51 52 53 54 55 56 57 58 59 60 257 61 62 63 64 65 66 67 68 69 70 71 72 73 74 75 76 77 78 79 80 81 82 83 84 85 86 87 88 89 90 91 92 93 94 95 96 97 98 99 100 101 102 103 104 105 106 107 108 109 110 111 112 113 114 115 116 117 118 119 120 121 122 123 124 125 126 127 128 129 130 131 132 133 134 135 136 137 138 139 140 141 142 143 144 145 146 147 148 149 150 151 152 153 154 155 156 157 158 159 160 161 162 163 164 258 165 166 167 168 169 170 171 172 173 174 175 176 177 178 179 180 181 182 183 184 185 186 187 188 189 190 191 192 193 194 195 196 197 198 199 200 201 202 203 204 205 206 207 208 209 210 211 212 213 214 215 216 217 218 219
p2:7 A 0 1 2 3 4 5 6 7 8 9 259 10 11 12 13 14 15 16 17 18 19 20 21 22 24 25 26 27 28 29 30 31 32 33 34 35 36 37 38 39 40 41 42 43 44 45 46 47 48 49 50 51 52 53 54 55 56 57 58 61 260 62 63 64 65 66 67 68 69 70 71 72 73 74 75 76 77 78 79 80 81 82 83 84 85 86 87 88 89 90 91 92 93 94 95 96 97 98 99 100 101 102 103 104 105 106 107 108 109 110 111 112 113 114 115 117 118 119 120 121 122 123 124 125 126 127 128 129 130 131 132 133 134 136 137 138 139 140 141 142 261 144 145 148 150 151 152 153 154 156 157 159 160 161 162 163 164 165 166 167 168 235 236 237 238 169 171 172 173 174 175 176 177 178 179 180 181 182 183 184 185 240 262 186 187 263 189 241 190 191 192 193 194 195 196 197 199 242 200 201 202 203 204 205 206 207 208 210 211 213 214 243 215 216 217 218 219
p2:8 A 0 1 2 3 4 5 6 7 8 9 10 11 12 13 14 15 16 17 18 19 20 21 22 23 24 25 26 27 28 29 30 31 32 33 34 35 36 37 38 39 40 41 42 43 44 45 46 47 48 49 50 51 52 53 54 55 56 57 58 59 60 61 62 63 64 65 66 67 68 69 70 71 72 73 74 75 76 77 78 79 80 81 82 83 84 85 86 87 88 89 90 91 92 93 94 95 96 97 98 99 100 101 102 103 104 105 106 107 108 109 110 111 112 113 114 115 116 117 118 119 120 121 122 123 124 125 126 127 128 129 130 131 132 133 134 135 136 137 138 139 140 141 142 143 144 145 146 147 148 149 150 151 152 153 154 155 156 157 158 159 160 161 162 163 164 165 166 167 168 169 170 171 172 173 174 175 176 177 178 179 180 181 182 183 184 185 186 187 188 189 190 191 192 193 194 195 196 197 198 199 200 201 202 203 204 205 206 207 208 209 210 211 212 213 214 215 216 217 218 219
p2:9 A 0 1 2 3 220 264 5 6 7 221 8 9 10 11 12 222 13 14 16 223 18 19 20 21 24 25 26 27 28 29 30 31 32 34 35 36 224 37 225 38 39 40 41 42 43 226 44 45 46 47 48 49 50 51 52 53 54 55 227 56 57 228 229 230 61 62 63 64 65 66 67 68 69 70 71 72 73 74 76 77 78 79 80 82 83 84 85 86 87 88 89 90 91 92 231 93 94 95 96 97 98 99 100 101 232 102 103 104 105 106 107 108 109 110 111 112 113 114 115 116 117 118 119 120 121 122 123 124 125 126 127 128 129 130 131 132 133 134 136 137 138 139 140 141 142 143 144 145 146 147 148 149 150 151 233 152 153 154 156 157 159 234 160 161 162 163 164 165 166 167 168 235 236 237 238 169 171 172 239 173 174 175 176 177 178 179 180 181 182 183 184 185 240 186 187 189 241 190 191 192 193 194 195 196 197 199 242 200 201 202 203 204 205 206 207 208 265 210 211 213 214 243 215 216 217 218 219
