#OUT: 25000 SS p7 10 /Users/josephzou/Desktop/Sample_data/Ewok-p7-Sample.txt
Mutations:
108 61219 m1 24399 0 0.5 p1 3057 10
209 63480 m1 61025 0 0.5 p1 3173 10
294 65640 m1 96105 0 0.5 p1 3280 10
252 66645 m1 78780 0 0.5 p1 3316 10
189 68177 m6 53396 0.00999999978 0.5 p1 3359 10
237 69609 m7 72903 0 0.5 p1 3399 10
17 69859 m3 7516 0.00999999978 0.5 p1 3406 10
239 71055 m7 73474 0 0.5 p1 3438 10
68 75571 m1 12496 0 0.5 p1 3561 10
168 78139 m6 50962 0.00999999978 0.5 p1 3630 10
214 78780 m1 62692 0 0.5 p1 3647 10
61 80220 m3 10813 0.00999999978 0.5 p1 3688 10
9 84336 m1 5209 0 0.5 p1 3799 10
109 86988 m1 25398 0 0.5 p1 3873 10
202 87612 m1 59159 0 0.5 p1 3890 10
141 92452 m1 42830 0 0.5 p1 4023 10
48 97292 m3 9882 0.00999999978 0.5 p1 4157 10
49 100651 m3 10014 0.00999999978 0.5 p1 4250 10
118 101041 m1 28798 0 0.5 p1 4261 10
150 105467 m6 49215 0.00999999978 0.5 p1 4383 10
208 105468 m1 60998 0 0.5 p1 4383 10
253 112189 m1 78936 0 0.5 p1 4566 10
57 113368 m3 10490 0.00999999978 0.5 p1 4598 10
16 113494 m3 7447 0.00999999978 0.5 p1 4601 10
284 114345 m1 90774 0 0.5 p1 4625 10
112 125780 m1 26043 0 0.5 p1 4935 10
300 129316 m1 98077 0 0.5 p5 5017 10
160 132436 m6 49894 0.00999999978 0.5 p5 5068 10
204 135106 m1 59538 0 0.5 p5 5111 10
45 140114 m3 9620 0.00999999978 0.5 p5 5193 10
242 140668 m7 75123 0 0.5 p5 5202 10
241 144747 m2 74464 0 0.5 p5 5267 10
175 145678 m6 51904 0.00999999978 0.5 p5 5282 10
113 160738 m1 26232 0 0.5 p5 5523 10
232 162348 m1 69707 0 0.5 p5 5549 10
188 162915 m6 53341 0.00999999978 0.5 p5 5559 10
105 172667 m1 23572 0 0.5 p5 5715 10
8 173732 m1 4780 0 0.5 p5 5732 10
280 183785 m1 88781 0 0.5 p5 5894 10
122 184271 m1 30602 0 0.5 p5 5902 10
223 191462 m1 67022 0 0.5 p5 6019 10
147 197327 m1 46308 0 0.5 p5 6114 10
28 199335 m3 8001 0.00999999978 0.5 p5 6147 10
97 201464 m1 20223 0 0.5 p5 6182 10
268 204232 m1 83418 0 0.5 p5 6226 10
270 224239 m2 84547 0 0.5 p5 6549 10
104 224393 m1 22120 0 0.5 p5 6552 10
229 229372 m1 68947 0 0.5 p5 6626 10
172 231785 m6 51561 0.00999999978 0.5 p5 6656 10
107 234374 m1 24267 0 0.5 p5 6690 10
290 234523 m1 94078 0 0.5 p5 6692 10
299 238097 m1 97896 0 0.5 p5 6737 10
164 241921 m6 50576 0.00999999978 0.5 p5 6785 10
234 252000 m1 70710 0 0.5 p5 6914 10
40 256338 m3 9279 0.00999999978 0.5 p5 6970 10
220 258473 m1 66094 0 0.5 p5 6997 10
182 264736 m6 52887 0.00999999978 0.5 p5 7076 10
20 268912 m3 7606 0.00999999978 0.5 p5 7129 10
71 273017 m1 14103 0 0.5 p5 7182 10
207 279405 m1 60207 0 0.5 p5 7264 10
117 282450 m1 28689 0 0.5 p5 7303 10
19 289846 m3 7558 0.00999999978 0.5 p5 7399 10
39 307547 m3 9182 0.00999999978 0.5 p5 7624 10
138 317209 m1 41128 0 0.5 p5 7747 10
302 320830 m1 98354 0 0.5 p5 7792 10
293 332484 m1 95873 0 0.5 p5 7940 10
26 338476 m3 7955 0.00999999978 0.5 p5 8018 10
193 342781 m1 55060 0 0.5 p5 8075 10
297 344576 m1 97005 0 0.5 p5 8098 10
13 349320 m1 6765 0 0.5 p5 8157 10
37 349415 m3 8815 0.00999999978 0.5 p5 8158 10
134 354159 m1 38544 0 0.5 p5 8219 10
76 354326 m4 15117 -0.00999999978 0.5 p5 8221 10
184 373320 m6 53023 0.00999999978 0.5 p9 8411 10
201 394904 m1 58187 0 0.5 p9 8592 10
161 396480 m2 49979 0 0.5 p9 8606 10
206 397301 m1 59994 0 0.5 p9 8613 10
34 409116 m3 8523 0.00999999978 0.5 p9 8715 10
139 416278 m1 41814 0 0.5 p9 8776 10
114 416643 m1 26815 0 0.5 p9 8779 10
178 418501 m6 52647 0.00999999978 0.5 p9 8795 10
276 424097 m8 86045 0 0.5 p9 8843 10
240 428154 m7 73514 0 0.5 p9 8877 10
191 428377 m1 54059 0 0.5 p9 8879 10
131 429950 m1 37556 0 0.5 p9 8892 10
96 439099 m1 19944 0 0.5 p9 8970 10
282 452091 m1 90390 0 0.5 p9 9081 10
166 459949 m6 50688 0.00999999978 0.5 p9 9147 10
258 466141 m1 81090 0 0.5 p9 9200 10
32 475467 m3 8216 0.00999999978 0.5 p9 9276 10
7 476247 m1 2028 0 0.5 p9 9283 10
238 497778 m2 73464 0 0.5 p9 9465 10
292 505647 m1 94937 0 0.5 p9 9533 10
170 514629 m6 51183 0.00999999978 0.5 p9 9608 10
129 523624 m1 34463 0 0.5 p9 9684 10
144 550345 m1 43688 0 0.5 p9 9910 10
291 561574 m1 94108 0 0.5 p9 10004 10
51 565738 m3 10146 0.00999999978 0.5 p9 10034 10
89 571977 m1 18156 0 0.5 p9 10079 10
277 575556 m8 86154 0 0.5 p9 10105 10
73 589924 m4 14672 -0.00999999978 0.5 p9 10209 10
124 599097 m1 31466 0 0.5 p9 10277 10
274 630267 m8 85569 0 0.5 p9 10501 10
301 631112 m1 98220 0 0.5 p9 10507 10
219 631813 m1 65870 0 0.5 p9 10512 10
10 638947 m1 5220 0 0.5 p9 10564 10
30 644858 m3 8148 0.00999999978 0.5 p9 10606 10
283 686105 m1 90411 0 0.5 p9 10905 10
121 697655 m1 29372 0 0.5 p9 10990 10
98 700771 m1 20324 0 0.5 p9 11012 10
11 721782 m1 6305 0 0.5 p9 11164 10
151 722202 m6 49305 0.00999999978 0.5 p9 11167 10
185 759561 m6 53234 0.00999999978 0.5 p9 11437 10
218 772823 m1 64300 0 0.5 p9 11533 10
70 775066 m1 13759 0 0.5 p9 11550 10
190 782206 m1 53808 0 0.5 p9 11603 10
176 787542 m6 52089 0.00999999978 0.5 p9 11641 10
245 809351 m7 76327 0 0.5 p9 11801 10
87 825970 m2 16796 0 0.5 p9 11923 10
4 834865 m1 1534 0 0.5 p9 11987 10
82 840454 m4 15560 -0.00999999978 0.5 p9 12027 10
228 861466 m1 68623 0 0.5 p9 12179 10
46 873023 m3 9692 0.00999999978 0.5 p9 12264 10
200 881305 m1 58145 0 0.5 p9 12324 10
44 885012 m3 9562 0.00999999978 0.5 p9 12351 10
72 887773 m1 14390 0 0.5 p9 12371 10
116 904361 m1 28662 0 0.5 p9 12490 10
267 906145 m1 83266 0 0.5 p9 12503 10
29 913447 m3 8085 0.00999999978 0.5 p9 12555 10
38 919295 m2 9154 0 0.5 p9 12597 10
210 924595 m1 61828 0 0.5 p9 12636 10
55 941703 m3 10432 0.00999999978 0.5 p9 12759 10
93 944703 m1 18742 0 0.5 p9 12781 10
257 953084 m1 81069 0 0.5 p9 12841 10
213 961162 m1 62634 0 0.5 p9 12899 10
86 966888 m4 16639 -0.00999999978 0.5 p9 12940 10
227 968887 m1 68451 0 0.5 p9 12954 10
120 977768 m1 29172 0 0.5 p9 13019 10
247 990427 m7 77017 0 0.5 p9 13112 10
53 997613 m3 10254 0.00999999978 0.5 p9 13164 10
296 1008159 m1 97002 0 0.5 p9 13239 10
63 1019108 m3 11032 0.00999999978 0.5 p9 13318 10
2 1020778 m1 1198 0 0.5 p9 13330 10
6 1036583 m1 1818 0 0.5 p9 13445 10
22 1041114 m3 7680 0.00999999978 0.5 p9 13478 10
80 1053921 m4 15247 -0.00999999978 0.5 p9 13571 10
246 1082774 m7 76721 0 0.5 p9 13781 10
0 1103475 m1 82 0 0.5 p9 13933 10
174 1117658 m6 51834 0.00999999978 0.5 p9 14037 10
21 1124239 m3 7647 0.00999999978 0.5 p9 14084 10
137 1127043 m1 40219 0 0.5 p9 14104 10
303 1143573 m1 99282 0 0.5 p9 14223 10
81 1153720 m4 15325 -0.00999999978 0.5 p9 14296 10
225 1167811 m1 67650 0 0.5 p9 14397 10
133 1169028 m1 38424 0 0.5 p9 14406 10
79 1170664 m4 15214 -0.00999999978 0.5 p9 14418 10
155 1203193 m6 49506 0.00999999978 0.5 p9 14656 10
136 1222738 m1 39066 0 0.5 p9 14799 10
95 1237686 m1 19803 0 0.5 p9 14907 10
199 1245693 m1 57404 0 0.5 p9 14964 10
115 1249824 m1 27128 0 0.5 p9 14994 10
5 1257415 m1 1578 0 0.5 p7 15028 10
59 1282776 m3 10591 0.00999999978 0.5 p7 15130 10
243 1285244 m7 75493 0 0.5 p7 15140 10
179 1291942 m6 52688 0.00999999978 0.5 p7 15167 10
255 1344004 m1 79798 0 0.5 p7 15378 10
250 1351560 m1 78436 0 0.5 p7 15409 10
183 1373188 m6 52925 0.00999999978 0.5 p7 15497 10
167 1374447 m6 50866 0.00999999978 0.5 p7 15502 10
132 1384201 m1 38378 0 0.5 p7 15541 10
119 1400856 m1 28953 0 0.5 p7 15606 10
64 1408609 m3 11383 0.00999999978 0.5 p7 15636 10
265 1409588 m1 82672 0 0.5 p7 15640 10
233 1411881 m1 69732 0 0.5 p7 15649 10
249 1436954 m7 77271 0 0.5 p7 15747 10
235 1486102 m1 72432 0 0.5 p7 15939 10
286 1508014 m1 92368 0 0.5 p7 16023 10
264 1538155 m1 82093 0 0.5 p7 16139 10
75 1538410 m2 15111 0 0.5 p7 16140 10
25 1557325 m2 7911 0 0.5 p7 16213 10
54 1558940 m3 10293 0.00999999978 0.5 p7 16219 10
27 1562871 m3 7997 0.00999999978 0.5 p7 16234 10
91 1569337 m1 18618 0 0.5 p7 16259 10
1 1578297 m1 131 0 0.5 p7 16294 10
169 1596238 m6 51145 0.00999999978 0.5 p7 16363 10
289 1610920 m1 94037 0 0.5 p7 16419 10
273 1683120 m2 85280 0 0.5 p7 16698 10
52 1685796 m3 10148 0.00999999978 0.5 p7 16708 10
60 1694829 m3 10725 0.00999999978 0.5 p7 16743 10
102 1730938 m1 20985 0 0.5 p7 16882 10
42 1738476 m3 9400 0.00999999978 0.5 p7 16911 10
99 1746510 m1 20872 0 0.5 p7 16942 10
110 1766869 m1 25441 0 0.5 p7 17020 10
259 1772039 m1 81332 0 0.5 p7 17040 10
35 1853979 m3 8600 0.00999999978 0.5 p7 17354 10
157 1871672 m6 49680 0.00999999978 0.5 p7 17422 10
285 1876583 m1 91609 0 0.5 p7 17441 10
215 1879484 m1 63280 0 0.5 p7 17452 10
287 1897872 m1 92887 0 0.5 p7 17523 10
271 1917474 m8 84717 0 0.5 p7 17598 10
288 1974760 m1 93865 0 0.5 p7 17819 10
43 1979298 m3 9401 0.00999999978 0.5 p7 17837 10
128 2001064 m1 33522 0 0.5 p7 17921 10
272 2021340 m8 85204 0 0.5 p7 17999 10
298 2034066 m1 97718 0 0.5 p7 18048 10
85 2036431 m4 15867 -0.00999999978 0.5 p7 18057 10
149 2054802 m1 47910 0 0.5 p7 18127 10
103 2059302 m1 21038 0 0.5 p7 18144 10
41 2062986 m3 9374 0.00999999978 0.5 p7 18158 10
165 2072817 m6 50685 0.00999999978 0.5 p7 18195 10
236 2108483 m1 72496 0 0.5 p7 18333 10
47 2118623 m3 9770 0.00999999978 0.5 p7 18372 10
222 2120187 m1 66447 0 0.5 p7 18378 10
77 2156562 m4 15143 -0.00999999978 0.5 p7 18517 10
295 2158088 m1 96648 0 0.5 p7 18523 10
173 2170787 m6 51808 0.00999999978 0.5 p7 18572 10
163 2181067 m6 50422 0.00999999978 0.5 p7 18612 10
158 2200171 m6 49833 0.00999999978 0.5 p7 18686 10
251 2211470 m1 78584 0 0.5 p7 18729 10
130 2234118 m1 35314 0 0.5 p7 18817 10
171 2251295 m6 51286 0.00999999978 0.5 p7 18882 10
187 2296968 m6 53302 0.00999999978 0.5 p7 19057 10
127 2331459 m1 33485 0 0.5 p7 19189 10
56 2341541 m3 10432 0.00999999978 0.5 p7 19228 10
269 2353330 m1 84167 0 0.5 p7 19273 10
145 2396316 m1 44312 0 0.5 p7 19438 10
230 2403396 m1 69201 0 0.5 p7 19465 10
69 2403667 m1 13162 0 0.5 p7 19466 10
14 2403944 m3 7102 0.00999999978 0.5 p7 19467 10
90 2439520 m1 18436 0 0.5 p7 19604 10
279 2446741 m8 86243 0 0.5 p7 19632 10
217 2456513 m1 63503 0 0.5 p7 19669 10
194 2464092 m1 55215 0 0.5 p7 19698 10
262 2467190 m1 81395 0 0.5 p7 19710 10
15 2474993 m3 7300 0.00999999978 0.5 p7 19740 10
154 2509259 m6 49404 0.00999999978 0.5 p7 19871 10
66 2510462 m1 11927 0 0.5 p7 19876 10
142 2537773 m1 42847 0 0.5 p7 19981 10
106 2552935 m1 24228 0 0.5 p7 20022 10
83 2649973 m2 15644 0 0.5 p7 20235 10
156 2655098 m6 49593 0.00999999978 0.5 p7 20246 10
111 2704568 m1 26016 0 0.5 p7 20355 10
198 2741268 m1 57282 0 0.5 p7 20435 10
275 2783601 m8 85742 0 0.5 p7 20528 10
23 2843460 m3 7841 0.00999999978 0.5 p7 20659 10
159 2844365 m6 49878 0.00999999978 0.5 p7 20661 10
67 2869540 m1 12075 0 0.5 p7 20716 10
192 2875378 m1 54862 0 0.5 p7 20729 10
123 2891491 m1 31055 0 0.5 p7 20764 10
12 2891962 m1 6660 0 0.5 p7 20765 10
125 3005656 m1 31722 0 0.5 p7 21014 10
177 3051590 m6 52301 0.00999999978 0.5 p7 21115 10
36 3093210 m3 8693 0.00999999978 0.5 p7 21206 10
65 3145273 m1 11926 0 0.5 p7 21320 10
261 3148914 m1 81371 0 0.5 p7 21328 10
195 3152028 m1 56048 0 0.5 p7 21335 10
50 3152504 m3 10063 0.00999999978 0.5 p7 21336 10
148 3159344 m1 47857 0 0.5 p7 21351 10
143 3183311 m1 43270 0 0.5 p7 21404 8
266 3193814 m1 83157 0 0.5 p7 21427 10
94 3221615 m1 18758 0 0.5 p7 21488 10
3 3224761 m1 1357 0 0.5 p7 21495 8
31 3237582 m3 8209 0.00999999978 0.5 p7 21523 8
308 3240763 m3 7403 0.00999999978 0.5 p7 21530 2
140 3261768 m1 42326 0 0.5 p7 21576 8
278 3302947 m8 86195 0 0.5 p7 21666 10
153 3307187 m6 49387 0.00999999978 0.5 p7 21675 10
323 3321000 m1 39351 0 0.5 p7 21705 2
260 3404283 m1 81338 0 0.5 p7 21887 10
92 3409296 m1 18673 0 0.5 p7 21898 10
205 3440948 m1 59794 0 0.5 p7 21967 10
78 3452785 m4 15190 -0.00999999978 0.5 p7 21993 10
305 3474089 m1 2126 0 0.5 p7 22040 2
101 3482206 m1 20975 0 0.5 p7 22058 10
309 3491738 m3 10044 0.00999999978 0.5 p7 22079 2
62 3506558 m3 10997 0.00999999978 0.5 p7 22112 8
248 3558440 m2 77195 0 0.5 p7 22226 10
135 3592779 m1 38555 0 0.5 p7 22301 8
319 3603222 m1 28471 0 0.5 p7 22324 2
321 3616974 m1 29133 0 0.5 p7 22354 2
211 3686700 m1 62000 0 0.5 p7 22507 10
224 3735245 m1 67518 0 0.5 p7 22613 10
263 3737926 m1 81684 0 0.5 p7 22619 10
181 3740136 m6 52878 0.00999999978 0.5 p7 22624 10
313 3756132 m3 11472 0.00999999978 0.5 p7 22659 2
186 3844696 m6 53297 0.00999999978 0.5 p7 22853 10
310 3861445 m3 10222 0.00999999978 0.5 p7 22890 2
24 3889407 m3 7867 0.00999999978 0.5 p7 22951 8
315 3913533 m4 14671 -0.00999999978 0.5 p7 23004 2
314 3917979 m1 13688 0 0.5 p7 23014 2
312 3924763 m3 10854 0.00999999978 0.5 p7 23029 2
100 3945060 m1 20955 0 0.5 p7 23074 8
226 3980955 m1 68411 0 0.5 p7 23153 10
316 4021338 m4 15605 -0.00999999978 0.5 p7 23242 2
203 4026866 m1 59454 0 0.5 p7 23254 10
162 4051047 m6 50398 0.00999999978 0.5 p7 23307 10
74 4066952 m2 15016 0 0.5 p7 23342 8
33 4068333 m3 8355 0.00999999978 0.5 p7 23345 8
317 4094302 m4 16348 -0.00999999978 0.5 p7 23402 2
256 4132078 m1 80993 0 0.5 p7 23486 7
330 4146424 m6 53457 0.00999999978 0.5 p7 23517 2
180 4154274 m6 52722 0.00999999978 0.5 p7 23534 8
326 4192168 m1 48954 0 0.5 p7 23617 2
58 4216496 m3 10566 0.00999999978 0.5 p7 23670 8
281 4233758 m1 90203 0 0.5 p7 23708 7
216 4276122 m1 63357 0 0.5 p7 23801 8
333 4281361 m1 63644 0 0.5 p7 23813 2
340 4282298 m1 95717 0 0.5 p7 23815 3
306 4300233 m1 3442 0 0.5 p7 23854 2
221 4314445 m1 66388 0 0.5 p7 23885 8
338 4314893 m7 75742 0 0.5 p7 23886 3
325 4321192 m1 46941 0 0.5 p7 23900 2
244 4340889 m2 75917 0 0.5 p7 23943 7
331 4341809 m1 55615 0 0.5 p7 23945 1
350 4368278 m1 95692 0 0.5 p7 24003 2
84 4371884 m2 15850 0 0.5 p7 24011 8
320 4389132 m1 28568 0 0.5 p7 24049 2
358 4410248 m1 61378 0 0.5 p7 24095 1
146 4412577 m1 44869 0 0.5 p7 24100 8
126 4438341 m1 33348 0 0.5 p7 24157 8
231 4457919 m1 69284 0 0.5 p7 24200 8
304 4464744 m1 704 0 0.5 p7 24215 1
354 4523548 m3 7796 0.00999999978 0.5 p7 24345 1
339 4547268 m1 90233 0 0.5 p7 24397 1
311 4557730 m3 10725 0.00999999978 0.5 p7 24420 1
196 4571135 m1 56720 0 0.5 p7 24449 8
307 4586658 m3 7178 0.00999999978 0.5 p7 24483 1
197 4590404 m1 56758 0 0.5 p7 24491 8
318 4603636 m1 25532 0 0.5 p7 24520 1
359 4612357 m1 89427 0 0.5 p7 24539 1
332 4615637 m1 57044 0 0.5 p7 24546 1
18 4617060 m3 7519 0.00999999978 0.5 p7 24549 8
322 4619290 m1 30917 0 0.5 p7 24554 1
254 4639621 m1 79369 0 0.5 p7 24598 7
349 4640031 m1 91380 0 0.5 p7 24599 1
152 4641891 m6 49336 0.00999999978 0.5 p7 24603 8
345 4655663 m1 70674 0 0.5 p7 24633 6
336 4667750 m1 72587 0 0.5 p7 24660 1
357 4669076 m1 44008 0 0.5 p7 24663 1
348 4673267 m1 81622 0 0.5 p7 24672 1
329 4678263 m6 51623 0.00999999978 0.5 p7 24683 1
328 4696610 m2 50221 0 0.5 p7 24723 1
344 4696621 m1 54352 0 0.5 p7 24723 6
335 4711756 m1 68814 0 0.5 p7 24756 1
212 4717512 m1 62065 0 0.5 p7 24769 2
355 4721704 m2 9470 0 0.5 p7 24778 1
356 4731779 m3 10449 0.00999999978 0.5 p7 24800 1
341 4740395 m1 31858 0 0.5 p7 24820 3
334 4743033 m1 66161 0 0.5 p7 24826 1
337 4743507 m7 74485 0 0.5 p7 24827 1
351 4744400 m1 99610 0 0.5 p7 24829 1
342 4756615 m1 40052 0 0.5 p7 24857 3
347 4757066 m1 81157 0 0.5 p7 24858 1
343 4767445 m1 44896 0 0.5 p7 24882 3
327 4767896 m2 49512 0 0.5 p7 24883 1
363 4777759 m1 91475 0 0.5 p7 24906 1
360 4778635 m3 10896 0.00999999978 0.5 p7 24908 1
361 4792750 m1 14232 0 0.5 p7 24940 1
362 4796245 m1 94562 0 0.5 p7 24948 1
324 4801158 m1 46230 0 0.5 p7 24959 1
364 4803752 m1 96911 0 0.5 p7 24965 1
353 4804217 m1 97890 0 0.5 p7 24966 1
88 4810793 m1 17636 0 0.5 p7 24981 1
346 4815918 m1 64925 0 0.5 p7 24993 1
352 4816379 m1 93062 0 0.5 p7 24994 1
Genomes:
p7:0 A 0 1 2 3 4 5 6 7 8 9 10 11 12 13 14 15 16 17 18 19 20 21 22 23 24 25 26 27 28 29 30 31 32 33 34 35 36 37 38 39 40 41 42 43 44 45 46 47 48 49 50 51 52 53 54 55 56 57 58 59 60 61 62 63 64 65 66 67 68 69 70 71 72 73 74 75 76 77 78 79 80 81 82 83 84 85 86 87 88 89 90 91 92 93 94 95 96 97 98 99 100 101 102 103 104 105 106 107 108 109 110 111 112 113 114 115 116 117 118 119 120 121 122 123 124 125 126 127 128 129 130 131 132 133 134 135 136 137 138 139 140 141 142 143 144 145 146 147 148 149 150 151 152 153 154 155 156 157 158 159 160 161 162 163 164 165 166 167 168 169 170 171 172 173 174 175 176 177 178 179 180 181 182 183 184 185 186 187 188 189 190 191 192 193 194 195 196 197 198 199 200 201 202 203 204 205 206 207 208 209 210 211 212 213 214 215 216 217 218 219 220 221 222 223 224 225 226 227 228 229 230 231 232 233 234 235 236 237 238 239 240 241 242 243 244 245 246 247 248 249 250 251 252 253 254 255 256 257 258 259 260 261 262 263 264 265 266 267 268 269 270 271 272 273 274 275 276 277 278 279 280 281 282 283 284 285 286 287 288 289 290 291 292 293 294 295 296 297 298 299 300 301 302 303
p7:1 A 0 1 304 2 4 5 6 7 305 306 8 9 10 11 12 13 14 307 15 308 16 17 19 20 21 22 23 25 26 27 28 29 30 32 34 35 36 37 38 39 40 41 42 43 44 45 46 47 48 49 309 50 51 52 310 53 54 55 56 57 59 60 311 61 312 63 64 313 65 66 67 68 69 314 70 71 72 315 73 75 76 77 78 79 80 81 82 316 83 85 317 86 87 89 90 91 92 93 94 95 96 97 98 99 101 102 103 104 105 106 107 108 109 110 318 111 112 113 114 115 319 320 116 117 118 119 321 120 121 122 322 123 124 125 127 128 129 130 131 132 133 134 136 323 137 138 139 141 142 144 145 324 147 325 148 149 326 150 151 153 154 155 327 156 157 158 159 160 161 328 162 163 164 165 166 167 168 169 170 171 172 329 173 174 175 176 177 178 179 181 182 183 184 185 186 187 188 189 330 190 191 192 193 194 331 195 332 198 199 200 201 202 203 204 205 206 207 208 209 210 211 213 214 215 217 333 218 219 220 334 222 223 224 225 226 227 228 335 229 230 232 233 234 235 236 336 237 238 239 240 241 337 242 243 338 245 246 247 248 249 250 251 252 253 255 257 258 259 260 261 262 263 264 265 266 267 268 269 270 271 272 273 274 275 276 277 278 279 280 339 282 283 284 285 286 287 288 289 290 291 292 340 293 294 295 296 297 298 299 300 301 302 303
p7:2 A 0 1 2 3 4 5 6 7 8 9 10 11 12 13 14 15 16 17 18 19 20 21 22 23 24 25 26 27 28 29 30 31 32 33 34 35 36 37 38 39 40 41 42 43 44 45 46 47 48 49 50 51 52 53 54 55 56 57 58 59 60 61 62 63 64 65 66 67 68 69 70 71 72 73 74 75 76 77 78 79 80 81 82 83 84 85 86 87 89 90 91 92 93 94 95 96 97 98 99 100 101 102 103 104 105 106 107 108 109 110 111 112 113 114 115 116 117 118 119 120 121 122 123 124 125 341 126 127 128 129 130 131 132 133 134 135 136 342 137 138 139 140 141 142 143 144 145 146 343 147 148 149 150 151 152 153 154 155 156 157 158 159 160 161 162 163 164 165 166 167 168 169 170 171 172 173 174 175 176 177 178 179 180 181 182 183 184 185 186 187 188 189 190 191 344 192 193 194 195 196 197 198 199 200 201 202 203 204 205 206 207 208 209 210 211 213 214 215 216 217 218 219 220 221 222 223 224 225 226 227 228 229 230 231 232 233 345 234 235 236 237 238 239 240 241 242 243 244 245 246 247 248 249 250 251 252 253 254 255 256 257 258 259 260 261 262 263 264 265 266 267 268 269 270 271 272 273 274 275 276 277 278 279 280 281 282 283 284 285 286 287 288 289 290 291 292 293 294 295 296 297 298 299 300 301 302 303
p7:3 A 0 1 2 3 4 5 6 7 8 9 10 11 12 13 14 15 16 17 18 19 20 21 22 23 24 25 26 27 28 29 30 31 32 33 34 35 36 37 38 39 40 41 42 43 44 45 46 47 48 49 50 51 52 53 54 55 56 57 58 59 60 61 62 63 64 65 66 67 68 69 70 71 72 73 74 75 76 77 78 79 80 81 82 83 84 85 86 87 89 90 91 92 93 94 95 96 97 98 99 100 101 102 103 104 105 106 107 108 109 110 111 112 113 114 115 116 117 118 119 120 121 122 123 124 125 341 126 127 128 129 130 131 132 133 134 135 136 342 137 138 139 140 141 142 143 144 145 146 343 147 148 149 150 151 152 153 154 155 156 157 158 159 160 161 162 163 164 165 166 167 168 169 170 171 172 173 174 175 176 177 178 179 180 181 182 183 184 185 186 187 188 189 190 191 344 192 193 194 195 196 197 198 199 200 201 202 203 204 205 206 207 208 209 210 211 213 214 215 216 217 218 346 219 220 221 222 223 224 225 226 227 228 229 230 231 232 233 345 234 235 236 237 238 239 240 241 242 243 244 245 246 247 248 249 250 251 252 253 254 255 256 257 258 259 260 261 262 263 264 265 266 267 268 269 270 271 272 273 274 275 276 277 278 279 280 281 282 283 284 285 286 287 288 289 290 291 292 293 294 295 296 297 298 299 300 301 302 303
p7:4 A 0 1 2 3 4 5 6 7 8 9 10 11 12 13 14 15 16 17 18 19 20 21 22 23 24 25 26 27 28 29 30 31 32 33 34 35 36 37 38 39 40 41 42 43 44 45 46 47 48 49 50 51 52 53 54 55 56 57 58 59 60 61 62 63 64 65 66 67 68 69 70 71 72 73 74 75 76 77 78 79 80 81 82 83 84 85 86 87 89 90 91 92 93 94 95 96 97 98 99 100 101 102 103 104 105 106 107 108 109 110 111 112 113 114 115 116 117 118 119 120 121 122 123 124 125 126 127 128 129 130 131 132 133 134 135 136 137 138 139 140 141 142 143 144 145 146 147 148 149 150 151 152 153 154 155 156 157 158 159 160 161 162 163 164 165 166 167 168 169 170 171 172 173 174 175 176 177 178 179 180 181 182 183 184 185 186 187 188 189 190 191 344 192 193 194 195 196 197 198 199 200 201 202 203 204 205 206 207 208 209 210 211 213 214 215 216 217 218 219 220 221 222 223 224 225 226 227 228 229 230 231 232 233 345 234 235 236 237 238 239 240 241 242 243 338 245 246 247 248 249 250 251 252 253 255 257 258 347 259 260 261 262 348 263 264 265 266 267 268 269 270 271 272 273 274 275 276 277 278 279 280 282 283 284 349 285 286 287 288 289 290 291 292 350 340 293 294 295 296 297 298 299 300 301 302 303 351
p7:5 A 0 1 2 3 4 5 6 7 8 9 10 11 12 13 14 15 16 17 18 19 20 21 22 23 24 25 26 27 28 29 30 31 32 33 34 35 36 37 38 39 40 41 42 43 44 45 46 47 48 49 50 51 52 53 54 55 56 57 58 59 60 61 62 63 64 65 66 67 68 69 70 71 72 73 74 75 76 77 78 79 80 81 82 83 84 85 86 87 89 90 91 92 93 94 95 96 97 98 99 100 101 102 103 104 105 106 107 108 109 110 111 112 113 114 115 116 117 118 119 120 121 122 123 124 125 126 127 128 129 130 131 132 133 134 135 136 137 138 139 140 141 142 143 144 145 146 147 148 149 150 151 152 153 154 155 156 157 158 159 160 161 162 163 164 165 166 167 168 169 170 171 172 173 174 175 176 177 178 179 180 181 182 183 184 185 186 187 188 189 190 191 192 193 194 195 196 197 198 199 200 201 202 203 204 205 206 207 208 209 210 211 212 213 214 215 216 217 218 219 220 221 222 223 224 225 226 227 228 229 230 231 232 233 234 235 236 237 238 239 240 241 242 243 244 245 246 247 248 249 250 251 252 253 254 255 256 257 258 259 260 261 262 263 264 265 266 267 268 269 270 271 272 273 274 275 276 277 278 279 280 281 282 283 284 285 286 287 352 288 289 290 291 292 293 294 295 296 297 298 299 300 301 302 303
p7:6 A 0 1 2 3 4 5 6 7 8 9 10 11 12 13 14 15 16 17 18 19 20 21 22 23 24 25 26 27 28 29 30 31 32 33 34 35 36 37 38 39 40 41 42 43 44 45 46 47 48 49 50 51 52 53 54 55 56 57 58 59 60 61 62 63 64 65 66 67 68 69 70 71 72 73 74 75 76 77 78 79 80 81 82 83 84 85 86 87 89 90 91 92 93 94 95 96 97 98 99 100 101 102 103 104 105 106 107 108 109 110 111 112 113 114 115 116 117 118 119 120 121 122 123 124 125 341 126 127 128 129 130 131 132 133 134 135 136 342 137 138 139 140 141 142 143 144 145 146 343 147 148 149 150 151 152 153 154 155 156 157 158 159 160 161 162 163 164 165 166 167 168 169 170 171 172 173 174 175 176 177 178 179 180 181 182 183 184 185 186 187 188 189 190 191 344 192 193 194 195 196 197 198 199 200 201 202 203 204 205 206 207 208 209 210 211 213 214 215 216 217 218 219 220 221 222 223 224 225 226 227 228 229 230 231 232 233 345 234 235 236 237 238 239 240 241 242 243 244 245 246 247 248 249 250 251 252 253 254 255 256 257 258 259 260 261 262 263 264 265 266 267 268 269 270 271 272 273 274 275 276 277 278 279 280 281 282 283 284 285 286 287 288 289 290 291 292 293 294 295 296 297 298 353 299 300 301 302 303
p7:7 A 0 1 2 4 5 6 7 305 306 8 9 10 11 12 13 14 15 308 16 17 19 20 21 22 354 23 25 26 27 28 29 30 32 34 35 36 37 38 39 40 41 42 43 355 44 45 46 47 48 49 309 50 51 52 310 53 54 55 56 356 57 59 60 61 312 63 64 313 65 66 67 68 69 314 70 71 72 315 73 75 76 77 78 79 80 81 82 316 83 85 317 86 87 89 90 91 92 93 94 95 96 97 98 99 101 102 103 104 105 106 107 108 109 110 111 112 113 114 115 319 320 116 117 118 119 321 120 121 122 123 124 125 127 128 129 130 131 132 133 134 136 323 137 138 139 141 142 144 357 145 147 325 148 149 326 150 151 153 154 155 156 157 158 159 160 161 162 163 164 165 166 167 168 169 170 171 172 173 174 175 176 177 178 179 181 182 183 184 185 186 187 188 189 330 190 191 192 193 194 195 198 199 200 201 202 203 204 205 206 207 208 209 358 210 211 213 214 215 217 333 218 219 220 222 223 224 225 226 227 228 229 230 232 233 234 235 236 237 238 239 240 241 242 243 338 245 246 247 248 249 250 251 252 253 255 257 258 259 260 261 262 263 264 265 266 267 268 269 270 271 272 273 274 275 276 277 278 279 280 359 282 283 284 285 286 287 288 289 290 291 292 350 340 293 294 295 296 297 298 299 300 301 302 303
p7:8 A 0 1 2 3 4 5 6 7 8 9 10 11 12 13 14 15 16 17 18 19 20 21 22 23 24 25 26 27 28 29 30 31 32 33 34 35 36 37 38 39 40 41 42 43 44 45 46 47 48 49 50 51 52 53 54 55 56 57 58 59 60 61 360 62 63 64 65 66 67 68 69 70 71 361 72 73 74 75 76 77 78 79 80 81 82 83 84 85 86 87 89 90 91 92 93 94 95 96 97 98 99 100 101 102 103 104 105 106 107 108 109 110 111 112 113 114 115 116 117 118 119 120 121 122 123 124 125 126 127 128 129 130 131 132 133 134 135 136 137 138 139 140 141 142 143 144 145 146 147 148 149 150 151 152 153 154 155 156 157 158 159 160 161 162 163 164 165 166 167 168 169 170 171 172 173 174 175 176 177 178 179 180 181 182 183 184 185 186 187 188 189 190 191 344 192 193 194 195 196 197 198 199 200 201 202 203 204 205 206 207 208 209 210 211 213 214 215 216 217 218 219 220 221 222 223 224 225 226 227 228 229 230 231 232 233 345 234 235 236 237 238 239 240 241 242 243 244 245 246 247 248 249 250 251 252 253 254 255 256 257 258 259 260 261 262 263 264 265 266 267 268 269 270 271 272 273 274 275 276 277 278 279 280 281 282 283 284 285 286 287 288 289 290 291 362 292 293 294 295 296 297 298 299 300 301 302 303
p7:9 A 0 1 2 3 4 5 6 7 8 9 10 11 12 13 14 15 16 17 18 19 20 21 22 23 24 25 26 27 28 29 30 31 32 33 34 35 36 37 38 39 40 41 42 43 44 45 46 47 48 49 50 51 52 53 54 55 56 57 58 59 60 61 62 63 64 65 66 67 68 69 70 71 72 73 74 75 76 77 78 79 80 81 82 83 84 85 86 87 89 90 91 92 93 94 95 96 97 98 99 100 101 102 103 104 105 106 107 108 109 110 111 112 113 114 115 116 117 118 119 120 121 122 123 124 125 126 127 128 129 130 131 132 133 134 135 136 137 138 139 140 141 142 143 144 145 146 147 148 149 150 151 152 153 154 155 156 157 158 159 160 161 162 163 164 165 166 167 168 169 170 171 172 173 174 175 176 177 178 179 180 181 182 183 184 185 186 187 188 189 190 191 344 192 193 194 195 196 197 198 199 200 201 202 203 204 205 206 207 208 209 210 211 213 214 215 216 217 218 219 220 221 222 223 224 225 226 227 228 229 230 231 232 233 345 234 235 236 237 238 239 240 241 242 243 244 245 246 247 248 249 250 251 252 253 254 255 256 257 258 259 260 261 262 263 264 265 266 267 268 269 270 271 272 273 274 275 276 277 278 279 280 281 282 283 284 363 285 286 287 288 289 290 291 292 293 294 295 364 296 297 298 299 300 301 302 303
