#OUT: 25000 SS p3 10 /Users/josephzou/Desktop/Sample_data/Gung-p3-Sample.txt
Mutations:
181 23993 m2 76164 0 0.5 p1 1205 10
149 24220 m1 64041 0 0.5 p1 1216 10
117 31251 m1 54837 0 0.5 p1 1571 10
184 32720 m1 77471 0 0.5 p1 1644 10
172 38802 m1 72437 0 0.5 p1 1949 10
153 43352 m1 65602 0 0.5 p1 2174 10
214 47157 m1 87980 0 0.5 p1 2362 10
170 48928 m1 71302 0 0.5 p1 2449 10
77 57256 m1 39610 0 0.5 p1 2870 10
64 58589 m1 35506 0 0.5 p1 2938 10
36 60970 m1 21684 0 0.5 p1 3062 10
203 61485 m2 85257 0 0.5 p1 3088 10
131 62022 m1 59488 0 0.5 p1 3116 10
101 62811 m6 49587 0.00999999978 0.5 p1 3155 10
14 64310 m2 11079 0 0.5 p1 3231 10
0 64356 m1 289 0 0.5 p1 3234 10
125 66949 m1 57358 0 0.5 p2 3333 10
41 66989 m1 23702 0 0.5 p2 3334 10
139 68363 m1 61237 0 0.5 p2 3371 10
138 69456 m1 61109 0 0.5 p2 3401 10
227 70940 m1 92900 0 0.5 p2 3440 10
200 71379 m1 84027 0 0.5 p2 3453 10
207 74416 m2 86994 0 0.5 p2 3535 10
143 75052 m1 62377 0 0.5 p2 3552 10
157 76244 m1 66966 0 0.5 p2 3585 10
240 77865 m1 98234 0 0.5 p2 3629 10
111 84198 m6 53627 0.00999999978 0.5 p2 3805 10
6 92006 m1 4230 0 0.5 p2 4018 10
210 103443 m1 87457 0 0.5 p2 4332 10
74 104718 m1 38627 0 0.5 p2 4368 10
185 104985 m1 78475 0 0.5 p2 4375 10
104 106475 m6 51527 0.00999999978 0.5 p2 4416 10
53 109451 m1 32276 0 0.5 p2 4499 10
243 110686 m1 99117 0 0.5 p2 4534 10
18 111935 m1 12575 0 0.5 p2 4569 10
234 114660 m1 95494 0 0.5 p2 4642 10
216 115799 m1 88840 0 0.5 p2 4673 10
217 123527 m1 89149 0 0.5 p2 4882 10
17 126042 m1 12429 0 0.5 p2 4950 10
2 140762 m1 1019 0 0.5 p2 5211 10
148 142420 m1 63850 0 0.5 p2 5237 10
103 142658 m6 50587 0.00999999978 0.5 p2 5241 10
235 147138 m1 95760 0 0.5 p2 5314 10
110 147448 m6 53267 0.00999999978 0.5 p2 5319 10
205 155518 m8 85928 0 0.5 p2 5450 10
204 158402 m8 85379 0 0.5 p2 5497 10
132 161593 m1 59574 0 0.5 p2 5550 10
33 166845 m1 20786 0 0.5 p2 5636 10
81 167930 m1 42761 0 0.5 p2 5654 10
109 174345 m6 53127 0.00999999978 0.5 p2 5758 10
100 179013 m1 49047 0 0.5 p2 5833 10
136 180893 m1 60865 0 0.5 p2 5864 10
173 182595 m7 73230 0 0.5 p2 5892 10
239 184308 m1 97257 0 0.5 p2 5920 10
55 189465 m1 32843 0 0.5 p2 6005 10
151 191436 m1 65094 0 0.5 p2 6038 10
108 191625 m6 53040 0.00999999978 0.5 p2 6041 10
192 194407 m1 81178 0 0.5 p2 6087 10
15 199676 m3 11383 0.00999999978 0.5 p2 6174 10
57 211664 m1 33547 0 0.5 p2 6369 10
223 217356 m1 91055 0 0.5 p2 6460 10
13 224648 m2 10487 0 0.5 p2 6576 10
162 231023 m1 68249 0 0.5 p3 6663 10
241 242245 m1 98346 0 0.5 p3 6808 10
144 242307 m1 62431 0 0.5 p3 6809 10
70 246942 m1 37148 0 0.5 p3 6870 10
220 257689 m1 90174 0 0.5 p3 7008 10
212 278171 m1 87719 0 0.5 p3 7269 10
130 293037 m1 58429 0 0.5 p3 7461 10
224 301045 m1 92710 0 0.5 p3 7563 10
228 312520 m1 93100 0 0.5 p3 7710 10
231 313471 m1 93672 0 0.5 p3 7722 10
229 313930 m1 93106 0 0.5 p3 7728 10
119 316100 m1 55334 0 0.5 p3 7755 10
116 317133 m1 54741 0 0.5 p3 7769 10
152 321575 m1 65168 0 0.5 p3 7824 10
194 332722 m1 81888 0 0.5 p3 7968 10
106 345585 m2 52456 0 0.5 p3 8133 10
168 365456 m1 70098 0 0.5 p3 8358 10
202 367220 m2 84366 0 0.5 p3 8373 10
165 386428 m1 69095 0 0.5 p3 8534 10
218 397178 m1 89773 0 0.5 p3 8625 10
113 400405 m1 53800 0 0.5 p3 8653 10
71 425606 m1 37172 0 0.5 p3 8868 10
80 444578 m1 41406 0 0.5 p3 9029 10
199 450387 m1 83468 0 0.5 p3 9079 10
23 457857 m1 17020 0 0.5 p3 9142 10
233 459103 m1 94774 0 0.5 p3 9153 10
208 467608 m2 87092 0 0.5 p3 9225 10
201 472719 m2 84337 0 0.5 p3 9268 10
118 475910 m1 55106 0 0.5 p3 9295 10
26 483659 m1 17987 0 0.5 p3 9361 10
85 495920 m1 43701 0 0.5 p3 9466 10
213 499561 m1 87915 0 0.5 p3 9497 10
163 511403 m1 68371 0 0.5 p3 9597 10
60 576668 m1 34291 0 0.5 p3 10129 10
32 608832 m1 20188 0 0.5 p3 10361 10
47 648200 m1 25596 0 0.5 p3 10649 10
10 654854 m1 6575 0 0.5 p3 10697 10
191 663350 m1 80495 0 0.5 p3 10759 10
174 682308 m7 73292 0 0.5 p3 10896 10
48 684649 m1 25915 0 0.5 p3 10913 10
156 685331 m1 66955 0 0.5 p3 10918 10
49 709295 m1 26385 0 0.5 p3 11091 10
187 714101 m1 79698 0 0.5 p3 11125 10
50 728832 m1 29228 0 0.5 p3 11231 10
145 747209 m1 62899 0 0.5 p3 11365 10
182 757396 m2 76345 0 0.5 p3 11440 10
7 761259 m1 4778 0 0.5 p3 11468 10
176 763522 m7 74617 0 0.5 p3 11484 10
8 770771 m1 4800 0 0.5 p3 11536 10
94 773737 m1 48364 0 0.5 p3 11558 10
124 811205 m1 57339 0 0.5 p3 11831 10
129 816402 m1 58360 0 0.5 p3 11868 10
69 830862 m1 37083 0 0.5 p3 11972 10
86 842163 m1 44054 0 0.5 p3 12053 10
88 846770 m1 44277 0 0.5 p3 12085 10
160 852429 m1 67920 0 0.5 p3 12126 10
56 857337 m1 33277 0 0.5 p3 12162 10
159 860070 m1 67560 0 0.5 p3 12182 10
73 878394 m1 38604 0 0.5 p3 12316 10
58 887217 m1 33896 0 0.5 p3 12381 10
225 914541 m1 92829 0 0.5 p3 12579 10
115 919568 m1 54485 0 0.5 p3 12616 10
221 930650 m1 90435 0 0.5 p3 12696 10
95 955831 m1 48418 0 0.5 p3 12880 10
96 960665 m1 48533 0 0.5 p3 12915 10
54 993130 m1 32298 0 0.5 p3 13151 10
107 1004064 m2 52884 0 0.5 p3 13231 10
1 1014454 m1 428 0 0.5 p3 13306 10
83 1024700 m1 43639 0 0.5 p3 13381 10
166 1043789 m1 69687 0 0.5 p3 13518 10
195 1057733 m1 82109 0 0.5 p3 13622 10
135 1071443 m1 60752 0 0.5 p3 13721 10
120 1077494 m1 56021 0 0.5 p3 13765 10
61 1114935 m1 34379 0 0.5 p3 14036 10
9 1141504 m1 5685 0 0.5 p3 14230 10
140 1148654 m1 61596 0 0.5 p3 14283 10
126 1156370 m1 57577 0 0.5 p3 14339 10
186 1159310 m1 78580 0 0.5 p3 14360 10
222 1159742 m1 90826 0 0.5 p3 14363 10
244 1167791 m1 99583 0 0.5 p3 14421 10
29 1170440 m1 18525 0 0.5 p3 14440 10
209 1221389 m8 87180 0 0.5 p3 14811 10
34 1222685 m1 21059 0 0.5 p3 14820 10
3 1264930 m1 1047 0 0.5 p3 15070 10
43 1294602 m1 24026 0 0.5 p3 15191 10
66 1335164 m5 36539 0 0.5 p3 15357 10
123 1350425 m1 57235 0 0.5 p3 15419 10
31 1364973 m1 18766 0 0.5 p3 15478 10
230 1399673 m1 93600 0 0.5 p3 15615 10
164 1399914 m1 68380 0 0.5 p3 15616 10
114 1423653 m1 53975 0 0.5 p3 15710 10
16 1424115 m1 12118 0 0.5 p3 15712 10
38 1446774 m1 22693 0 0.5 p3 15801 10
128 1456998 m1 58066 0 0.5 p3 15840 10
78 1458561 m1 39682 0 0.5 p3 15846 10
238 1477059 m1 97197 0 0.5 p3 15917 10
121 1536625 m1 56410 0 0.5 p3 16147 10
196 1579197 m1 82691 0 0.5 p3 16311 10
75 1602363 m1 38764 0 0.5 p3 16400 10
137 1603917 m1 61022 0 0.5 p3 16406 10
219 1623475 m1 90150 0 0.5 p3 16481 10
44 1639068 m1 24051 0 0.5 p3 16541 10
142 1644725 m1 62118 0 0.5 p3 16563 10
39 1672981 m1 22801 0 0.5 p3 16672 10
82 1720153 m1 42952 0 0.5 p3 16854 10
59 1744570 m1 33937 0 0.5 p3 16948 10
180 1766925 m2 75855 0 0.5 p3 17034 10
92 1772764 m1 47899 0 0.5 p3 17057 10
5 1800842 m1 1788 0 0.5 p3 17165 10
91 1812862 m1 46169 0 0.5 p3 17211 10
188 1858004 m1 79757 0 0.5 p3 17386 10
189 1870076 m1 80083 0 0.5 p3 17432 10
122 1887513 m1 57150 0 0.5 p3 17499 10
178 1910038 m7 75637 0 0.5 p3 17586 10
154 1912410 m1 66066 0 0.5 p3 17595 10
40 1943713 m1 23414 0 0.5 p3 17716 10
79 1995309 m1 40170 0 0.5 p3 17916 10
242 2005645 m1 98442 0 0.5 p3 17955 10
102 2029569 m2 50157 0 0.5 p3 18048 10
11 2053522 m1 6845 0 0.5 p3 18140 10
177 2056818 m2 75409 0 0.5 p3 18153 10
232 2094203 m1 94741 0 0.5 p3 18297 10
42 2123547 m1 23732 0 0.5 p3 18410 10
171 2130302 m1 72091 0 0.5 p3 18436 10
4 2147557 m1 1648 0 0.5 p3 18502 10
237 2195848 m1 96778 0 0.5 p3 18688 10
99 2298126 m1 48941 0 0.5 p3 19086 10
67 2331078 m2 36583 0 0.5 p3 19212 10
62 2409700 m1 35173 0 0.5 p3 19514 10
197 2418872 m1 82885 0 0.5 p3 19550 10
147 2421283 m1 63635 0 0.5 p3 19559 10
141 2427773 m1 61637 0 0.5 p3 19584 10
198 2464729 m1 83124 0 0.5 p3 19727 10
37 2486234 m1 21888 0 0.5 p3 19811 10
28 2499239 m1 18416 0 0.5 p3 19862 10
27 2599871 m1 18075 0 0.5 p3 20142 10
87 2604396 m1 44062 0 0.5 p3 20152 10
24 2605277 m1 17070 0 0.5 p3 20154 10
25 2659125 m1 17922 0 0.5 p3 20272 10
155 2753726 m1 66508 0 0.5 p3 20479 10
112 2771145 m1 53686 0 0.5 p3 20517 10
68 2800374 m2 36937 0 0.5 p3 20581 10
20 2900126 m1 13640 0 0.5 p3 20798 10
226 2960509 m1 92884 0 0.5 p3 20930 10
90 2964616 m1 45631 0 0.5 p3 20939 10
105 3089623 m2 52264 0 0.5 p3 21213 10
206 3124988 m2 86104 0 0.5 p3 21291 10
183 3180216 m7 77197 0 0.5 p3 21412 10
215 3272165 m1 88607 0 0.5 p3 21614 10
169 3322749 m1 70758 0 0.5 p3 21725 10
89 3363110 m1 44360 0 0.5 p3 21813 10
22 3368102 m2 15576 0 0.5 p3 21824 10
21 3380737 m1 13702 0 0.5 p3 21852 10
76 3389853 m1 39201 0 0.5 p3 21872 10
51 3419780 m1 31237 0 0.5 p3 21937 10
98 3446587 m1 48937 0 0.5 p3 21996 10
84 3454855 m1 43652 0 0.5 p3 22014 10
150 3612908 m1 64261 0 0.5 p3 22360 10
161 3621090 m1 68123 0 0.5 p3 22378 10
167 3638697 m1 69967 0 0.5 p3 22417 10
127 3714136 m1 57865 0 0.5 p3 22583 10
35 3732085 m1 21071 0 0.5 p3 22622 10
193 3804742 m1 81517 0 0.5 p3 22782 10
158 3819885 m1 67075 0 0.5 p3 22815 10
93 3874229 m1 48325 0 0.5 p3 22934 10
175 3887798 m7 74170 0 0.5 p3 22964 10
179 4050407 m7 75738 0 0.5 p3 23322 5
72 4117042 m1 37559 0 0.5 p3 23468 5
190 4126125 m1 80356 0 0.5 p3 23488 5
251 4132431 m1 29539 0 0.5 p3 23502 5
259 4187812 m2 76494 0 0.5 p3 23623 5
97 4193754 m1 48642 0 0.5 p3 23636 5
146 4203996 m1 63084 0 0.5 p3 23658 5
256 4213016 m1 64604 0 0.5 p3 23678 5
133 4245774 m1 59657 0 0.5 p3 23750 5
65 4283718 m2 36287 0 0.5 p3 23833 5
52 4326595 m1 31888 0 0.5 p3 23927 5
264 4372375 m1 97116 0 0.5 p3 24027 5
255 4375537 m1 55601 0 0.5 p3 24034 5
248 4381393 m1 3962 0 0.5 p3 24047 5
252 4419252 m1 29690 0 0.5 p3 24130 5
261 4429735 m1 78738 0 0.5 p3 24153 5
45 4434226 m1 24107 0 0.5 p3 24163 5
249 4500767 m1 18483 0 0.5 p3 24309 5
211 4536844 m1 87717 0 0.5 p3 24388 5
263 4543210 m1 95929 0 0.5 p3 24402 5
260 4546836 m1 78099 0 0.5 p3 24410 5
63 4582219 m1 35276 0 0.5 p3 24488 5
46 4630850 m1 25517 0 0.5 p3 24594 5
250 4638542 m1 26751 0 0.5 p3 24611 5
236 4641272 m1 96244 0 0.5 p3 24617 5
254 4645391 m1 48145 0 0.5 p3 24626 5
19 4648560 m1 13155 0 0.5 p3 24633 5
258 4655376 m1 71054 0 0.5 p3 24648 5
262 4662234 m1 91734 0 0.5 p3 24663 5
274 4735829 m1 87474 0 0.5 p3 24825 1
269 4737543 m1 26196 0 0.5 p3 24829 1
30 4743339 m1 18719 0 0.5 p3 24842 4
265 4764664 m7 75421 0 0.5 p3 24891 1
134 4773508 m1 60263 0 0.5 p3 24911 4
12 4777031 m3 9996 0.00999999978 0.5 p3 24919 4
272 4777476 m6 49667 0.00999999978 0.5 p3 24920 1
266 4777939 m1 21776 0 0.5 p3 24921 1
270 4789664 m1 27074 0 0.5 p3 24948 1
268 4790520 m1 2230 0 0.5 p3 24950 1
253 4793957 m1 30517 0 0.5 p3 24958 2
271 4796667 m1 32902 0 0.5 p3 24964 1
257 4798837 m1 64958 0 0.5 p3 24969 2
246 4809847 m1 47978 0 0.5 p3 24994 1
267 4809851 m1 43658 0 0.5 p3 24994 1
273 4810272 m1 54296 0 0.5 p3 24995 1
245 4810700 m3 7985 0.00999999978 0.5 p3 24996 1
247 4812409 m2 49891 0 0.5 p3 25000 1
Genomes:
p3:0 A 0 1 2 3 4 5 6 7 8 9 10 11 12 13 14 15 16 17 18 19 20 21 22 23 24 25 26 27 28 29 30 31 32 33 34 35 36 37 38 39 40 41 42 43 44 45 46 47 48 49 50 51 52 53 54 55 56 57 58 59 60 61 62 63 64 65 66 67 68 69 70 71 72 73 74 75 76 77 78 79 80 81 82 83 84 85 86 87 88 89 90 91 92 93 94 95 96 97 98 99 100 101 102 103 104 105 106 107 108 109 110 111 112 113 114 115 116 117 118 119 120 121 122 123 124 125 126 127 128 129 130 131 132 133 134 135 136 137 138 139 140 141 142 143 144 145 146 147 148 149 150 151 152 153 154 155 156 157 158 159 160 161 162 163 164 165 166 167 168 169 170 171 172 173 174 175 176 177 178 179 180 181 182 183 184 185 186 187 188 189 190 191 192 193 194 195 196 197 198 199 200 201 202 203 204 205 206 207 208 209 210 211 212 213 214 215 216 217 218 219 220 221 222 223 224 225 226 227 228 229 230 231 232 233 234 235 236 237 238 239 240 241 242 243 244
p3:1 A 0 1 2 3 4 5 6 7 8 9 10 11 245 12 13 14 15 16 17 18 19 20 21 22 23 24 25 26 27 28 29 30 31 32 33 34 35 36 37 38 39 40 41 42 43 44 45 46 47 48 49 50 51 52 53 54 55 56 57 58 59 60 61 62 63 64 65 66 67 68 69 70 71 72 73 74 75 76 77 78 79 80 81 82 83 84 85 86 87 88 89 90 91 92 246 93 94 95 96 97 98 99 100 101 247 102 103 104 105 106 107 108 109 110 111 112 113 114 115 116 117 118 119 120 121 122 123 124 125 126 127 128 129 130 131 132 133 134 135 136 137 138 139 140 141 142 143 144 145 146 147 148 149 150 151 152 153 154 155 156 157 158 159 160 161 162 163 164 165 166 167 168 169 170 171 172 173 174 175 176 177 178 179 180 181 182 183 184 185 186 187 188 189 190 191 192 193 194 195 196 197 198 199 200 201 202 203 204 205 206 207 208 209 210 211 212 213 214 215 216 217 218 219 220 221 222 223 224 225 226 227 228 229 230 231 232 233 234 235 236 237 238 239 240 241 242 243 244
p3:2 A 0 1 2 3 4 5 248 6 7 8 9 10 11 13 14 15 16 17 18 20 21 22 23 24 25 26 27 28 249 29 31 32 33 34 35 36 37 38 39 40 41 42 43 44 47 48 49 250 50 251 252 253 51 53 54 55 56 57 58 59 60 61 62 64 66 67 68 69 70 71 73 74 75 76 77 78 79 80 81 82 83 84 85 86 87 88 89 90 91 92 254 93 94 95 96 98 99 100 101 102 103 104 105 106 107 108 109 110 111 112 113 114 115 116 117 118 119 255 120 121 122 123 124 125 126 127 128 129 130 131 132 135 136 137 138 139 140 141 142 143 144 145 147 148 149 150 256 257 151 152 153 154 155 156 157 158 159 160 161 162 163 164 165 166 167 168 169 258 170 171 172 173 174 175 176 177 178 180 181 182 259 183 184 260 185 186 261 187 188 189 191 192 193 194 195 196 197 198 199 200 201 202 203 204 205 206 207 208 209 210 212 213 214 215 216 217 218 219 220 221 222 223 262 224 225 226 227 228 229 230 231 232 233 234 235 263 237 264 238 239 240 241 242 243 244
p3:3 A 0 1 2 3 4 5 248 6 7 8 9 10 11 13 14 15 16 17 18 20 21 22 23 24 25 26 27 28 249 29 31 32 33 34 35 36 37 38 39 40 41 42 43 44 47 48 49 250 50 251 252 51 53 54 55 56 57 58 59 60 61 62 64 66 67 68 69 70 71 73 74 75 76 77 78 79 80 81 82 83 84 85 86 87 88 89 90 91 92 254 93 94 95 96 98 99 100 101 102 103 104 105 106 107 108 109 110 111 112 113 114 115 116 117 118 119 255 120 121 122 123 124 125 126 127 128 129 130 131 132 135 136 137 138 139 140 141 142 143 144 145 147 148 149 150 256 151 152 153 154 155 156 157 158 159 160 161 162 163 164 165 166 167 168 169 258 170 171 172 173 174 175 176 177 265 178 180 181 182 259 183 184 260 185 186 261 187 188 189 191 192 193 194 195 196 197 198 199 200 201 202 203 204 205 206 207 208 209 210 212 213 214 215 216 217 218 219 220 221 222 223 262 224 225 226 227 228 229 230 231 232 233 234 235 263 237 264 238 239 240 241 242 243 244
p3:4 A 0 1 2 3 4 5 248 6 7 8 9 10 11 13 14 15 16 17 18 20 21 22 23 24 25 26 27 28 249 29 31 32 33 34 35 36 266 37 38 39 40 41 42 43 44 47 48 49 250 50 251 252 51 53 54 55 56 57 58 59 60 61 62 64 66 67 68 69 70 71 73 74 75 76 77 78 79 80 81 82 83 84 85 86 87 88 89 90 91 92 254 93 94 95 96 98 99 100 101 102 103 104 105 106 107 108 109 110 111 112 113 114 115 116 117 118 119 255 120 121 122 123 124 125 126 127 128 129 130 131 132 135 136 137 138 139 140 141 142 143 144 145 147 148 149 150 256 151 152 153 154 155 156 157 158 159 160 161 162 163 164 165 166 167 168 169 258 170 171 172 173 174 175 176 177 178 180 181 182 259 183 184 260 185 186 261 187 188 189 191 192 193 194 195 196 197 198 199 200 201 202 203 204 205 206 207 208 209 210 212 213 214 215 216 217 218 219 220 221 222 223 262 224 225 226 227 228 229 230 231 232 233 234 235 263 237 264 238 239 240 241 242 243 244
p3:5 A 0 1 2 3 4 5 6 7 8 9 10 11 12 13 14 15 16 17 18 19 20 21 22 23 24 25 26 27 28 29 30 31 32 33 34 35 36 37 38 39 40 41 42 43 44 45 46 47 48 49 50 51 52 53 54 55 56 57 58 59 60 61 62 63 64 65 66 67 68 69 70 71 72 73 74 75 76 77 78 79 80 81 82 83 84 267 85 86 87 88 89 90 91 92 93 94 95 96 97 98 99 100 101 102 103 104 105 106 107 108 109 110 111 112 113 114 115 116 117 118 119 120 121 122 123 124 125 126 127 128 129 130 131 132 133 134 135 136 137 138 139 140 141 142 143 144 145 146 147 148 149 150 151 152 153 154 155 156 157 158 159 160 161 162 163 164 165 166 167 168 169 170 171 172 173 174 175 176 177 178 179 180 181 182 183 184 185 186 187 188 189 190 191 192 193 194 195 196 197 198 199 200 201 202 203 204 205 206 207 208 209 210 211 212 213 214 215 216 217 218 219 220 221 222 223 224 225 226 227 228 229 230 231 232 233 234 235 236 237 238 239 240 241 242 243 244
p3:6 A 0 1 2 3 4 5 6 7 8 9 10 11 12 13 14 15 16 17 18 19 20 21 22 23 24 25 26 27 28 29 30 31 32 33 34 35 36 37 38 39 40 41 42 43 44 45 46 47 48 49 50 51 52 53 54 55 56 57 58 59 60 61 62 63 64 65 66 67 68 69 70 71 72 73 74 75 76 77 78 79 80 81 82 83 84 85 86 87 88 89 90 91 92 93 94 95 96 97 98 99 100 101 102 103 104 105 106 107 108 109 110 111 112 113 114 115 116 117 118 119 120 121 122 123 124 125 126 127 128 129 130 131 132 133 134 135 136 137 138 139 140 141 142 143 144 145 146 147 148 149 150 151 152 153 154 155 156 157 158 159 160 161 162 163 164 165 166 167 168 169 170 171 172 173 174 175 176 177 178 179 180 181 182 183 184 185 186 187 188 189 190 191 192 193 194 195 196 197 198 199 200 201 202 203 204 205 206 207 208 209 210 211 212 213 214 215 216 217 218 219 220 221 222 223 224 225 226 227 228 229 230 231 232 233 234 235 236 237 238 239 240 241 242 243 244
p3:7 A 0 1 2 3 4 5 268 6 7 8 9 10 11 13 14 15 16 17 18 19 20 21 22 23 24 25 26 27 28 29 31 32 33 34 35 36 37 38 39 40 41 42 43 44 45 46 47 48 269 49 270 50 51 52 53 54 55 271 56 57 58 59 60 61 62 63 64 65 66 67 68 69 70 71 72 73 74 75 76 77 78 79 80 81 82 83 84 85 86 87 88 89 90 91 92 93 94 95 96 97 98 99 100 101 272 102 103 104 105 106 107 108 109 110 111 112 113 114 273 115 116 117 118 119 120 121 122 123 124 125 126 127 128 129 130 131 132 133 135 136 137 138 139 140 141 142 143 144 145 146 147 148 149 150 151 152 153 154 155 156 157 158 159 160 161 162 163 164 165 166 167 168 169 170 171 172 173 174 175 176 177 178 179 180 181 182 183 184 185 186 187 188 189 190 191 192 193 194 195 196 197 198 199 200 201 202 203 204 205 206 207 208 209 210 274 211 212 213 214 215 216 217 218 219 220 221 222 223 224 225 226 227 228 229 230 231 232 233 234 235 236 237 238 239 240 241 242 243 244
p3:8 A 0 1 2 3 4 5 248 6 7 8 9 10 11 13 14 15 16 17 18 20 21 22 23 24 25 26 27 28 249 29 31 32 33 34 35 36 37 38 39 40 41 42 43 44 47 48 49 250 50 251 252 253 51 53 54 55 56 57 58 59 60 61 62 64 66 67 68 69 70 71 73 74 75 76 77 78 79 80 81 82 83 84 85 86 87 88 89 90 91 92 254 93 94 95 96 98 99 100 101 102 103 104 105 106 107 108 109 110 111 112 113 114 115 116 117 118 119 255 120 121 122 123 124 125 126 127 128 129 130 131 132 135 136 137 138 139 140 141 142 143 144 145 147 148 149 150 256 257 151 152 153 154 155 156 157 158 159 160 161 162 163 164 165 166 167 168 169 258 170 171 172 173 174 175 176 177 178 180 181 182 259 183 184 260 185 186 261 187 188 189 191 192 193 194 195 196 197 198 199 200 201 202 203 204 205 206 207 208 209 210 212 213 214 215 216 217 218 219 220 221 222 223 262 224 225 226 227 228 229 230 231 232 233 234 235 263 237 264 238 239 240 241 242 243 244
p3:9 A 0 1 2 3 4 5 248 6 7 8 9 10 11 13 14 15 16 17 18 20 21 22 23 24 25 26 27 28 249 29 31 32 33 34 35 36 37 38 39 40 41 42 43 44 47 48 49 250 50 251 252 51 53 54 55 56 57 58 59 60 61 62 64 66 67 68 69 70 71 73 74 75 76 77 78 79 80 81 82 83 84 85 86 87 88 89 90 91 92 254 93 94 95 96 98 99 100 101 102 103 104 105 106 107 108 109 110 111 112 113 114 115 116 117 118 119 255 120 121 122 123 124 125 126 127 128 129 130 131 132 135 136 137 138 139 140 141 142 143 144 145 147 148 149 150 256 151 152 153 154 155 156 157 158 159 160 161 162 163 164 165 166 167 168 169 258 170 171 172 173 174 175 176 177 178 180 181 182 259 183 184 260 185 186 261 187 188 189 191 192 193 194 195 196 197 198 199 200 201 202 203 204 205 206 207 208 209 210 212 213 214 215 216 217 218 219 220 221 222 223 262 224 225 226 227 228 229 230 231 232 233 234 235 263 237 264 238 239 240 241 242 243 244
