#OUT: 25000 SS p6 10 /Users/josephzou/Desktop/Sample_data/Human-p6-Sample.txt
Mutations:
96 51415 m1 22218 0 0.5 p1 2581 10
97 55064 m1 22398 0 0.5 p1 2769 10
112 59022 m1 27756 0 0.5 p1 2969 10
256 59304 m7 74549 0 0.5 p1 2983 10
101 61565 m1 24196 0 0.5 p1 3097 10
13 62010 m3 7038 0.00999999978 0.5 p1 3121 10
65 76678 m3 10887 0.00999999978 0.5 p1 3598 10
77 79944 m1 12305 0 0.5 p1 3687 10
122 80864 m1 30848 0 0.5 p1 3713 10
291 82849 m1 91267 0 0.5 p1 3767 10
179 87666 m6 50812 0.00999999978 0.5 p1 3901 10
76 89570 m1 12000 0 0.5 p1 3952 10
227 92302 m1 56047 0 0.5 p1 4028 10
300 92732 m1 97289 0 0.5 p1 4039 10
193 92991 m6 52028 0.00999999978 0.5 p1 4047 10
167 95915 m6 49482 0.00999999978 0.5 p1 4127 10
148 97088 m1 41018 0 0.5 p1 4158 10
295 99035 m1 93028 0 0.5 p1 4211 10
260 104363 m2 76543 0 0.5 p1 4358 10
216 106168 m6 53413 0.00999999978 0.5 p1 4406 10
71 108026 m3 11495 0.00999999978 0.5 p1 4456 10
130 119622 m1 34430 0 0.5 p1 4767 10
211 120166 m6 53275 0.00999999978 0.5 p1 4782 10
203 123976 m6 52730 0.00999999978 0.5 p1 4884 10
162 124500 m1 48388 0 0.5 p1 4898 10
195 124901 m6 52148 0.00999999978 0.5 p1 4909 10
103 126375 m1 24293 0 0.5 p1 4949 10
252 126888 m1 71352 0 0.5 p1 4963 10
279 127024 m8 86607 0 0.5 p1 4966 10
100 129387 m1 23683 0 0.5 p5 5017 10
214 130456 m6 53344 0.00999999978 0.5 p5 5034 10
72 139350 m2 11604 0 0.5 p5 5176 10
297 147809 m1 95898 0 0.5 p5 5312 10
268 149260 m1 81266 0 0.5 p5 5335 10
43 158529 m3 8959 0.00999999978 0.5 p5 5484 10
143 161242 m1 38829 0 0.5 p5 5526 10
5 162797 m1 3954 0 0.5 p5 5551 10
99 177505 m1 23568 0 0.5 p5 5790 10
254 182061 m1 72389 0 0.5 p5 5862 10
28 189703 m3 8467 0.00999999978 0.5 p5 5985 10
184 191950 m6 51155 0.00999999978 0.5 p5 6022 10
2 194420 m1 1241 0 0.5 p5 6062 10
209 195163 m6 53195 0.00999999978 0.5 p5 6074 10
168 199117 m6 49688 0.00999999978 0.5 p5 6139 10
9 204165 m1 5351 0 0.5 p5 6220 10
303 213803 m1 98462 0 0.5 p5 6376 10
14 214487 m3 7066 0.00999999978 0.5 p5 6387 10
86 216983 m1 17961 0 0.5 p5 6428 10
19 217516 m2 7485 0 0.5 p5 6436 10
93 221818 m1 20474 0 0.5 p5 6507 10
267 249674 m1 79904 0 0.5 p5 6884 10
138 250189 m1 37450 0 0.5 p5 6891 10
235 250587 m1 60794 0 0.5 p5 6896 10
90 251220 m1 19507 0 0.5 p5 6904 10
75 267597 m1 11966 0 0.5 p5 7118 10
18 269069 m3 7455 0.00999999978 0.5 p5 7137 10
287 270864 m1 88049 0 0.5 p5 7160 10
281 273539 m8 86944 0 0.5 p5 7194 10
302 277124 m1 98308 0 0.5 p5 7239 10
145 280640 m1 39515 0 0.5 p5 7285 10
262 286851 m2 77222 0 0.5 p5 7365 10
166 291677 m6 49420 0.00999999978 0.5 p5 7427 10
285 292647 m1 87723 0 0.5 p5 7439 10
176 299603 m6 50458 0.00999999978 0.5 p5 7530 10
3 308115 m1 2136 0 0.5 p5 7639 10
197 310429 m6 52217 0.00999999978 0.5 p5 7668 10
24 314766 m3 8101 0.00999999978 0.5 p5 7724 10
157 315541 m1 46087 0 0.5 p5 7734 10
142 320728 m1 38042 0 0.5 p5 7802 10
82 323683 m2 14913 0 0.5 p5 7841 10
139 325729 m1 37864 0 0.5 p5 7867 10
259 328847 m7 76019 0 0.5 p5 7906 10
217 332147 m6 53533 0.00999999978 0.5 p5 7949 10
255 332986 m1 72394 0 0.5 p5 7960 10
87 337363 m1 18164 0 0.5 p5 8016 10
277 339817 m2 84725 0 0.5 p5 8047 10
177 341520 m6 50502 0.00999999978 0.5 p5 8069 10
212 357045 m6 53287 0.00999999978 0.5 p5 8268 10
296 358838 m1 95082 0 0.5 p5 8291 10
135 371942 m1 37122 0 0.5 p10 8405 10
54 391747 m3 10035 0.00999999978 0.5 p10 8573 10
271 395625 m1 83099 0 0.5 p10 8606 10
0 398426 m1 924 0 0.5 p10 8631 10
174 415965 m6 50269 0.00999999978 0.5 p10 8780 10
117 420176 m1 30125 0 0.5 p10 8816 10
132 441968 m2 35927 0 0.5 p10 9000 10
105 443964 m1 25073 0 0.5 p10 9017 10
290 450102 m1 90839 0 0.5 p10 9069 10
146 457811 m1 40027 0 0.5 p10 9134 10
183 463870 m6 51139 0.00999999978 0.5 p10 9186 10
160 475224 m1 47995 0 0.5 p10 9283 10
246 482589 m1 67975 0 0.5 p10 9345 10
242 493508 m1 63776 0 0.5 p10 9439 10
155 498306 m1 45557 0 0.5 p10 9480 10
11 504708 m1 6275 0 0.5 p10 9535 10
288 513139 m1 89016 0 0.5 p10 9607 10
36 521029 m3 8730 0.00999999978 0.5 p10 9675 10
186 521030 m6 51361 0.00999999978 0.5 p10 9675 10
89 526919 m1 19347 0 0.5 p10 9725 10
249 539742 m1 68603 0 0.5 p10 9832 10
111 545361 m1 27232 0 0.5 p10 9880 10
250 569958 m1 68690 0 0.5 p10 10076 10
60 570635 m3 10481 0.00999999978 0.5 p10 10081 10
251 578141 m1 70944 0 0.5 p10 10136 10
282 582279 m8 87098 0 0.5 p10 10166 10
8 583359 m1 5215 0 0.5 p10 10174 10
185 599191 m6 51251 0.00999999978 0.5 p10 10289 10
88 615796 m1 19302 0 0.5 p10 10409 10
95 621004 m1 21919 0 0.5 p10 10447 10
91 626482 m1 19620 0 0.5 p10 10487 10
67 642753 m3 11096 0.00999999978 0.5 p10 10604 10
33 660979 m3 8664 0.00999999978 0.5 p10 10736 10
78 694008 m1 13603 0 0.5 p10 10976 10
243 696391 m1 66370 0 0.5 p10 10994 10
56 700047 m3 10162 0.00999999978 0.5 p10 11021 10
274 709165 m1 84103 0 0.5 p10 11087 10
284 711689 m1 87343 0 0.5 p10 11105 10
123 714846 m1 31089 0 0.5 p10 11128 10
265 734251 m1 78191 0 0.5 p10 11269 10
236 741015 m1 61501 0 0.5 p10 11318 10
4 741858 m1 2657 0 0.5 p10 11324 10
39 742562 m3 8840 0.00999999978 0.5 p10 11329 10
225 759506 m1 55320 0 0.5 p10 11452 10
233 777989 m1 59701 0 0.5 p10 11587 10
199 778272 m6 52410 0.00999999978 0.5 p10 11589 10
131 816442 m5 35835 0 0.5 p10 11866 10
68 828321 m3 11368 0.00999999978 0.5 p10 11953 10
173 858216 m6 50228 0.00999999978 0.5 p10 12172 10
276 860641 m8 84695 0 0.5 p10 12189 10
223 878763 m1 54810 0 0.5 p10 12320 10
7 878901 m1 4730 0 0.5 p10 12321 10
154 891003 m1 45233 0 0.5 p10 12410 10
207 898629 m6 53094 0.00999999978 0.5 p10 12465 10
107 899029 m1 25366 0 0.5 p10 12468 10
192 903152 m6 51904 0.00999999978 0.5 p10 12498 10
104 917075 m1 24313 0 0.5 p10 12599 10
208 925798 m6 53177 0.00999999978 0.5 p10 12663 10
38 935497 m3 8826 0.00999999978 0.5 p10 12733 10
137 951064 m1 37319 0 0.5 p10 12846 10
121 956127 m1 30813 0 0.5 p10 12883 10
272 964108 m1 83719 0 0.5 p10 12940 10
92 981763 m1 20441 0 0.5 p10 13068 10
150 994852 m1 41733 0 0.5 p10 13163 10
147 999247 m1 40164 0 0.5 p10 13195 10
109 1009109 m1 26444 0 0.5 p10 13266 10
238 1015934 m1 61894 0 0.5 p10 13315 10
141 1031416 m1 38005 0 0.5 p10 13428 10
258 1036665 m7 75261 0 0.5 p10 13466 10
224 1037725 m1 55123 0 0.5 p10 13474 10
114 1040382 m1 28634 0 0.5 p10 13493 10
59 1046662 m3 10389 0.00999999978 0.5 p10 13538 10
180 1052363 m6 50824 0.00999999978 0.5 p10 13580 10
29 1070460 m3 8473 0.00999999978 0.5 p10 13713 10
163 1079296 m1 49109 0 0.5 p10 13776 10
66 1094954 m3 11000 0.00999999978 0.5 p10 13889 10
120 1099772 m1 30537 0 0.5 p10 13924 10
41 1127463 m3 8855 0.00999999978 0.5 p10 14127 10
158 1141602 m1 46221 0 0.5 p10 14231 10
128 1159035 m1 33650 0 0.5 p10 14357 10
46 1160279 m3 9287 0.00999999978 0.5 p10 14366 10
187 1161377 m6 51521 0.00999999978 0.5 p10 14374 10
229 1162246 m1 58245 0 0.5 p10 14380 10
245 1162790 m1 67542 0 0.5 p10 14384 10
222 1182892 m1 54168 0 0.5 p10 14532 10
84 1186858 m1 17114 0 0.5 p10 14561 10
94 1190308 m1 20569 0 0.5 p10 14586 10
289 1195225 m1 90821 0 0.5 p10 14622 10
85 1228243 m1 17886 0 0.5 p10 14861 10
286 1235195 m1 87909 0 0.5 p10 14912 10
27 1241930 m3 8447 0.00999999978 0.5 p10 14961 10
15 1275916 m3 7272 0.00999999978 0.5 p6 15116 10
221 1279575 m6 53639 0.00999999978 0.5 p6 15131 10
240 1303604 m1 63508 0 0.5 p6 15230 10
149 1337432 m1 41634 0 0.5 p6 15368 10
129 1339888 m1 33898 0 0.5 p6 15378 10
63 1377714 m3 10686 0.00999999978 0.5 p6 15530 10
220 1391101 m6 53617 0.00999999978 0.5 p6 15583 10
83 1404931 m2 16908 0 0.5 p6 15637 10
113 1413279 m1 28082 0 0.5 p6 15670 10
270 1442343 m1 82349 0 0.5 p6 15784 10
23 1461964 m3 7888 0.00999999978 0.5 p6 15860 10
206 1503238 m6 53057 0.00999999978 0.5 p6 16019 10
228 1520235 m1 57743 0 0.5 p6 16084 10
140 1522311 m1 37900 0 0.5 p6 16092 10
263 1533569 m1 77588 0 0.5 p6 16135 10
190 1536157 m6 51783 0.00999999978 0.5 p6 16145 10
232 1537123 m1 59091 0 0.5 p6 16149 10
34 1599025 m3 8694 0.00999999978 0.5 p6 16388 10
110 1613426 m1 26504 0 0.5 p6 16443 10
198 1617452 m2 52390 0 0.5 p6 16458 10
44 1642597 m3 8976 0.00999999978 0.5 p6 16554 10
80 1647116 m1 14409 0 0.5 p6 16571 10
1 1649435 m1 1074 0 0.5 p6 16580 10
218 1666817 m6 53589 0.00999999978 0.5 p6 16647 10
213 1719384 m6 53339 0.00999999978 0.5 p6 16849 10
299 1738675 m1 96430 0 0.5 p6 16923 10
152 1743175 m1 44782 0 0.5 p6 16940 10
22 1768408 m3 7779 0.00999999978 0.5 p6 17037 10
196 1833441 m6 52171 0.00999999978 0.5 p6 17288 10
161 1873349 m1 48002 0 0.5 p6 17443 10
106 1877244 m1 25097 0 0.5 p6 17458 10
133 1933294 m2 36731 0 0.5 p6 17673 10
182 1935797 m6 51051 0.00999999978 0.5 p6 17683 10
127 1968078 m1 32886 0 0.5 p6 17807 10
73 2050390 m1 11756 0 0.5 p6 18124 10
191 2058613 m6 51818 0.00999999978 0.5 p6 18156 10
69 2069295 m3 11452 0.00999999978 0.5 p6 18197 10
301 2078277 m1 97577 0 0.5 p6 18231 10
293 2079021 m1 92583 0 0.5 p6 18234 10
164 2107623 m6 49186 0.00999999978 0.5 p6 18344 10
269 2155104 m1 81850 0 0.5 p6 18527 10
37 2161577 m3 8765 0.00999999978 0.5 p6 18552 10
205 2176883 m6 52841 0.00999999978 0.5 p6 18611 10
266 2251895 m1 78719 0 0.5 p6 18900 10
47 2262519 m3 9306 0.00999999978 0.5 p6 18941 10
172 2362682 m6 50114 0.00999999978 0.5 p6 19326 10
188 2366865 m2 51636 0 0.5 p6 19342 10
51 2373813 m2 9722 0 0.5 p6 19369 10
31 2379060 m3 8651 0.00999999978 0.5 p6 19389 10
151 2379541 m1 41844 0 0.5 p6 19391 10
81 2395346 m2 14708 0 0.5 p6 19452 10
202 2426338 m6 52729 0.00999999978 0.5 p6 19571 10
119 2428144 m1 30416 0 0.5 p6 19578 10
55 2440943 m3 10116 0.00999999978 0.5 p6 19627 10
189 2447190 m2 51768 0 0.5 p6 19651 10
264 2488241 m1 77632 0 0.5 p6 19809 10
125 2531096 m1 32241 0 0.5 p6 19973 10
215 2537374 m6 53394 0.00999999978 0.5 p6 19997 10
244 2545911 m1 66628 0 0.5 p6 20017 10
210 2584464 m6 53198 0.00999999978 0.5 p6 20102 10
20 2630308 m3 7545 0.00999999978 0.5 p6 20203 10
175 2766967 m6 50427 0.00999999978 0.5 p6 20503 10
273 2767391 m1 83775 0 0.5 p6 20504 10
52 2782483 m3 9800 0.00999999978 0.5 p6 20537 10
124 2809389 m1 32078 0 0.5 p6 20596 10
204 2820533 m6 52761 0.00999999978 0.5 p6 20621 10
48 2851543 m3 9446 0.00999999978 0.5 p6 20689 10
253 2868823 m1 71800 0 0.5 p6 20727 10
234 2874829 m1 60315 0 0.5 p6 20740 10
53 2882095 m3 9901 0.00999999978 0.5 p6 20756 10
306 2882923 m1 99412 0 0.5 p6 20758 10
42 2970626 m3 8927 0.00999999978 0.5 p6 20950 10
307 2975664 m1 99668 0 0.5 p6 20961 10
32 3017072 m3 8661 0.00999999978 0.5 p6 21052 10
136 3042023 m1 37188 0 0.5 p6 21107 10
231 3046075 m1 58642 0 0.5 p6 21116 10
108 3056299 m1 26259 0 0.5 p6 21138 10
70 3144933 m3 11476 0.00999999978 0.5 p6 21333 10
17 3186797 m3 7446 0.00999999978 0.5 p6 21425 10
118 3207458 m1 30134 0 0.5 p6 21470 10
40 3229367 m3 8842 0.00999999978 0.5 p6 21518 10
21 3230845 m3 7585 0.00999999978 0.5 p6 21521 10
165 3240341 m6 49189 0.00999999978 0.5 p6 21542 10
45 3247197 m3 9006 0.00999999978 0.5 p6 21557 10
248 3294828 m1 68433 0 0.5 p6 21662 10
304 3408400 m1 98515 0 0.5 p6 21910 10
57 3430913 m3 10176 0.00999999978 0.5 p6 21959 10
219 3438350 m6 53612 0.00999999978 0.5 p6 21975 10
275 3461477 m8 84545 0 0.5 p6 22026 10
115 3468406 m1 29193 0 0.5 p6 22041 10
280 3472501 m8 86888 0 0.5 p6 22050 10
200 3480157 m6 52449 0.00999999978 0.5 p6 22067 10
178 3519767 m6 50715 0.00999999978 0.5 p6 22154 10
6 3526964 m1 4365 0 0.5 p6 22170 10
294 3533793 m1 93012 0 0.5 p6 22185 10
126 3536089 m1 32779 0 0.5 p6 22190 10
35 3556929 m3 8719 0.00999999978 0.5 p6 22236 10
153 3581328 m1 45005 0 0.5 p6 22290 10
16 3587228 m3 7385 0.00999999978 0.5 p6 22303 10
257 3600963 m2 75004 0 0.5 p6 22333 10
12 3611244 m3 7013 0.00999999978 0.5 p6 22355 10
144 3663147 m1 39214 0 0.5 p6 22469 10
241 3669620 m1 63746 0 0.5 p6 22483 10
278 3687875 m8 85805 0 0.5 p6 22523 10
98 3758420 m1 22628 0 0.5 p6 22677 10
62 3779880 m3 10666 0.00999999978 0.5 p6 22724 10
226 3781162 m1 55395 0 0.5 p6 22727 10
61 3871629 m3 10623 0.00999999978 0.5 p6 22925 10
171 3876417 m6 50064 0.00999999978 0.5 p6 22935 10
26 3895123 m3 8389 0.00999999978 0.5 p6 22976 10
25 3938245 m3 8304 0.00999999978 0.5 p6 23070 10
237 3947381 m1 61878 0 0.5 p6 23090 10
292 3964304 m1 92128 0 0.5 p6 23127 10
181 3967511 m6 50897 0.00999999978 0.5 p6 23134 10
169 4003254 m6 49689 0.00999999978 0.5 p6 23212 10
261 4051811 m7 76898 0 0.5 p6 23319 10
50 4061527 m3 9561 0.00999999978 0.5 p6 23341 10
170 4080578 m6 49969 0.00999999978 0.5 p6 23383 10
239 4099068 m1 62933 0 0.5 p6 23423 10
58 4138728 m2 10354 0 0.5 p6 23510 10
159 4142937 m1 47239 0 0.5 p6 23519 10
49 4164442 m3 9527 0.00999999978 0.5 p6 23566 10
64 4258001 m3 10860 0.00999999978 0.5 p6 23772 10
10 4263975 m1 5622 0 0.5 p6 23785 10
156 4287072 m1 45941 0 0.5 p6 23835 10
283 4310585 m8 87115 0 0.5 p6 23887 10
298 4319808 m1 95902 0 0.5 p6 23907 10
134 4393277 m5 36888 0 0.5 p6 24068 10
102 4407479 m1 24265 0 0.5 p6 24099 10
201 4421633 m6 52527 0.00999999978 0.5 p6 24130 10
30 4422618 m3 8479 0.00999999978 0.5 p6 24132 10
116 4439051 m1 29926 0 0.5 p6 24168 10
194 4483966 m6 52044 0.00999999978 0.5 p6 24267 10
310 4533760 m1 20426 0 0.5 p6 24377 3
339 4533865 m1 2652 0 0.5 p6 24377 1
347 4544236 m1 2802 0 0.5 p6 24400 1
362 4547284 m1 84179 0 0.5 p6 24407 1
247 4560776 m1 68308 0 0.5 p6 24437 1
74 4563982 m1 11862 0 0.5 p6 24444 1
361 4571179 m1 80370 0 0.5 p6 24460 1
356 4584902 m5 36851 0 0.5 p6 24490 1
315 4589969 m6 52503 0.00999999978 0.5 p6 24501 2
368 4593625 m1 91971 0 0.5 p6 24509 1
369 4594894 m1 98537 0 0.5 p6 24512 1
338 4600337 m1 98189 0 0.5 p6 24524 1
333 4600338 m6 50710 0.00999999978 0.5 p6 24524 1
374 4601865 m7 74124 0 0.5 p6 24527 1
345 4606615 m1 94144 0 0.5 p6 24538 1
343 4607248 m1 89877 0 0.5 p6 24539 1
358 4615341 m1 41739 0 0.5 p6 24557 1
349 4615861 m6 49558 0.00999999978 0.5 p6 24558 1
342 4617230 m2 36028 0 0.5 p6 24561 1
316 4620297 m1 55660 0 0.5 p6 24568 2
331 4622259 m1 44157 0 0.5 p6 24572 1
340 4631900 m1 4183 0 0.5 p6 24593 1
359 4635461 m1 55702 0 0.5 p6 24601 1
370 4639567 m1 45049 0 0.5 p6 24610 1
344 4646095 m1 91216 0 0.5 p6 24624 1
314 4646508 m1 41021 0 0.5 p6 24625 1
335 4647298 m1 57731 0 0.5 p6 24627 1
332 4647759 m1 48773 0 0.5 p6 24628 1
372 4653273 m1 66057 0 0.5 p6 24640 1
309 4662795 m1 12357 0 0.5 p6 24661 1
312 4665586 m1 23287 0 0.5 p6 24667 1
366 4667519 m1 37429 0 0.5 p6 24671 1
337 4675227 m7 73401 0 0.5 p6 24688 1
318 4688716 m1 68547 0 0.5 p6 24718 1
323 4693948 m1 31661 0 0.5 p6 24729 1
308 4693983 m3 8601 0.00999999978 0.5 p6 24729 1
317 4696075 m1 62571 0 0.5 p6 24734 1
320 4698034 m1 3399 0 0.5 p6 24738 1
313 4700709 m1 34805 0 0.5 p6 24744 1
365 4701293 m5 36048 0 0.5 p6 24745 1
322 4701337 m1 31380 0 0.5 p6 24745 1
330 4706775 m1 39651 0 0.5 p6 24757 1
326 4710274 m7 74467 0 0.5 p6 24765 1
328 4711837 m3 11385 0.00999999978 0.5 p6 24768 1
357 4716025 m1 40365 0 0.5 p6 24777 1
360 4716387 m1 70342 0 0.5 p6 24778 1
324 4716869 m6 51410 0.00999999978 0.5 p6 24779 1
321 4720418 m2 16830 0 0.5 p6 24787 1
371 4733884 m1 63595 0 0.5 p6 24817 1
348 4736759 m2 36192 0 0.5 p6 24824 1
351 4738245 m1 66968 0 0.5 p6 24827 1
375 4738650 m1 83755 0 0.5 p6 24828 1
352 4739106 m2 73904 0 0.5 p6 24829 1
350 4741132 m1 96062 0 0.5 p6 24834 1
373 4745619 m1 69443 0 0.5 p6 24844 1
311 4747083 m1 21951 0 0.5 p6 24847 1
341 4747358 m1 29324 0 0.5 p6 24848 1
367 4748710 m1 66106 0 0.5 p6 24851 1
79 4751972 m1 13816 0 0.5 p6 24859 1
364 4752052 m1 1645 0 0.5 p6 24859 1
334 4752829 m1 53782 0 0.5 p6 24861 1
336 4761650 m1 65957 0 0.5 p6 24881 1
230 4764740 m1 58451 0 0.5 p6 24888 1
325 4783939 m1 55720 0 0.5 p6 24932 1
355 4785196 m1 29218 0 0.5 p6 24935 1
353 4785663 m1 3110 0 0.5 p6 24936 1
329 4793784 m1 37850 0 0.5 p6 24955 1
363 4800236 m1 92824 0 0.5 p6 24970 1
319 4800311 m2 74323 0 0.5 p6 24970 1
346 4803860 m1 99988 0 0.5 p6 24978 1
354 4807328 m2 10589 0 0.5 p6 24986 1
305 4809929 m1 98946 0 0.5 p6 24992 1
327 4811328 m2 75688 0 0.5 p6 24995 1
Genomes:
p6:0 A 0 1 2 3 4 5 6 7 8 9 10 11 12 13 14 15 16 17 18 19 20 21 22 23 24 25 26 27 28 29 30 31 32 33 34 35 36 37 38 39 40 41 42 43 44 45 46 47 48 49 50 51 52 53 54 55 56 57 58 59 60 61 62 63 64 65 66 67 68 69 70 71 72 73 74 75 76 77 78 79 80 81 82 83 84 85 86 87 88 89 90 91 92 93 94 95 96 97 98 99 100 101 102 103 104 105 106 107 108 109 110 111 112 113 114 115 116 117 118 119 120 121 122 123 124 125 126 127 128 129 130 131 132 133 134 135 136 137 138 139 140 141 142 143 144 145 146 147 148 149 150 151 152 153 154 155 156 157 158 159 160 161 162 163 164 165 166 167 168 169 170 171 172 173 174 175 176 177 178 179 180 181 182 183 184 185 186 187 188 189 190 191 192 193 194 195 196 197 198 199 200 201 202 203 204 205 206 207 208 209 210 211 212 213 214 215 216 217 218 219 220 221 222 223 224 225 226 227 228 229 230 231 232 233 234 235 236 237 238 239 240 241 242 243 244 245 246 247 248 249 250 251 252 253 254 255 256 257 258 259 260 261 262 263 264 265 266 267 268 269 270 271 272 273 274 275 276 277 278 279 280 281 282 283 284 285 286 287 288 289 290 291 292 293 294 295 296 297 298 299 300 301 302 303 304 305 306 307
p6:1 A 0 1 2 3 4 5 6 7 8 9 10 11 12 13 14 15 16 17 18 19 20 21 22 23 24 25 26 27 28 29 30 308 31 32 33 34 35 36 37 38 39 40 41 42 43 44 45 46 47 48 49 50 51 52 53 54 55 56 57 58 59 60 61 62 63 64 65 66 67 68 69 70 71 72 73 75 76 77 309 78 80 81 82 83 84 85 86 87 88 89 90 91 310 92 93 94 95 311 96 97 98 312 99 100 101 102 103 104 105 106 107 108 109 110 111 112 113 114 115 116 117 118 119 120 121 122 123 124 125 126 127 128 129 130 313 131 132 133 134 135 136 137 138 139 140 141 142 143 144 145 146 147 148 314 149 150 151 152 153 154 155 156 157 158 159 160 161 162 163 164 165 166 167 168 169 170 171 172 173 174 175 176 177 178 179 180 181 182 183 184 185 186 187 188 189 190 191 192 193 194 195 196 197 198 199 200 315 201 202 203 204 205 206 207 208 209 210 211 212 213 214 215 216 217 218 219 220 221 222 223 224 225 226 316 227 228 229 231 232 233 234 235 236 237 238 317 239 240 241 242 243 244 245 246 248 318 249 250 251 252 253 254 255 319 256 257 258 259 260 261 262 263 264 265 266 267 268 269 270 271 272 273 274 275 276 277 278 279 280 281 282 283 284 285 286 287 288 289 290 291 292 293 294 295 296 297 298 299 300 301 302 303 304 306 307
p6:2 A 0 1 2 3 4 320 5 6 7 8 9 10 11 12 13 14 15 16 17 18 19 20 21 22 23 24 25 26 27 28 29 30 31 32 33 34 35 36 37 38 39 40 41 42 43 44 45 46 47 48 49 50 51 52 53 54 55 56 57 58 59 60 61 62 63 64 65 66 67 68 69 70 71 72 73 75 76 77 78 80 81 82 321 83 84 85 86 87 88 89 90 91 310 92 93 94 95 96 97 98 99 100 101 102 103 104 105 106 107 108 109 110 111 112 113 114 115 116 117 118 119 120 121 122 123 322 323 124 125 126 127 128 129 130 131 132 133 134 135 136 137 138 139 140 141 142 143 144 145 146 147 148 149 150 151 152 153 154 155 156 157 158 159 160 161 162 163 164 165 166 167 168 169 170 171 172 173 174 175 176 177 178 179 180 181 182 183 184 185 186 324 187 188 189 190 191 192 193 194 195 196 197 198 199 200 315 201 202 203 204 205 206 207 208 209 210 211 212 213 214 215 216 217 218 219 220 221 222 223 224 225 226 316 325 227 228 229 231 232 233 234 235 236 237 238 239 240 241 242 243 244 245 246 248 249 250 251 252 253 254 255 326 256 257 258 327 259 260 261 262 263 264 265 266 267 268 269 270 271 272 273 274 275 276 277 278 279 280 281 282 283 284 285 286 287 288 289 290 291 292 293 294 295 296 297 298 299 300 301 302 303 304 306 307
p6:3 A 0 1 2 3 4 5 6 7 8 9 10 11 12 13 14 15 16 17 18 19 20 21 22 23 24 25 26 27 28 29 30 31 32 33 34 35 36 37 38 39 40 41 42 43 44 45 46 47 48 49 50 51 52 53 54 55 56 57 58 59 60 61 62 63 64 65 66 67 68 328 69 70 71 72 73 75 76 77 78 80 81 82 83 84 85 86 87 88 89 90 91 92 93 94 95 96 97 98 99 100 101 102 103 104 105 106 107 108 109 110 111 112 113 114 115 116 117 118 119 120 121 122 123 124 125 126 127 128 129 130 131 132 133 134 135 136 137 138 329 139 140 141 142 143 144 145 330 146 147 148 149 150 151 331 152 153 154 155 156 157 158 159 160 161 162 332 163 164 165 166 167 168 169 170 171 172 173 174 175 176 177 333 178 179 180 181 182 183 184 185 186 187 188 189 190 191 192 193 194 195 196 197 198 199 200 201 202 203 204 205 206 207 208 209 210 211 212 213 214 215 216 217 218 219 220 221 334 222 223 224 225 226 227 335 228 229 231 232 233 234 235 236 237 238 239 240 241 242 336 243 244 245 246 248 249 250 251 252 253 254 255 337 256 257 258 259 260 261 262 263 264 265 266 267 268 269 270 271 272 273 274 275 276 277 278 279 280 281 282 283 284 285 286 287 288 289 290 291 292 293 294 295 296 297 298 299 300 301 338 302 303 304 306 307
p6:4 A 0 1 2 3 339 4 5 340 6 7 8 9 10 11 12 13 14 15 16 17 18 19 20 21 22 23 24 25 26 27 28 29 30 31 32 33 34 35 36 37 38 39 40 41 42 43 44 45 46 47 48 49 50 51 52 53 54 55 56 57 58 59 60 61 62 63 64 65 66 67 68 69 70 71 72 73 75 76 77 78 80 81 82 83 84 85 86 87 88 89 90 91 92 93 94 95 96 97 98 99 100 101 102 103 104 105 106 107 108 109 110 111 112 113 114 115 341 116 117 118 119 120 121 122 123 124 125 126 127 128 129 130 131 132 342 133 134 135 136 137 138 139 140 141 142 143 144 145 146 147 148 149 150 151 152 153 154 155 156 157 158 159 160 161 162 163 164 165 166 167 168 169 170 171 172 173 174 175 176 177 178 179 180 181 182 183 184 185 186 187 188 189 190 191 192 193 194 195 196 197 198 199 200 201 202 203 204 205 206 207 208 209 210 211 212 213 214 215 216 217 218 219 220 221 222 223 224 225 226 227 228 229 231 232 233 234 235 236 237 238 239 240 241 242 243 244 245 246 248 249 250 251 252 253 254 255 256 257 258 259 260 261 262 263 264 265 266 267 268 269 270 271 272 273 274 275 276 277 278 279 280 281 282 283 284 285 286 287 288 343 289 290 344 291 292 293 294 295 345 296 297 298 299 300 301 302 303 304 306 307 346
p6:5 A 0 1 2 3 4 347 5 6 7 8 9 10 11 12 13 14 15 16 17 18 19 20 21 22 23 24 25 26 27 28 29 30 31 32 33 34 35 36 37 38 39 40 41 42 43 44 45 46 47 48 49 50 51 52 53 54 55 56 57 58 59 60 61 62 63 64 65 66 67 68 69 70 71 72 73 75 76 77 78 80 81 82 83 84 85 86 87 88 89 90 91 92 93 94 95 96 97 98 99 100 101 102 103 104 105 106 107 108 109 110 111 112 113 114 115 116 117 118 119 120 121 122 123 124 125 126 127 128 129 130 131 132 348 133 134 135 136 137 138 139 140 141 142 143 144 145 146 147 148 149 150 151 152 153 154 155 156 157 158 159 160 161 162 163 164 165 166 167 349 168 169 170 171 172 173 174 175 176 177 178 179 180 181 182 183 184 185 186 187 188 189 190 191 192 193 194 195 196 197 198 199 200 201 202 203 204 205 206 207 208 209 210 211 212 213 214 215 216 217 218 219 220 221 222 223 224 225 226 227 228 229 231 232 233 234 235 236 237 238 239 240 241 242 243 244 245 246 248 249 250 251 252 253 254 255 256 257 258 259 260 261 262 263 264 265 266 267 268 269 270 271 272 273 274 275 276 277 278 279 280 281 282 283 284 285 286 287 288 289 290 291 292 293 294 295 296 297 298 350 299 300 301 302 303 304 306 307
p6:6 A 0 1 2 3 4 5 6 7 8 9 10 11 12 13 14 15 16 17 18 19 20 21 22 23 24 25 26 27 28 29 30 31 32 33 34 35 36 37 38 39 40 41 42 43 44 45 46 47 48 49 50 51 52 53 54 55 56 57 58 59 60 61 62 63 64 65 66 67 68 69 70 71 72 73 75 76 77 78 80 81 82 83 84 85 86 87 88 89 90 91 92 93 94 95 96 97 98 99 100 101 102 103 104 105 106 107 108 109 110 111 112 113 114 115 116 117 118 119 120 121 122 123 124 125 126 127 128 129 130 131 132 133 134 135 136 137 138 139 140 141 142 143 144 145 146 147 148 149 150 151 152 153 154 155 156 157 158 159 160 161 162 163 164 165 166 167 168 169 170 171 172 173 174 175 176 177 178 179 180 181 182 183 184 185 186 187 188 189 190 191 192 193 194 195 196 197 198 199 200 201 202 203 204 205 206 207 208 209 210 211 212 213 214 215 216 217 218 219 220 221 222 223 224 225 226 227 228 229 231 232 233 234 235 236 237 238 239 240 241 242 243 244 351 245 246 248 249 250 251 252 253 254 255 352 256 257 258 259 260 261 262 263 264 265 266 267 268 269 270 271 272 273 274 275 276 277 278 279 280 281 282 283 284 285 286 287 288 289 290 291 292 293 294 295 296 297 298 299 300 301 302 303 304 306 307
p6:7 A 0 1 2 3 4 353 5 6 7 8 9 10 11 12 13 14 15 16 17 18 19 20 21 22 23 24 25 26 27 28 29 30 31 32 33 34 35 36 37 38 39 40 41 42 43 44 45 46 47 48 49 50 51 52 53 54 55 56 57 58 59 60 354 61 62 63 64 65 66 67 68 69 70 71 72 73 75 76 77 78 80 81 82 83 84 85 86 87 88 89 90 91 310 92 93 94 95 96 97 98 99 100 101 102 103 104 105 106 107 108 109 110 111 112 113 114 115 355 116 117 118 119 120 121 122 123 124 125 126 127 128 129 130 131 132 133 356 134 135 136 137 138 139 140 141 142 143 144 145 146 147 357 148 149 150 358 151 152 153 154 155 156 157 158 159 160 161 162 163 164 165 166 167 168 169 170 171 172 173 174 175 176 177 178 179 180 181 182 183 184 185 186 187 188 189 190 191 192 193 194 195 196 197 198 199 200 201 202 203 204 205 206 207 208 209 210 211 212 213 214 215 216 217 218 219 220 221 222 223 224 225 226 359 227 228 229 231 232 233 234 235 236 237 238 239 240 241 242 243 244 245 246 248 249 250 360 251 252 253 254 255 256 257 258 259 260 261 262 263 264 265 266 267 361 268 269 270 271 272 273 274 362 275 276 277 278 279 280 281 282 283 284 285 286 287 288 289 290 291 292 293 363 294 295 296 297 298 299 300 301 302 303 304 306 307
p6:8 A 0 1 2 364 3 4 5 6 7 8 9 10 11 12 13 14 15 16 17 18 19 20 21 22 23 24 25 26 27 28 29 30 31 32 33 34 35 36 37 38 39 40 41 42 43 44 45 46 47 48 49 50 51 52 53 54 55 56 57 58 59 60 61 62 63 64 65 66 67 68 69 70 71 72 73 75 76 77 78 80 81 82 83 84 85 86 87 88 89 90 91 92 93 94 95 96 97 98 99 100 101 102 103 104 105 106 107 108 109 110 111 112 113 114 115 116 117 118 119 120 121 122 123 124 125 126 127 128 129 130 131 132 365 133 134 135 136 137 366 138 139 140 141 142 143 144 145 146 147 148 149 150 151 152 153 154 155 156 157 158 159 160 161 162 163 164 165 166 167 168 169 170 171 172 173 174 175 176 177 178 179 180 181 182 183 184 185 186 187 188 189 190 191 192 193 194 195 196 197 198 199 200 201 202 203 204 205 206 207 208 209 210 211 212 213 214 215 216 217 218 219 220 221 222 223 224 225 226 227 228 229 231 232 233 234 235 236 237 238 239 240 241 242 367 243 244 245 246 248 249 250 251 252 253 254 255 256 257 258 259 260 261 262 263 264 265 266 267 268 269 270 271 272 273 274 275 276 277 278 279 280 281 282 283 284 285 286 287 288 289 290 291 368 292 293 294 295 296 297 298 299 300 301 302 303 304 369 306 307
p6:9 A 0 1 2 3 4 5 6 7 8 9 10 11 12 13 14 15 16 17 18 19 20 21 22 23 24 25 26 27 28 29 30 31 32 33 34 35 36 37 38 39 40 41 42 43 44 45 46 47 48 49 50 51 52 53 54 55 56 57 58 59 60 61 62 63 64 65 66 67 68 69 70 71 72 73 75 76 77 78 80 81 82 83 84 85 86 87 88 89 90 91 92 93 94 95 96 97 98 99 100 101 102 103 104 105 106 107 108 109 110 111 112 113 114 115 116 117 118 119 120 121 122 123 124 125 126 127 128 129 130 131 132 133 134 135 136 137 138 139 140 141 142 143 144 145 146 147 148 149 150 151 152 153 370 154 155 156 157 158 159 160 161 162 163 164 165 166 167 168 169 170 171 172 173 174 175 176 177 178 179 180 181 182 183 184 185 186 187 188 189 190 191 192 193 194 195 196 197 198 199 200 201 202 203 204 205 206 207 208 209 210 211 212 213 214 215 216 217 218 219 220 221 222 223 224 225 226 227 228 229 231 232 233 234 235 236 237 238 239 240 371 241 242 372 243 244 245 246 248 249 250 373 251 252 253 254 255 374 256 257 258 259 260 261 262 263 264 265 266 267 268 269 270 271 272 375 273 274 275 276 277 278 279 280 281 282 283 284 285 286 287 288 289 290 291 292 293 294 295 296 297 298 299 300 301 302 303 304 306 307
