#OUT: 25000 SS p10 10 /Users/josephzou/Desktop/Sample_data/IntHum-p10-Sample.txt
Mutations:
90 61219 m1 24399 0 0.5 p1 3057 10
205 63480 m1 61025 0 0.5 p1 3173 10
288 65640 m1 96105 0 0.5 p1 3280 10
241 66645 m1 78780 0 0.5 p1 3316 10
188 68177 m6 53396 0.00999999978 0.5 p1 3359 10
230 69609 m7 72903 0 0.5 p1 3399 10
23 69859 m3 7516 0.00999999978 0.5 p1 3406 10
232 71055 m7 73474 0 0.5 p1 3438 10
66 75571 m1 12496 0 0.5 p1 3561 10
159 78139 m6 50962 0.00999999978 0.5 p1 3630 10
209 78780 m1 62692 0 0.5 p1 3647 10
58 80220 m3 10813 0.00999999978 0.5 p1 3688 10
10 84336 m1 5209 0 0.5 p1 3799 10
93 86988 m1 25398 0 0.5 p1 3873 10
199 87612 m1 59159 0 0.5 p1 3890 10
130 92452 m1 42830 0 0.5 p1 4023 10
48 97292 m3 9882 0.00999999978 0.5 p1 4157 10
49 100651 m3 10014 0.00999999978 0.5 p1 4250 10
106 101041 m1 28798 0 0.5 p1 4261 10
140 105467 m6 49215 0.00999999978 0.5 p1 4383 10
204 105468 m1 60998 0 0.5 p1 4383 10
242 112189 m1 78936 0 0.5 p1 4566 10
53 113368 m3 10490 0.00999999978 0.5 p1 4598 10
20 113494 m3 7447 0.00999999978 0.5 p1 4601 10
273 114345 m1 90774 0 0.5 p1 4625 10
95 125780 m1 26043 0 0.5 p1 4935 10
297 129316 m1 98077 0 0.5 p5 5017 10
148 132436 m6 49894 0.00999999978 0.5 p5 5068 10
200 135106 m1 59538 0 0.5 p5 5111 10
44 140114 m3 9620 0.00999999978 0.5 p5 5193 10
236 140668 m7 75123 0 0.5 p5 5202 10
234 144747 m2 74464 0 0.5 p5 5267 10
170 145678 m6 51904 0.00999999978 0.5 p5 5282 10
97 160738 m1 26232 0 0.5 p5 5523 10
223 162348 m1 69707 0 0.5 p5 5549 10
187 162915 m6 53341 0.00999999978 0.5 p5 5559 10
87 172667 m1 23572 0 0.5 p5 5715 10
9 173732 m1 4780 0 0.5 p5 5732 10
266 183785 m1 88781 0 0.5 p5 5894 10
111 184271 m1 30602 0 0.5 p5 5902 10
219 191462 m1 67022 0 0.5 p5 6019 10
138 197327 m1 46308 0 0.5 p5 6114 10
31 199335 m3 8001 0.00999999978 0.5 p5 6147 10
76 201464 m1 20223 0 0.5 p5 6182 10
253 204232 m1 83418 0 0.5 p5 6226 10
255 224239 m2 84547 0 0.5 p5 6549 10
83 224393 m1 22120 0 0.5 p5 6552 10
221 229372 m1 68947 0 0.5 p5 6626 10
167 231785 m6 51561 0.00999999978 0.5 p5 6656 10
89 234374 m1 24267 0 0.5 p5 6690 10
283 234523 m1 94078 0 0.5 p5 6692 10
295 238097 m1 97896 0 0.5 p5 6737 10
155 241921 m6 50576 0.00999999978 0.5 p5 6785 10
226 252000 m1 70710 0 0.5 p5 6914 10
39 256338 m3 9279 0.00999999978 0.5 p5 6970 10
217 258473 m1 66094 0 0.5 p5 6997 10
181 264736 m6 52887 0.00999999978 0.5 p5 7076 10
26 268912 m3 7606 0.00999999978 0.5 p5 7129 10
68 273017 m1 14103 0 0.5 p5 7182 10
203 279405 m1 60207 0 0.5 p5 7264 10
105 282450 m1 28689 0 0.5 p5 7303 10
24 289846 m3 7558 0.00999999978 0.5 p5 7399 10
38 307547 m3 9182 0.00999999978 0.5 p5 7624 10
128 317209 m1 41128 0 0.5 p5 7747 10
298 320830 m1 98354 0 0.5 p5 7792 10
149 332117 m6 49955 0.00999999978 0.5 p5 7935 10
287 332484 m1 95873 0 0.5 p5 7940 10
30 338476 m3 7955 0.00999999978 0.5 p5 8018 10
32 343568 m2 8305 0 0.5 p5 8085 10
94 344584 m1 25544 0 0.5 p5 8098 10
40 359640 m3 9369 0.00999999978 0.5 p5 8291 10
238 361369 m2 76226 0 0.5 p10 8309 10
151 369524 m6 49987 0.00999999978 0.5 p10 8378 10
211 371915 m1 64123 0 0.5 p10 8399 10
248 372700 m1 80743 0 0.5 p10 8406 10
240 386366 m1 77686 0 0.5 p10 8521 10
179 394925 m6 52743 0.00999999978 0.5 p10 8592 10
176 398523 m6 52336 0.00999999978 0.5 p10 8623 10
123 400301 m1 39192 0 0.5 p10 8639 10
15 412652 m1 6945 0 0.5 p10 8745 10
132 437325 m1 43129 0 0.5 p10 8955 10
278 455789 m1 92617 0 0.5 p10 9112 10
218 459258 m1 66797 0 0.5 p10 9141 10
276 461121 m1 92008 0 0.5 p10 9157 10
63 462275 m3 11477 0.00999999978 0.5 p10 9167 10
25 472217 m3 7605 0.00999999978 0.5 p10 9250 10
174 508394 m6 52170 0.00999999978 0.5 p10 9556 10
286 515594 m1 95678 0 0.5 p10 9616 10
147 523296 m6 49887 0.00999999978 0.5 p10 9681 10
82 526869 m1 21700 0 0.5 p10 9711 10
213 529112 m1 65498 0 0.5 p10 9730 10
56 546958 m3 10743 0.00999999978 0.5 p10 9881 10
17 547382 m3 7013 0.00999999978 0.5 p10 9885 10
0 549256 m1 317 0 0.5 p10 9901 10
6 563404 m1 2704 0 0.5 p10 10017 10
267 602723 m1 89375 0 0.5 p10 10303 10
54 616945 m3 10533 0.00999999978 0.5 p10 10407 10
196 625911 m1 56712 0 0.5 p10 10470 10
243 626224 m1 79063 0 0.5 p10 10472 10
150 627873 m6 49968 0.00999999978 0.5 p10 10484 10
125 639779 m1 39546 0 0.5 p10 10570 10
124 642627 m1 39396 0 0.5 p10 10590 10
18 642628 m3 7033 0.00999999978 0.5 p10 10590 10
158 653926 m6 50895 0.00999999978 0.5 p10 10671 10
185 671411 m6 53176 0.00999999978 0.5 p10 10798 10
189 692753 m2 53417 0 0.5 p10 10954 10
139 705501 m1 47080 0 0.5 p10 11047 10
225 731828 m1 70573 0 0.5 p10 11235 10
193 734549 m1 55798 0 0.5 p10 11255 10
166 742689 m6 51353 0.00999999978 0.5 p10 11314 10
59 747156 m3 10898 0.00999999978 0.5 p10 11346 10
227 749699 m1 71031 0 0.5 p10 11365 10
246 757482 m1 79972 0 0.5 p10 11422 10
116 760890 m1 34807 0 0.5 p10 11447 10
258 762496 m2 85249 0 0.5 p10 11458 10
274 797553 m1 91318 0 0.5 p10 11714 10
16 797683 m3 7010 0.00999999978 0.5 p10 11715 10
259 809486 m2 85734 0 0.5 p10 11802 10
141 844368 m6 49291 0.00999999978 0.5 p10 12055 10
127 848233 m1 40321 0 0.5 p10 12083 10
271 857490 m1 90374 0 0.5 p10 12150 10
69 874147 m2 14734 0 0.5 p10 12272 10
115 877465 m1 34241 0 0.5 p10 12296 10
284 880462 m1 94167 0 0.5 p10 12318 10
65 881318 m3 11514 0.00999999978 0.5 p10 12324 10
194 886565 m1 56365 0 0.5 p10 12362 10
173 894902 m6 52151 0.00999999978 0.5 p10 12422 10
77 895174 m1 20366 0 0.5 p10 12424 10
190 897813 m1 54580 0 0.5 p10 12443 10
208 898851 m1 62540 0 0.5 p10 12451 10
45 933417 m3 9647 0.00999999978 0.5 p10 12699 10
244 934526 m1 79529 0 0.5 p10 12707 10
88 935496 m1 23917 0 0.5 p10 12714 10
81 947274 m1 21354 0 0.5 p10 12800 10
171 962088 m6 51905 0.00999999978 0.5 p10 12905 10
228 963441 m1 71154 0 0.5 p10 12915 10
165 968788 m6 51350 0.00999999978 0.5 p10 12953 10
294 988056 m1 97857 0 0.5 p10 13094 10
237 1019962 m7 75656 0 0.5 p10 13324 10
180 1020245 m6 52885 0.00999999978 0.5 p10 13326 10
152 1026341 m6 50012 0.00999999978 0.5 p10 13371 10
144 1028421 m6 49532 0.00999999978 0.5 p10 13386 10
292 1030492 m1 96911 0 0.5 p10 13401 10
207 1031976 m1 62483 0 0.5 p10 13412 10
198 1034908 m1 58533 0 0.5 p10 13433 10
99 1043312 m1 26509 0 0.5 p10 13494 10
233 1046643 m7 74292 0 0.5 p10 13518 10
164 1047397 m6 51277 0.00999999978 0.5 p10 13523 10
102 1051462 m1 27575 0 0.5 p10 13553 10
52 1053025 m3 10410 0.00999999978 0.5 p10 13564 10
14 1058291 m1 6893 0 0.5 p10 13603 10
220 1069473 m1 67464 0 0.5 p10 13685 10
22 1086950 m3 7513 0.00999999978 0.5 p10 13812 10
251 1097018 m1 82553 0 0.5 p10 13886 10
265 1108250 m1 88585 0 0.5 p10 13968 10
169 1120999 m6 51739 0.00999999978 0.5 p10 14061 10
270 1138882 m1 89855 0 0.5 p10 14189 10
289 1141301 m1 96736 0 0.5 p10 14206 10
195 1143712 m1 56541 0 0.5 p10 14224 10
72 1151851 m1 17859 0 0.5 p10 14282 10
61 1159650 m3 11162 0.00999999978 0.5 p10 14338 10
113 1166148 m1 32832 0 0.5 p10 14385 10
11 1167826 m1 5488 0 0.5 p10 14397 10
21 1193622 m3 7458 0.00999999978 0.5 p10 14586 10
73 1198809 m1 17892 0 0.5 p10 14624 10
47 1208639 m3 9698 0.00999999978 0.5 p10 14696 10
153 1233297 m6 50524 0.00999999978 0.5 p10 14875 10
160 1247485 m6 50978 0.00999999978 0.5 p10 14977 10
277 1281361 m1 92188 0 0.5 p10 15124 10
71 1289081 m1 17843 0 0.5 p10 15155 10
42 1295283 m3 9428 0.00999999978 0.5 p10 15180 10
215 1299233 m1 65856 0 0.5 p10 15196 10
129 1300895 m1 41281 0 0.5 p10 15203 10
100 1328523 m1 26776 0 0.5 p10 15315 10
231 1351164 m7 72942 0 0.5 p10 15407 10
261 1353157 m2 86627 0 0.5 p10 15415 10
75 1381522 m1 20177 0 0.5 p10 15530 10
5 1382541 m1 2635 0 0.5 p10 15534 10
257 1413040 m8 85192 0 0.5 p10 15653 10
202 1415342 m1 60196 0 0.5 p10 15662 10
142 1428504 m6 49350 0.00999999978 0.5 p10 15714 10
50 1447252 m3 10181 0.00999999978 0.5 p10 15788 10
126 1452123 m1 40135 0 0.5 p10 15807 10
222 1455251 m1 69415 0 0.5 p10 15819 10
201 1539804 m1 59757 0 0.5 p10 16145 10
186 1542060 m6 53288 0.00999999978 0.5 p10 16154 10
122 1548815 m1 38361 0 0.5 p10 16180 10
114 1554331 m1 33014 0 0.5 p10 16201 10
108 1560815 m1 29409 0 0.5 p10 16226 10
262 1590785 m2 86920 0 0.5 p10 16342 10
184 1611251 m6 53059 0.00999999978 0.5 p10 16420 10
117 1624627 m1 34930 0 0.5 p10 16472 10
27 1681572 m2 7629 0 0.5 p10 16692 10
135 1696265 m1 45585 0 0.5 p10 16748 10
254 1696526 m8 84519 0 0.5 p10 16749 10
168 1710548 m6 51667 0.00999999978 0.5 p10 16803 10
29 1714643 m3 7841 0.00999999978 0.5 p10 16819 10
210 1749200 m1 63658 0 0.5 p10 16952 10
161 1753338 m6 51083 0.00999999978 0.5 p10 16968 10
250 1781925 m1 81784 0 0.5 p10 17077 10
1 1828103 m1 1170 0 0.5 p10 17254 10
34 1853800 m3 8553 0.00999999978 0.5 p10 17353 10
4 1869410 m1 2608 0 0.5 p10 17413 10
206 1882083 m1 62228 0 0.5 p10 17462 10
291 1884947 m1 96896 0 0.5 p10 17473 10
103 1889335 m1 27950 0 0.5 p10 17490 10
296 1914190 m1 98052 0 0.5 p10 17585 10
175 1945903 m6 52170 0.00999999978 0.5 p10 17708 10
80 1966474 m1 21034 0 0.5 p10 17787 10
290 1979368 m1 96808 0 0.5 p10 17837 10
7 2017539 m1 3544 0 0.5 p10 17984 10
214 2035991 m1 65808 0 0.5 p10 18055 10
85 2049488 m1 22563 0 0.5 p10 18107 10
172 2100957 m6 52044 0.00999999978 0.5 p10 18304 10
197 2103020 m1 58217 0 0.5 p10 18312 10
67 2133943 m1 13932 0 0.5 p10 18430 10
224 2155319 m1 70507 0 0.5 p10 18512 10
249 2162277 m1 81279 0 0.5 p10 18539 10
252 2164134 m1 83122 0 0.5 p10 18546 10
43 2165158 m3 9456 0.00999999978 0.5 p10 18550 10
46 2169300 m3 9695 0.00999999978 0.5 p10 18566 10
19 2179845 m3 7334 0.00999999978 0.5 p10 18607 10
264 2183491 m1 87514 0 0.5 p10 18621 10
282 2200236 m1 93510 0 0.5 p10 18686 10
101 2203968 m1 26941 0 0.5 p10 18700 10
70 2210011 m2 15028 0 0.5 p10 18723 10
212 2254470 m1 65326 0 0.5 p10 18894 10
177 2293261 m6 52553 0.00999999978 0.5 p10 19043 10
35 2305156 m3 8632 0.00999999978 0.5 p10 19088 10
272 2345012 m1 90613 0 0.5 p10 19241 10
110 2375150 m1 30231 0 0.5 p10 19357 10
28 2386759 m3 7730 0.00999999978 0.5 p10 19401 10
78 2420364 m1 20723 0 0.5 p10 19530 10
74 2464959 m1 19187 0 0.5 p10 19701 10
107 2484073 m1 29208 0 0.5 p10 19775 10
260 2531798 m8 86251 0 0.5 p10 19958 10
216 2544224 m1 65935 0 0.5 p10 20003 10
118 2550182 m2 36110 0 0.5 p10 20016 10
146 2587422 m6 49886 0.00999999978 0.5 p10 20098 10
119 2614611 m5 36308 0 0.5 p10 20158 10
104 2615539 m1 28116 0 0.5 p10 20160 10
136 2669594 m1 46105 0 0.5 p10 20278 10
62 2740397 m3 11294 0.00999999978 0.5 p10 20433 10
235 2748664 m7 74808 0 0.5 p10 20451 10
133 2762934 m1 44497 0 0.5 p10 20482 10
120 2786917 m1 37803 0 0.5 p10 20535 10
178 2903862 m6 52688 0.00999999978 0.5 p10 20791 10
154 2910198 m6 50570 0.00999999978 0.5 p10 20805 10
145 3007570 m6 49801 0.00999999978 0.5 p10 21018 10
239 3008959 m7 76346 0 0.5 p10 21021 10
36 3065918 m3 8896 0.00999999978 0.5 p10 21146 10
268 3071885 m1 89474 0 0.5 p10 21159 10
279 3094593 m1 92851 0 0.5 p10 21209 10
64 3109703 m3 11489 0.00999999978 0.5 p10 21242 10
37 3293446 m3 8917 0.00999999978 0.5 p10 21645 10
191 3334880 m1 54847 0 0.5 p10 21735 10
121 3339555 m1 38324 0 0.5 p10 21745 10
13 3387317 m1 6732 0 0.5 p10 21850 10
256 3395119 m8 85035 0 0.5 p10 21867 10
182 3417704 m6 52940 0.00999999978 0.5 p10 21916 10
131 3425133 m1 42986 0 0.5 p10 21932 10
98 3471480 m1 26406 0 0.5 p10 22034 10
245 3472779 m1 79884 0 0.5 p10 22037 10
86 3513920 m1 23363 0 0.5 p10 22128 10
281 3521613 m1 93238 0 0.5 p10 22145 10
112 3568629 m1 32175 0 0.5 p10 22248 10
51 3575507 m3 10267 0.00999999978 0.5 p10 22263 10
162 3623498 m6 51163 0.00999999978 0.5 p10 22368 10
96 3637796 m1 26227 0 0.5 p10 22399 10
57 3658642 m3 10786 0.00999999978 0.5 p10 22445 10
229 3732955 m1 72187 0 0.5 p10 22608 10
91 3743874 m1 25216 0 0.5 p10 22632 10
163 3757053 m6 51257 0.00999999978 0.5 p10 22661 10
275 3798387 m1 91565 0 0.5 p10 22752 10
109 3852918 m1 29442 0 0.5 p10 22871 10
183 3867510 m6 52992 0.00999999978 0.5 p10 22903 10
92 3932938 m1 25345 0 0.5 p10 23047 10
8 3959246 m1 4399 0 0.5 p10 23105 10
84 3961484 m1 22502 0 0.5 p10 23110 10
55 3995013 m3 10673 0.00999999978 0.5 p10 23184 10
192 3996816 m1 55039 0 0.5 p10 23188 10
143 3998594 m6 49404 0.00999999978 0.5 p10 23192 10
134 4053849 m1 44876 0 0.5 p10 23313 10
12 4099701 m1 6579 0 0.5 p10 23414 10
33 4149311 m3 8350 0.00999999978 0.5 p10 23523 10
2 4155240 m1 2035 0 0.5 p10 23536 10
3 4181278 m1 2099 0 0.5 p10 23593 10
247 4243360 m1 80738 0 0.5 p10 23729 10
280 4279257 m1 93170 0 0.5 p10 23808 10
312 4340919 m1 67786 0 0.5 p10 23943 1
311 4378208 m1 59362 0 0.5 p10 24025 1
293 4413513 m1 97129 0 0.5 p10 24102 10
310 4448434 m6 53365 0.00999999978 0.5 p10 24179 1
156 4458901 m6 50700 0.00999999978 0.5 p10 24202 9
79 4480152 m1 20805 0 0.5 p10 24249 10
269 4491310 m1 89822 0 0.5 p10 24274 10
299 4498589 m1 98741 0 0.5 p10 24290 10
60 4538275 m3 11055 0.00999999978 0.5 p10 24377 10
307 4566094 m2 36918 0 0.5 p10 24438 1
285 4566563 m1 94747 0 0.5 p10 24439 10
157 4573894 m2 50848 0 0.5 p10 24455 9
315 4582996 m7 75208 0 0.5 p10 24475 1
41 4585683 m3 9394 0.00999999978 0.5 p10 24481 10
300 4619829 m1 5436 0 0.5 p10 24555 2
332 4620738 m1 55720 0 0.5 p10 24557 2
304 4630916 m1 3841 0 0.5 p10 24579 2
329 4633630 m2 15429 0 0.5 p10 24585 3
308 4634105 m1 40170 0 0.5 p10 24586 1
328 4656591 m3 9909 0.00999999978 0.5 p10 24635 3
331 4661047 m1 55341 0 0.5 p10 24645 1
305 4670043 m1 21230 0 0.5 p10 24665 1
316 4671385 m1 34243 0 0.5 p10 24668 2
263 4673813 m8 87141 0 0.5 p10 24673 2
326 4676526 m2 76767 0 0.5 p10 24679 1
327 4679289 m3 8947 0.00999999978 0.5 p10 24685 2
317 4684714 m1 38426 0 0.5 p10 24697 1
330 4686506 m1 24126 0 0.5 p10 24701 2
321 4686962 m1 34889 0 0.5 p10 24702 1
306 4688774 m1 34208 0 0.5 p10 24706 1
334 4690186 m1 95716 0 0.5 p10 24709 1
302 4691983 m1 33306 0 0.5 p10 24713 2
338 4704986 m1 63180 0 0.5 p10 24741 1
320 4716254 m1 4307 0 0.5 p10 24766 1
137 4730905 m1 46235 0 0.5 p10 24798 1
319 4731843 m7 74532 0 0.5 p10 24800 1
314 4733966 m1 68832 0 0.5 p10 24805 1
324 4736551 m1 67101 0 0.5 p10 24811 1
340 4748771 m1 78024 0 0.5 p10 24839 1
333 4749240 m1 58613 0 0.5 p10 24840 1
336 4750966 m1 24491 0 0.5 p10 24844 1
323 4755401 m1 59492 0 0.5 p10 24854 1
318 4761018 m1 46666 0 0.5 p10 24867 1
309 4762234 m1 49006 0 0.5 p10 24870 1
339 4769711 m1 40572 0 0.5 p10 24887 1
313 4772709 m1 68542 0 0.5 p10 24894 1
325 4779978 m2 74151 0 0.5 p10 24911 1
303 4781316 m1 72191 0 0.5 p10 24914 1
341 4783594 m2 84681 0 0.5 p10 24919 1
335 4784486 m1 5980 0 0.5 p10 24921 1
342 4798540 m1 23507 0 0.5 p10 24953 1
337 4812513 m1 25402 0 0.5 p10 24985 1
301 4815952 m1 33265 0 0.5 p10 24993 1
322 4816891 m1 46927 0 0.5 p10 24995 1
Genomes:
p10:0 A 0 1 2 3 4 5 6 7 8 9 10 11 12 13 14 15 16 17 18 19 20 21 22 23 24 25 26 27 28 29 30 31 32 33 34 35 36 37 38 39 40 41 42 43 44 45 46 47 48 49 50 51 52 53 54 55 56 57 58 59 60 61 62 63 64 65 66 67 68 69 70 71 72 73 74 75 76 77 78 79 80 81 82 83 84 85 86 87 88 89 90 91 92 93 94 95 96 97 98 99 100 101 102 103 104 105 106 107 108 109 110 111 112 113 114 115 116 117 118 119 120 121 122 123 124 125 126 127 128 129 130 131 132 133 134 135 136 137 138 139 140 141 142 143 144 145 146 147 148 149 150 151 152 153 154 155 156 157 158 159 160 161 162 163 164 165 166 167 168 169 170 171 172 173 174 175 176 177 178 179 180 181 182 183 184 185 186 187 188 189 190 191 192 193 194 195 196 197 198 199 200 201 202 203 204 205 206 207 208 209 210 211 212 213 214 215 216 217 218 219 220 221 222 223 224 225 226 227 228 229 230 231 232 233 234 235 236 237 238 239 240 241 242 243 244 245 246 247 248 249 250 251 252 253 254 255 256 257 258 259 260 261 262 263 264 265 266 267 268 269 270 271 272 273 274 275 276 277 278 279 280 281 282 283 284 285 286 287 288 289 290 291 292 293 294 295 296 297 298 299
p10:1 A 0 1 2 3 4 5 6 7 8 9 10 300 11 12 13 14 15 16 17 18 19 20 21 22 23 24 25 26 27 28 29 30 31 32 33 34 35 36 37 38 39 40 41 42 43 44 45 46 47 48 49 50 51 52 53 54 55 56 57 58 59 60 61 62 63 64 65 66 67 68 69 70 71 72 73 74 75 76 77 78 79 80 81 82 83 84 85 86 87 88 89 90 91 92 93 94 95 96 97 98 99 100 101 102 103 104 105 106 107 108 109 110 111 112 113 114 301 302 115 116 117 118 119 120 121 122 123 124 125 126 127 128 129 130 131 132 133 134 135 136 138 139 140 141 142 143 144 145 146 147 148 149 150 151 152 153 154 155 156 157 158 159 160 161 162 163 164 165 166 167 168 169 170 171 172 173 174 175 176 177 178 179 180 181 182 183 184 185 186 187 188 189 190 191 192 193 194 195 196 197 198 199 200 201 202 203 204 205 206 207 208 209 210 211 212 213 214 215 216 217 218 219 220 221 222 223 224 225 226 227 228 229 303 230 231 232 233 234 235 236 237 238 239 240 241 242 243 244 245 246 247 248 249 250 251 252 253 254 255 256 257 258 259 260 261 262 263 264 265 266 267 268 269 270 271 272 273 274 275 276 277 278 279 280 281 282 283 284 285 286 287 288 289 290 291 292 293 294 295 296 297 298 299
p10:2 A 0 1 2 3 4 5 6 7 304 8 9 10 11 12 13 14 15 16 17 18 19 20 21 22 23 24 25 26 27 28 29 30 31 32 33 34 35 36 37 38 39 40 41 42 43 44 45 46 47 48 49 50 51 52 53 54 55 56 57 58 59 60 61 62 63 64 65 66 67 68 69 70 71 72 73 74 75 76 77 78 79 80 305 81 82 83 84 85 86 87 88 89 90 91 92 93 94 95 96 97 98 99 100 101 102 103 104 105 106 107 108 109 110 111 112 113 114 306 115 116 117 118 119 307 120 121 122 123 124 125 126 308 127 128 129 130 131 132 133 134 135 136 138 139 309 140 141 142 143 144 145 146 147 148 149 150 151 152 153 154 155 158 159 160 161 162 163 164 165 166 167 168 169 170 171 172 173 174 175 176 177 178 179 180 181 182 183 184 185 186 187 310 188 189 190 191 192 193 194 195 196 197 198 199 311 200 201 202 203 204 205 206 207 208 209 210 211 212 213 214 215 216 217 218 219 220 312 313 314 221 222 223 224 225 226 227 228 229 230 231 232 233 234 235 236 315 237 238 239 240 241 242 243 244 245 246 247 248 249 250 251 252 253 254 255 256 257 258 259 260 261 262 264 265 266 267 268 269 270 271 272 273 274 275 276 277 278 279 280 281 282 283 284 285 286 287 288 289 290 291 292 293 294 295 296 297 298 299
p10:3 A 0 1 2 3 4 5 6 7 8 9 10 11 12 13 14 15 16 17 18 19 20 21 22 23 24 25 26 27 28 29 30 31 32 33 34 35 36 37 38 39 40 41 42 43 44 45 46 47 48 49 50 51 52 53 54 55 56 57 58 59 60 61 62 63 64 65 66 67 68 69 70 71 72 73 74 75 76 77 78 79 80 81 82 83 84 85 86 87 88 89 90 91 92 93 94 95 96 97 98 99 100 101 102 103 104 105 106 107 108 109 110 111 112 113 114 115 316 116 117 118 119 120 121 122 317 123 124 125 126 127 128 129 130 131 132 133 134 135 136 138 318 139 140 141 142 143 144 145 146 147 148 149 150 151 152 153 154 155 156 157 158 159 160 161 162 163 164 165 166 167 168 169 170 171 172 173 174 175 176 177 178 179 180 181 182 183 184 185 186 187 188 189 190 191 192 193 194 195 196 197 198 199 200 201 202 203 204 205 206 207 208 209 210 211 212 213 214 215 216 217 218 219 220 221 222 223 224 225 226 227 228 229 230 231 232 233 234 235 236 237 238 239 240 241 242 243 244 245 246 247 248 249 250 251 252 253 254 255 256 257 258 259 260 261 262 264 265 266 267 268 269 270 271 272 273 274 275 276 277 278 279 280 281 282 283 284 285 286 287 288 289 290 291 292 293 294 295 296 297 298 299
p10:4 A 0 1 2 3 4 5 6 7 8 9 10 300 11 12 13 14 15 16 17 18 19 20 21 22 23 24 25 26 27 28 29 30 31 32 33 34 35 36 37 38 39 40 41 42 43 44 45 46 47 48 49 50 51 52 53 54 55 56 57 58 59 60 61 62 63 64 65 66 67 68 69 70 71 72 73 74 75 76 77 78 79 80 81 82 83 84 85 86 87 88 89 90 91 92 93 94 95 96 97 98 99 100 101 102 103 104 105 106 107 108 109 110 111 112 113 114 302 115 116 117 118 119 120 121 122 123 124 125 126 127 128 129 130 131 132 133 134 135 136 138 139 140 141 142 143 144 145 146 147 148 149 150 151 152 153 154 155 156 157 158 159 160 161 162 163 164 165 166 167 168 169 170 171 172 173 174 175 176 177 178 179 180 181 182 183 184 185 186 187 188 189 190 191 192 193 194 195 196 197 198 199 200 201 202 203 204 205 206 207 208 209 210 211 212 213 214 215 216 217 218 219 220 221 222 223 224 225 226 227 228 229 230 231 232 233 234 319 235 236 237 238 239 240 241 242 243 244 245 246 247 248 249 250 251 252 253 254 255 256 257 258 259 260 261 262 264 265 266 267 268 269 270 271 272 273 274 275 276 277 278 279 280 281 282 283 284 285 286 287 288 289 290 291 292 293 294 295 296 297 298 299
p10:5 A 0 1 2 3 4 5 6 7 304 320 8 9 10 11 12 13 14 15 16 17 18 19 20 21 22 23 24 25 26 27 28 29 30 31 32 33 34 35 36 37 38 39 40 41 42 43 44 45 46 47 48 49 50 51 52 53 54 55 56 57 58 59 60 61 62 63 64 65 66 67 68 69 70 71 72 73 74 75 76 77 78 79 80 81 82 83 84 85 86 87 88 89 90 91 92 93 94 95 96 97 98 99 100 101 102 103 104 105 106 107 108 109 110 111 112 113 114 115 116 321 117 118 119 120 121 122 123 124 125 126 127 128 129 130 131 132 133 134 135 136 138 322 139 140 141 142 143 144 145 146 147 148 149 150 151 152 153 154 155 156 157 158 159 160 161 162 163 164 165 166 167 168 169 170 171 172 173 174 175 176 177 178 179 180 181 182 183 184 185 186 187 188 189 190 191 192 193 194 195 196 197 198 199 323 200 201 202 203 204 205 206 207 208 209 210 211 212 213 214 215 216 217 218 219 324 220 221 222 223 224 225 226 227 228 229 230 231 232 325 233 234 235 236 237 238 239 326 240 241 242 243 244 245 246 247 248 249 250 251 252 253 254 255 256 257 258 259 260 261 262 264 265 266 267 268 269 270 271 272 273 274 275 276 277 278 279 280 281 282 283 284 285 286 287 288 289 290 291 292 293 294 295 296 297 298 299
p10:6 A 0 1 2 3 4 5 6 7 8 9 10 11 12 13 14 15 16 17 18 19 20 21 22 23 24 25 26 27 28 29 30 31 32 33 34 35 36 37 327 38 39 40 41 42 43 44 45 46 47 48 328 49 50 51 52 53 54 55 56 57 58 59 60 61 62 63 64 65 66 67 68 69 70 329 71 72 73 74 75 76 77 78 79 80 81 82 83 84 85 86 87 88 330 89 90 91 92 93 94 95 96 97 98 99 100 101 102 103 104 105 106 107 108 109 110 111 112 113 114 115 116 117 118 119 120 121 122 123 124 125 126 127 128 129 130 131 132 133 134 135 136 138 139 140 141 142 143 144 145 146 147 148 149 150 151 152 153 154 155 156 157 158 159 160 161 162 163 164 165 166 167 168 169 170 171 172 173 174 175 176 177 178 179 180 181 182 183 184 185 186 187 188 189 190 191 192 331 332 193 194 195 196 197 198 333 199 200 201 202 203 204 205 206 207 208 209 210 211 212 213 214 215 216 217 218 219 220 221 222 223 224 225 226 227 228 229 230 231 232 233 234 235 236 237 238 239 240 241 242 243 244 245 246 247 248 249 250 251 252 253 254 255 256 257 258 259 260 261 262 264 265 266 267 268 269 270 271 272 273 274 275 276 277 278 279 280 281 282 283 284 285 286 334 287 288 289 290 291 292 293 294 295 296 297 298 299
p10:7 A 0 1 2 3 4 5 6 7 8 9 10 11 335 12 13 14 15 16 17 18 19 20 21 22 23 24 25 26 27 28 29 30 31 32 33 34 35 36 37 38 39 40 41 42 43 44 45 46 47 48 49 50 51 52 53 54 55 56 57 58 59 60 61 62 63 64 65 66 67 68 69 70 71 72 73 74 75 76 77 78 79 80 81 82 83 84 85 86 87 88 89 90 336 91 92 93 337 94 95 96 97 98 99 100 101 102 103 104 105 106 107 108 109 110 111 112 113 114 115 316 116 117 118 119 120 121 122 123 124 125 126 127 128 129 130 131 132 133 134 135 136 138 139 140 141 142 143 144 145 146 147 148 149 150 151 152 153 154 155 156 157 158 159 160 161 162 163 164 165 166 167 168 169 170 171 172 173 174 175 176 177 178 179 180 181 182 183 184 185 186 187 188 189 190 191 192 193 194 195 196 197 198 199 200 201 202 203 204 205 206 207 208 209 338 210 211 212 213 214 215 216 217 218 219 220 221 222 223 224 225 226 227 228 229 230 231 232 233 234 235 236 237 238 239 240 241 242 243 244 245 246 247 248 249 250 251 252 253 254 255 256 257 258 259 260 261 262 264 265 266 267 268 269 270 271 272 273 274 275 276 277 278 279 280 281 282 283 284 285 286 287 288 289 290 291 292 293 294 295 296 297 298 299
p10:8 A 0 1 2 3 4 5 6 7 8 9 10 11 12 13 14 15 16 17 18 19 20 21 22 23 24 25 26 27 28 29 30 31 32 33 34 35 36 37 327 38 39 40 41 42 43 44 45 46 47 48 328 49 50 51 52 53 54 55 56 57 58 59 60 61 62 63 64 65 66 67 68 69 70 329 71 72 73 74 75 76 77 78 79 80 81 82 83 84 85 86 87 88 330 89 90 91 92 93 94 95 96 97 98 99 100 101 102 103 104 105 106 107 108 109 110 111 112 113 114 115 116 117 118 119 120 121 122 123 124 125 126 127 339 128 129 130 131 132 133 134 135 136 138 139 140 141 142 143 144 145 146 147 148 149 150 151 152 153 154 155 156 157 158 159 160 161 162 163 164 165 166 167 168 169 170 171 172 173 174 175 176 177 178 179 180 181 182 183 184 185 186 187 188 189 190 191 192 193 194 195 196 197 198 199 200 201 202 203 204 205 206 207 208 209 210 211 212 213 214 215 216 217 218 219 220 221 222 223 224 225 226 227 228 229 230 231 232 233 234 235 236 237 238 239 240 340 241 242 243 244 245 246 247 248 249 250 251 252 253 254 255 341 256 257 258 259 260 261 262 264 265 266 267 268 269 270 271 272 273 274 275 276 277 278 279 280 281 282 283 284 285 286 287 288 289 290 291 292 293 294 295 296 297 298 299
p10:9 A 0 1 2 3 4 5 6 7 8 9 10 11 12 13 14 15 16 17 18 19 20 21 22 23 24 25 26 27 28 29 30 31 32 33 34 35 36 37 38 39 40 41 42 43 44 45 46 47 48 328 49 50 51 52 53 54 55 56 57 58 59 60 61 62 63 64 65 66 67 68 69 70 329 71 72 73 74 75 76 77 78 79 80 81 82 83 84 85 86 342 87 88 89 90 91 92 93 94 95 96 97 98 99 100 101 102 103 104 105 106 107 108 109 110 111 112 113 114 115 116 117 118 119 120 121 122 123 124 125 126 127 128 129 130 131 132 133 134 135 136 138 139 140 141 142 143 144 145 146 147 148 149 150 151 152 153 154 155 156 157 158 159 160 161 162 163 164 165 166 167 168 169 170 171 172 173 174 175 176 177 178 179 180 181 182 183 184 185 186 187 188 189 190 191 192 332 193 194 195 196 197 198 199 200 201 202 203 204 205 206 207 208 209 210 211 212 213 214 215 216 217 218 219 220 221 222 223 224 225 226 227 228 229 230 231 232 233 234 235 236 237 238 239 240 241 242 243 244 245 246 247 248 249 250 251 252 253 254 255 256 257 258 259 260 261 262 264 265 266 267 268 269 270 271 272 273 274 275 276 277 278 279 280 281 282 283 284 285 286 287 288 289 290 291 292 293 294 295 296 297 298 299
