#OUT: 25000 SS p9 10 /Users/josephzou/Desktop/Sample_data/IntWook-p9-Sample.txt
Mutations:
112 61219 m1 24399 0 0.5 p1 3057 10
211 63480 m1 61025 0 0.5 p1 3173 10
301 65640 m1 96105 0 0.5 p1 3280 10
262 66645 m1 78780 0 0.5 p1 3316 10
189 68177 m6 53396 0.00999999978 0.5 p1 3359 10
242 69609 m7 72903 0 0.5 p1 3399 10
20 69859 m3 7516 0.00999999978 0.5 p1 3406 10
244 71055 m7 73474 0 0.5 p1 3438 10
68 75571 m1 12496 0 0.5 p1 3561 10
167 78139 m6 50962 0.00999999978 0.5 p1 3630 10
214 78780 m1 62692 0 0.5 p1 3647 10
58 80220 m3 10813 0.00999999978 0.5 p1 3688 10
11 84336 m1 5209 0 0.5 p1 3799 10
114 86988 m1 25398 0 0.5 p1 3873 10
201 87612 m1 59159 0 0.5 p1 3890 10
146 92452 m1 42830 0 0.5 p1 4023 10
49 97292 m3 9882 0.00999999978 0.5 p1 4157 10
52 100651 m3 10014 0.00999999978 0.5 p1 4250 10
124 101041 m1 28798 0 0.5 p1 4261 10
155 105467 m6 49215 0.00999999978 0.5 p1 4383 10
210 105468 m1 60998 0 0.5 p1 4383 10
264 112189 m1 78936 0 0.5 p1 4566 10
56 113368 m3 10490 0.00999999978 0.5 p1 4598 10
19 113494 m3 7447 0.00999999978 0.5 p1 4601 10
291 114345 m1 90774 0 0.5 p1 4625 10
115 125780 m1 26043 0 0.5 p1 4935 10
306 129316 m1 98077 0 0.5 p5 5017 10
159 132436 m6 49894 0.00999999978 0.5 p5 5068 10
202 135106 m1 59538 0 0.5 p5 5111 10
46 140114 m3 9620 0.00999999978 0.5 p5 5193 10
249 140668 m7 75123 0 0.5 p5 5202 10
248 144747 m2 74464 0 0.5 p5 5267 10
173 145678 m6 51904 0.00999999978 0.5 p5 5282 10
116 160738 m1 26232 0 0.5 p5 5523 10
239 162348 m1 69707 0 0.5 p5 5549 10
188 162915 m6 53341 0.00999999978 0.5 p5 5559 10
110 172667 m1 23572 0 0.5 p5 5715 10
10 173732 m1 4780 0 0.5 p5 5732 10
285 183785 m1 88781 0 0.5 p5 5894 10
128 184271 m1 30602 0 0.5 p5 5902 10
228 191462 m1 67022 0 0.5 p5 6019 10
150 197327 m1 46308 0 0.5 p5 6114 10
27 199335 m3 8001 0.00999999978 0.5 p5 6147 10
103 201464 m1 20223 0 0.5 p5 6182 10
272 204232 m1 83418 0 0.5 p5 6226 10
276 224239 m2 84547 0 0.5 p5 6549 10
108 224393 m1 22120 0 0.5 p5 6552 10
236 229372 m1 68947 0 0.5 p5 6626 10
171 231785 m6 51561 0.00999999978 0.5 p5 6656 10
111 234374 m1 24267 0 0.5 p5 6690 10
295 234523 m1 94078 0 0.5 p5 6692 10
305 238097 m1 97896 0 0.5 p5 6737 10
162 241921 m6 50576 0.00999999978 0.5 p5 6785 10
240 252000 m1 70710 0 0.5 p5 6914 10
42 256338 m3 9279 0.00999999978 0.5 p5 6970 10
226 258473 m1 66094 0 0.5 p5 6997 10
183 264736 m6 52887 0.00999999978 0.5 p5 7076 10
22 268912 m3 7606 0.00999999978 0.5 p5 7129 10
74 273017 m1 14103 0 0.5 p5 7182 10
206 279405 m1 60207 0 0.5 p5 7264 10
123 282450 m1 28689 0 0.5 p5 7303 10
21 289846 m3 7558 0.00999999978 0.5 p5 7399 10
41 307547 m3 9182 0.00999999978 0.5 p5 7624 10
142 317209 m1 41128 0 0.5 p5 7747 10
308 320830 m1 98354 0 0.5 p5 7792 10
300 332484 m1 95873 0 0.5 p5 7940 10
26 338476 m3 7955 0.00999999978 0.5 p5 8018 10
195 342781 m1 55060 0 0.5 p5 8075 10
303 344576 m1 97005 0 0.5 p5 8098 10
15 349320 m1 6765 0 0.5 p5 8157 10
37 349415 m3 8815 0.00999999978 0.5 p5 8158 10
139 354159 m1 38544 0 0.5 p5 8219 10
78 354326 m4 15117 -0.00999999978 0.5 p5 8221 10
185 373320 m6 53023 0.00999999978 0.5 p9 8411 10
197 394904 m1 58187 0 0.5 p9 8592 10
160 396480 m2 49979 0 0.5 p9 8606 10
204 397301 m1 59994 0 0.5 p9 8613 10
34 409116 m3 8523 0.00999999978 0.5 p9 8715 10
144 416278 m1 41814 0 0.5 p9 8776 10
117 416643 m1 26815 0 0.5 p9 8779 10
181 418501 m6 52647 0.00999999978 0.5 p9 8795 10
280 424097 m8 86045 0 0.5 p9 8843 10
245 428154 m7 73514 0 0.5 p9 8877 10
192 428377 m1 54059 0 0.5 p9 8879 10
137 429950 m1 37556 0 0.5 p9 8892 10
100 439099 m1 19944 0 0.5 p9 8970 10
289 452091 m1 90390 0 0.5 p9 9081 10
163 459949 m6 50688 0.00999999978 0.5 p9 9147 10
268 466141 m1 81090 0 0.5 p9 9200 10
32 475467 m3 8216 0.00999999978 0.5 p9 9276 10
8 476247 m1 2028 0 0.5 p9 9283 10
243 497778 m2 73464 0 0.5 p9 9465 10
298 505647 m1 94937 0 0.5 p9 9533 10
169 514629 m6 51183 0.00999999978 0.5 p9 9608 10
133 523624 m1 34463 0 0.5 p9 9684 10
148 550345 m1 43688 0 0.5 p9 9910 10
296 561574 m1 94108 0 0.5 p9 10004 10
53 565738 m3 10146 0.00999999978 0.5 p9 10034 10
97 571977 m1 18156 0 0.5 p9 10079 10
281 575556 m8 86154 0 0.5 p9 10105 10
76 589924 m4 14672 -0.00999999978 0.5 p9 10209 10
129 599097 m1 31466 0 0.5 p9 10277 10
278 630267 m8 85569 0 0.5 p9 10501 10
307 631112 m1 98220 0 0.5 p9 10507 10
223 631813 m1 65870 0 0.5 p9 10512 10
12 638947 m1 5220 0 0.5 p9 10564 10
31 644858 m3 8148 0.00999999978 0.5 p9 10606 10
290 686105 m1 90411 0 0.5 p9 10905 10
126 697655 m1 29372 0 0.5 p9 10990 10
104 700771 m1 20324 0 0.5 p9 11012 10
14 721782 m1 6305 0 0.5 p9 11164 10
156 722202 m6 49305 0.00999999978 0.5 p9 11167 10
187 759561 m6 53234 0.00999999978 0.5 p9 11437 10
217 772823 m1 64300 0 0.5 p9 11533 10
73 775066 m1 13759 0 0.5 p9 11550 10
191 782206 m1 53808 0 0.5 p9 11603 10
175 787542 m6 52089 0.00999999978 0.5 p9 11641 10
254 809351 m7 76327 0 0.5 p9 11801 10
95 825970 m2 16796 0 0.5 p9 11923 10
5 834865 m1 1534 0 0.5 p9 11987 10
84 840454 m4 15560 -0.00999999978 0.5 p9 12027 10
235 861466 m1 68623 0 0.5 p9 12179 10
48 873023 m3 9692 0.00999999978 0.5 p9 12264 10
196 881305 m1 58145 0 0.5 p9 12324 10
44 885012 m3 9562 0.00999999978 0.5 p9 12351 10
75 887773 m1 14390 0 0.5 p9 12371 10
122 904361 m1 28662 0 0.5 p9 12490 10
270 906145 m1 83266 0 0.5 p9 12503 10
30 913447 m3 8085 0.00999999978 0.5 p9 12555 10
40 919295 m2 9154 0 0.5 p9 12597 10
212 924595 m1 61828 0 0.5 p9 12636 10
55 941703 m3 10432 0.00999999978 0.5 p9 12759 10
99 944703 m1 18742 0 0.5 p9 12781 10
267 953084 m1 81069 0 0.5 p9 12841 10
213 961162 m1 62634 0 0.5 p9 12899 10
92 966888 m4 16639 -0.00999999978 0.5 p9 12940 10
234 968887 m1 68451 0 0.5 p9 12954 10
125 977768 m1 29172 0 0.5 p9 13019 10
256 990427 m7 77017 0 0.5 p9 13112 10
54 997613 m3 10254 0.00999999978 0.5 p9 13164 10
302 1008159 m1 97002 0 0.5 p9 13239 10
62 1019108 m3 11032 0.00999999978 0.5 p9 13318 10
2 1020778 m1 1198 0 0.5 p9 13330 10
7 1036583 m1 1818 0 0.5 p9 13445 10
24 1041114 m3 7680 0.00999999978 0.5 p9 13478 10
80 1053921 m4 15247 -0.00999999978 0.5 p9 13571 10
255 1082774 m7 76721 0 0.5 p9 13781 10
0 1103475 m1 82 0 0.5 p9 13933 10
172 1117658 m6 51834 0.00999999978 0.5 p9 14037 10
23 1124239 m3 7647 0.00999999978 0.5 p9 14084 10
140 1127043 m1 40219 0 0.5 p9 14104 10
227 1144693 m1 66917 0 0.5 p9 14231 10
230 1151105 m1 67213 0 0.5 p9 14277 10
81 1153720 m4 15325 -0.00999999978 0.5 p9 14296 10
79 1170664 m4 15214 -0.00999999978 0.5 p9 14418 10
207 1199224 m1 60554 0 0.5 p9 14627 10
60 1219471 m3 10945 0.00999999978 0.5 p9 14775 10
101 1246274 m1 20150 0 0.5 p9 14968 10
145 1254836 m1 42735 0 0.5 p9 15017 10
147 1276195 m1 43180 0 0.5 p9 15103 10
120 1298452 m1 28098 0 0.5 p9 15193 10
86 1306589 m4 15796 -0.00999999978 0.5 p9 15226 10
247 1328252 m7 74140 0 0.5 p9 15314 10
127 1368594 m1 30074 0 0.5 p9 15478 10
107 1375706 m1 21904 0 0.5 p9 15507 10
170 1400135 m6 51446 0.00999999978 0.5 p9 15603 10
265 1413010 m1 79955 0 0.5 p9 15653 10
241 1436992 m1 71218 0 0.5 p9 15747 10
292 1443760 m1 92345 0 0.5 p9 15774 10
157 1449313 m6 49486 0.00999999978 0.5 p9 15796 10
83 1453077 m4 15472 -0.00999999978 0.5 p9 15811 10
121 1468345 m1 28586 0 0.5 p9 15869 10
85 1483035 m4 15617 -0.00999999978 0.5 p9 15927 10
229 1484551 m1 67132 0 0.5 p9 15933 10
258 1513325 m1 77857 0 0.5 p9 16043 10
253 1516902 m7 76032 0 0.5 p9 16057 10
294 1522538 m1 93454 0 0.5 p9 16079 10
220 1533467 m1 64597 0 0.5 p9 16121 10
1 1550804 m1 805 0 0.5 p9 16188 10
179 1560042 m6 52478 0.00999999978 0.5 p9 16223 10
9 1567266 m1 3194 0 0.5 p9 16251 10
6 1579305 m1 1638 0 0.5 p9 16298 10
174 1608643 m6 51907 0.00999999978 0.5 p9 16410 10
198 1650005 m1 58396 0 0.5 p9 16570 10
98 1650564 m1 18700 0 0.5 p9 16572 10
93 1661610 m4 16673 -0.00999999978 0.5 p9 16615 10
47 1681292 m3 9677 0.00999999978 0.5 p9 16691 10
18 1702961 m3 7384 0.00999999978 0.5 p9 16774 10
134 1705298 m1 36957 0 0.5 p9 16783 10
269 1761732 m1 83214 0 0.5 p9 17000 10
284 1771624 m1 88440 0 0.5 p9 17038 10
28 1790595 m3 8007 0.00999999978 0.5 p9 17111 10
271 1802366 m1 83310 0 0.5 p9 17156 10
43 1819293 m3 9337 0.00999999978 0.5 p9 17220 10
82 1894017 m4 15350 -0.00999999978 0.5 p9 17508 10
161 1921829 m6 50437 0.00999999978 0.5 p9 17615 10
297 1927255 m1 94773 0 0.5 p9 17636 10
216 2001636 m1 64136 0 0.5 p9 17923 10
69 2023549 m1 13168 0 0.5 p9 18007 10
39 2023816 m3 8966 0.00999999978 0.5 p9 18008 10
13 2030733 m1 5791 0 0.5 p9 18035 10
109 2053491 m1 22770 0 0.5 p9 18122 10
90 2089411 m4 16299 -0.00999999978 0.5 p9 18259 10
209 2089952 m1 60920 0 0.5 p9 18261 10
165 2104604 m6 50823 0.00999999978 0.5 p9 18318 10
218 2106144 m1 64422 0 0.5 p9 18324 10
35 2113570 m3 8632 0.00999999978 0.5 p9 18352 10
274 2141096 m1 84173 0 0.5 p9 18457 10
136 2159386 m1 37294 0 0.5 p9 18528 10
184 2173189 m6 52898 0.00999999978 0.5 p9 18581 10
238 2186072 m1 69411 0 0.5 p9 18631 10
130 2189931 m1 31605 0 0.5 p9 18646 10
88 2195859 m4 16030 -0.00999999978 0.5 p9 18669 10
193 2197186 m1 54103 0 0.5 p9 18674 10
65 2218751 m3 11542 0.00999999978 0.5 p9 18757 10
94 2249499 m4 16777 -0.00999999978 0.5 p9 18875 10
152 2269722 m1 47407 0 0.5 p9 18953 10
224 2274135 m1 66029 0 0.5 p9 18970 10
231 2294023 m1 67215 0 0.5 p9 19046 10
232 2316020 m1 67732 0 0.5 p9 19130 10
89 2341606 m4 16199 -0.00999999978 0.5 p9 19228 10
288 2362940 m1 89724 0 0.5 p9 19310 10
16 2416668 m3 7191 0.00999999978 0.5 p9 19516 10
38 2418720 m3 8844 0.00999999978 0.5 p9 19524 10
91 2449134 m4 16623 -0.00999999978 0.5 p9 19641 10
233 2471101 m1 67746 0 0.5 p9 19725 10
282 2481241 m1 87860 0 0.5 p9 19764 10
131 2484849 m1 33224 0 0.5 p9 19778 10
250 2488823 m7 75456 0 0.5 p9 19793 10
67 2531248 m1 12394 0 0.5 p9 19956 10
310 2538802 m1 99239 0 0.5 p9 19985 10
263 2543283 m1 78889 0 0.5 p9 20001 10
257 2571478 m1 77516 0 0.5 p9 20063 10
266 2580943 m1 80606 0 0.5 p9 20084 10
106 2594267 m1 21710 0 0.5 p9 20113 10
66 2634358 m3 11567 0.00999999978 0.5 p9 20201 10
199 2665041 m1 58790 0 0.5 p9 20268 10
29 2734324 m3 8076 0.00999999978 0.5 p9 20420 10
221 2782290 m1 65296 0 0.5 p9 20525 10
102 2794258 m1 20207 0 0.5 p9 20551 10
279 2797776 m2 85912 0 0.5 p9 20559 10
177 2835713 m6 52308 0.00999999978 0.5 p9 20642 10
113 2838972 m1 24962 0 0.5 p9 20649 10
71 2839422 m1 13510 0 0.5 p9 20650 10
277 2883805 m8 84706 0 0.5 p9 20747 10
141 2921662 m1 40357 0 0.5 p9 20830 10
222 2931117 m1 65465 0 0.5 p9 20851 10
311 2941181 m1 99797 0 0.5 p9 20873 10
166 2944800 m6 50833 0.00999999978 0.5 p9 20881 10
299 2959341 m1 95419 0 0.5 p9 20913 10
118 2986091 m1 26842 0 0.5 p9 20971 10
63 3003397 m3 11275 0.00999999978 0.5 p9 21009 10
251 3008013 m7 75467 0 0.5 p9 21019 10
105 3018490 m1 20562 0 0.5 p9 21042 10
33 3028883 m3 8345 0.00999999978 0.5 p9 21065 10
153 3033847 m1 48296 0 0.5 p9 21076 10
45 3094576 m3 9572 0.00999999978 0.5 p9 21209 10
64 3132943 m3 11363 0.00999999978 0.5 p9 21293 10
72 3209385 m1 13720 0 0.5 p9 21461 10
119 3227149 m1 27390 0 0.5 p9 21500 10
259 3295295 m1 78069 0 0.5 p9 21649 10
293 3296733 m1 92614 0 0.5 p9 21652 10
260 3327518 m1 78257 0 0.5 p9 21719 10
190 3368618 m6 53520 0.00999999978 0.5 p9 21809 10
50 3375777 m3 9888 0.00999999978 0.5 p9 21825 10
252 3392359 m7 75921 0 0.5 p9 21861 10
154 3416226 m1 48683 0 0.5 p9 21913 10
36 3423178 m3 8714 0.00999999978 0.5 p9 21928 10
215 3425113 m1 63129 0 0.5 p9 21932 10
261 3431063 m1 78700 0 0.5 p9 21945 10
77 3460464 m4 15000 -0.00999999978 0.5 p9 22010 10
186 3507467 m6 53026 0.00999999978 0.5 p9 22114 10
3 3541026 m1 1390 0 0.5 p9 22188 10
25 3554357 m3 7822 0.00999999978 0.5 p9 22217 10
70 3563516 m1 13403 0 0.5 p9 22237 10
225 3612764 m1 66087 0 0.5 p9 22345 10
275 3642854 m8 84533 0 0.5 p9 22410 10
17 3654937 m3 7277 0.00999999978 0.5 p9 22437 10
180 3728331 m6 52570 0.00999999978 0.5 p9 22598 10
4 3820869 m1 1398 0 0.5 p9 22801 10
286 3833146 m1 88816 0 0.5 p9 22828 10
182 3857365 m2 52725 0 0.5 p9 22881 10
151 3859184 m1 47068 0 0.5 p9 22885 10
164 3939603 m6 50745 0.00999999978 0.5 p9 23062 10
237 3950949 m1 69388 0 0.5 p9 23087 10
59 4011017 m3 10868 0.00999999978 0.5 p9 23219 10
51 4028732 m3 9903 0.00999999978 0.5 p9 23258 10
176 4059763 m6 52201 0.00999999978 0.5 p9 23326 10
61 4106842 m2 11030 0 0.5 p9 23430 10
205 4117605 m1 60036 0 0.5 p9 23454 10
200 4125274 m1 59030 0 0.5 p9 23471 10
143 4133968 m1 41359 0 0.5 p9 23490 10
273 4156562 m1 84004 0 0.5 p9 23539 10
96 4160605 m4 16810 -0.00999999978 0.5 p9 23548 10
138 4196862 m1 37927 0 0.5 p9 23627 10
208 4198663 m1 60571 0 0.5 p9 23631 10
304 4261682 m1 97249 0 0.5 p9 23769 10
168 4316692 m6 51046 0.00999999978 0.5 p9 23890 10
287 4340042 m1 88921 0 0.5 p9 23941 10
194 4342259 m1 54675 0 0.5 p9 23946 10
132 4360902 m1 34396 0 0.5 p9 23987 10
149 4412157 m1 45853 0 0.5 p9 24099 10
327 4414368 m1 97839 0 0.5 p9 24104 1
57 4438838 m3 10602 0.00999999978 0.5 p9 24158 10
203 4443879 m1 59573 0 0.5 p9 24169 9
322 4447043 m1 69950 0 0.5 p9 24176 1
351 4468848 m1 90084 0 0.5 p9 24224 1
246 4515747 m2 74105 0 0.5 p9 24328 8
349 4521304 m1 78841 0 0.5 p9 24340 1
317 4527311 m1 20043 0 0.5 p9 24353 1
348 4541348 m1 46299 0 0.5 p9 24384 1
87 4552726 m4 15833 -0.00999999978 0.5 p9 24409 7
321 4556890 m1 65627 0 0.5 p9 24418 1
320 4563866 m1 47437 0 0.5 p9 24433 1
341 4579278 m1 38902 0 0.5 p9 24467 1
343 4595023 m6 50628 0.00999999978 0.5 p9 24501 1
323 4597763 m1 71787 0 0.5 p9 24507 1
315 4599148 m3 9945 0.00999999978 0.5 p9 24510 1
324 4609546 m1 80015 0 0.5 p9 24533 1
325 4614229 m1 89507 0 0.5 p9 24543 1
316 4633159 m1 19243 0 0.5 p9 24584 1
339 4648247 m1 3623 0 0.5 p9 24617 1
178 4649655 m6 52420 0.00999999978 0.5 p9 24620 7
347 4659271 m1 23108 0 0.5 p9 24641 1
340 4661910 m3 10803 0.00999999978 0.5 p9 24647 1
345 4668662 m1 5585 0 0.5 p9 24662 1
158 4698903 m6 49667 0.00999999978 0.5 p9 24728 7
350 4731816 m1 79387 0 0.5 p9 24800 1
342 4738728 m1 39102 0 0.5 p9 24816 1
318 4739982 m1 24664 0 0.5 p9 24819 1
332 4740430 m1 34779 0 0.5 p9 24820 2
329 4740893 m1 79304 0 0.5 p9 24821 1
135 4745695 m1 37289 0 0.5 p9 24832 2
331 4752315 m1 30494 0 0.5 p9 24847 1
309 4757089 m1 98779 0 0.5 p9 24858 3
328 4757919 m1 59219 0 0.5 p9 24860 1
335 4758825 m1 12005 0 0.5 p9 24862 1
326 4769686 m1 91306 0 0.5 p9 24887 1
283 4769699 m1 88337 0 0.5 p9 24887 2
334 4779098 m3 10680 0.00999999978 0.5 p9 24909 1
333 4781761 m1 37057 0 0.5 p9 24915 1
344 4788819 m1 88017 0 0.5 p9 24931 1
330 4790094 m1 20380 0 0.5 p9 24934 1
337 4794512 m1 91251 0 0.5 p9 24944 1
319 4798069 m1 38664 0 0.5 p9 24952 1
338 4800732 m1 97790 0 0.5 p9 24958 1
219 4802489 m1 64532 0 0.5 p9 24962 1
336 4802500 m1 39030 0 0.5 p9 24962 1
346 4805113 m3 8425 0.00999999978 0.5 p9 24968 1
352 4812508 m1 72558 0 0.5 p9 24985 1
313 4816409 m1 35230 0 0.5 p9 24994 1
312 4818227 m1 6254 0 0.5 p9 24998 1
314 4819160 m1 63189 0 0.5 p9 25000 1
Genomes:
p9:0 A 0 1 2 3 4 5 6 7 8 9 10 11 12 13 14 15 16 17 18 19 20 21 22 23 24 25 26 27 28 29 30 31 32 33 34 35 36 37 38 39 40 41 42 43 44 45 46 47 48 49 50 51 52 53 54 55 56 57 58 59 60 61 62 63 64 65 66 67 68 69 70 71 72 73 74 75 76 77 78 79 80 81 82 83 84 85 86 87 88 89 90 91 92 93 94 95 96 97 98 99 100 101 102 103 104 105 106 107 108 109 110 111 112 113 114 115 116 117 118 119 120 121 122 123 124 125 126 127 128 129 130 131 132 133 134 135 136 137 138 139 140 141 142 143 144 145 146 147 148 149 150 151 152 153 154 155 156 157 158 159 160 161 162 163 164 165 166 167 168 169 170 171 172 173 174 175 176 177 178 179 180 181 182 183 184 185 186 187 188 189 190 191 192 193 194 195 196 197 198 199 200 201 202 203 204 205 206 207 208 209 210 211 212 213 214 215 216 217 218 219 220 221 222 223 224 225 226 227 228 229 230 231 232 233 234 235 236 237 238 239 240 241 242 243 244 245 246 247 248 249 250 251 252 253 254 255 256 257 258 259 260 261 262 263 264 265 266 267 268 269 270 271 272 273 274 275 276 277 278 279 280 281 282 283 284 285 286 287 288 289 290 291 292 293 294 295 296 297 298 299 300 301 302 303 304 305 306 307 308 309 310 311
p9:1 A 0 1 2 3 4 5 6 7 8 9 10 11 12 13 14 15 16 17 18 19 20 21 22 23 24 25 26 27 28 29 30 31 32 33 34 35 36 37 38 39 40 41 42 43 44 45 46 47 48 49 50 51 52 53 54 55 56 57 58 59 60 61 62 63 64 65 66 67 68 69 70 71 72 73 74 75 76 77 78 79 80 81 82 83 84 85 86 87 88 89 90 91 92 93 94 95 96 97 98 99 100 101 102 103 104 105 106 107 108 109 110 111 112 113 114 115 116 117 118 119 120 121 122 123 124 125 126 127 128 129 130 131 132 133 134 136 137 138 139 140 141 142 143 144 145 146 147 148 149 150 151 152 153 154 155 156 157 158 159 160 161 162 163 164 165 166 167 168 169 170 171 172 173 174 175 176 177 178 179 180 181 182 183 184 185 186 187 188 189 190 191 192 193 194 195 196 197 198 199 200 201 202 203 204 205 206 207 208 209 210 211 212 213 214 215 216 217 218 220 221 222 223 224 225 226 227 228 229 230 231 232 233 234 235 236 237 238 239 240 241 242 243 244 245 246 247 248 249 250 251 252 253 254 255 256 257 258 259 260 261 262 263 264 265 266 267 268 269 270 271 272 273 274 275 276 277 278 279 280 281 282 284 285 286 287 288 289 290 291 292 293 294 295 296 297 298 299 300 301 302 303 304 305 306 307 308 310 311
p9:2 A 0 1 2 3 4 5 6 7 8 9 10 11 12 13 312 14 15 16 17 18 19 20 21 22 23 24 25 26 27 28 29 30 31 32 33 34 35 36 37 38 39 40 41 42 43 44 45 46 47 48 49 50 51 52 53 54 55 56 57 58 59 60 61 62 63 64 65 66 67 68 69 70 71 72 73 74 75 76 77 78 79 80 81 82 83 84 85 86 87 88 89 90 91 92 93 94 95 96 97 98 99 100 101 102 103 104 105 106 107 108 109 110 111 112 113 114 115 116 117 118 119 120 121 122 123 124 125 126 127 128 129 130 131 132 133 313 134 136 137 138 139 140 141 142 143 144 145 146 147 148 149 150 151 152 153 154 155 156 157 158 159 160 161 162 163 164 165 166 167 168 169 170 171 172 173 174 175 176 177 178 179 180 181 182 183 184 185 186 187 188 189 190 191 192 193 194 195 196 197 198 199 200 201 202 203 204 205 206 207 208 209 210 211 212 213 214 215 314 216 217 218 220 221 222 223 224 225 226 227 228 229 230 231 232 233 234 235 236 237 238 239 240 241 242 243 244 245 246 247 248 249 250 251 252 253 254 255 256 257 258 259 260 261 262 263 264 265 266 267 268 269 270 271 272 273 274 275 276 277 278 279 280 281 282 284 285 286 287 288 289 290 291 292 293 294 295 296 297 298 299 300 301 302 303 304 305 306 307 308 310 311
p9:3 A 0 1 2 3 4 5 6 7 8 9 10 11 12 13 14 15 16 17 18 19 20 21 22 23 24 25 26 27 28 29 30 31 32 33 34 35 36 37 38 39 40 41 42 43 44 45 46 47 48 49 50 51 315 52 53 54 55 56 57 58 59 60 61 62 63 64 65 66 67 68 69 70 71 72 73 74 75 76 77 78 79 80 81 82 83 84 85 86 88 89 90 91 92 93 94 95 96 97 98 99 316 100 317 101 102 103 104 105 106 107 108 109 110 111 112 318 113 114 115 116 117 118 119 120 121 122 123 124 125 126 127 128 129 130 131 132 133 134 136 137 138 139 319 140 141 142 143 144 145 146 147 148 149 150 151 152 320 153 154 155 156 157 159 160 161 162 163 164 165 166 167 168 169 170 171 172 173 174 175 176 177 179 180 181 182 183 184 185 186 187 188 189 190 191 192 193 194 195 196 197 198 199 200 201 202 203 204 205 206 207 208 209 210 211 212 213 214 215 216 217 218 220 221 222 321 223 224 225 226 227 228 229 230 231 232 233 234 235 236 237 238 239 322 240 241 323 242 243 244 245 247 248 249 250 251 252 253 254 255 256 257 258 259 260 261 262 263 264 265 324 266 267 268 269 270 271 272 273 274 275 276 277 278 279 280 281 282 284 285 286 287 325 288 289 290 291 326 292 293 294 295 296 297 298 299 300 301 302 303 304 327 305 306 307 308 310 311
p9:4 A 0 1 2 3 4 5 6 7 8 9 10 11 12 13 14 15 16 17 18 19 20 21 22 23 24 25 26 27 28 29 30 31 32 33 34 35 36 37 38 39 40 41 42 43 44 45 46 47 48 49 50 51 52 53 54 55 56 57 58 59 60 61 62 63 64 65 66 67 68 69 70 71 72 73 74 75 76 77 78 79 80 81 82 83 84 85 86 87 88 89 90 91 92 93 94 95 96 97 98 99 100 101 102 103 104 105 106 107 108 109 110 111 112 113 114 115 116 117 118 119 120 121 122 123 124 125 126 127 128 129 130 131 132 133 134 136 137 138 139 140 141 142 143 144 145 146 147 148 149 150 151 152 153 154 155 156 157 158 159 160 161 162 163 164 165 166 167 168 169 170 171 172 173 174 175 176 177 178 179 180 181 182 183 184 185 186 187 188 189 190 191 192 193 194 195 196 197 198 199 200 201 328 202 203 204 205 206 207 208 209 210 211 212 213 214 215 216 217 218 220 221 222 223 224 225 226 227 228 229 230 231 232 233 234 235 236 237 238 239 240 241 242 243 244 245 246 247 248 249 250 251 252 253 254 255 256 257 258 259 260 261 262 263 264 329 265 266 267 268 269 270 271 272 273 274 275 276 277 278 279 280 281 282 284 285 286 287 288 289 290 291 292 293 294 295 296 297 298 299 300 301 302 303 304 305 306 307 308 310 311
p9:5 A 0 1 2 3 4 5 6 7 8 9 10 11 12 13 14 15 16 17 18 19 20 21 22 23 24 25 26 27 28 29 30 31 32 33 34 35 36 37 38 39 40 41 42 43 44 45 46 47 48 49 50 51 52 53 54 55 56 57 58 59 60 61 62 63 64 65 66 67 68 69 70 71 72 73 74 75 76 77 78 79 80 81 82 83 84 85 86 87 88 89 90 91 92 93 94 95 96 97 98 99 100 101 102 103 104 330 105 106 107 108 109 110 111 112 113 114 115 116 117 118 119 120 121 122 123 124 125 126 127 331 128 129 130 131 132 133 332 134 333 136 137 138 139 140 141 142 143 144 145 146 147 148 149 150 151 152 153 154 155 156 157 158 159 160 161 162 163 164 165 166 167 168 169 170 171 172 173 174 175 176 177 178 179 180 181 182 183 184 185 186 187 188 189 190 191 192 193 194 195 196 197 198 199 200 201 202 203 204 205 206 207 208 209 210 211 212 213 214 215 216 217 218 220 221 222 223 224 225 226 227 228 229 230 231 232 233 234 235 236 237 238 239 240 241 242 243 244 245 246 247 248 249 250 251 252 253 254 255 256 257 258 259 260 261 262 263 264 265 266 267 268 269 270 271 272 273 274 275 276 277 278 279 280 281 282 284 285 286 287 288 289 290 291 292 293 294 295 296 297 298 299 300 301 302 303 304 305 306 307 308 309 310 311
p9:6 A 0 1 2 3 4 5 6 7 8 9 10 11 12 13 14 15 16 17 18 19 20 21 22 23 24 25 26 27 28 29 30 31 32 33 34 35 36 37 38 39 40 41 42 43 44 45 46 47 48 49 50 51 52 53 54 55 56 57 334 58 59 60 61 62 63 64 65 66 335 67 68 69 70 71 72 73 74 75 76 77 78 79 80 81 82 83 84 85 86 87 88 89 90 91 92 93 94 95 96 97 98 99 100 101 102 103 104 105 106 107 108 109 110 111 112 113 114 115 116 117 118 119 120 121 122 123 124 125 126 127 128 129 130 131 132 133 332 134 136 137 138 139 336 140 141 142 143 144 145 146 147 148 149 150 151 152 153 154 155 156 157 158 159 160 161 162 163 164 165 166 167 168 169 170 171 172 173 174 175 176 177 178 179 180 181 182 183 184 185 186 187 188 189 190 191 192 193 194 195 196 197 198 199 200 201 202 203 204 205 206 207 208 209 210 211 212 213 214 215 216 217 218 220 221 222 223 224 225 226 227 228 229 230 231 232 233 234 235 236 237 238 239 240 241 242 243 244 245 246 247 248 249 250 251 252 253 254 255 256 257 258 259 260 261 262 263 264 265 266 267 268 269 270 271 272 273 274 275 276 277 278 279 280 281 282 284 285 286 287 288 289 290 291 337 292 293 294 295 296 297 298 299 300 301 302 303 304 338 305 306 307 308 310 311
p9:7 A 0 1 2 3 4 5 6 7 8 9 339 10 11 12 13 14 15 16 17 18 19 20 21 22 23 24 25 26 27 28 29 30 31 32 33 34 35 36 37 38 39 40 41 42 43 44 45 46 47 48 49 50 51 52 53 54 55 56 57 340 58 59 60 61 62 63 64 65 66 67 68 69 70 71 72 73 74 75 76 77 78 79 80 81 82 83 84 85 86 88 89 90 91 92 93 94 95 96 97 98 99 100 101 102 103 104 105 106 107 108 109 110 111 112 113 114 115 116 117 118 119 120 121 122 123 124 125 126 127 128 129 130 131 132 133 134 136 137 138 139 341 342 140 141 142 143 144 145 146 147 148 149 150 151 152 153 154 155 156 157 159 160 161 162 343 163 164 165 166 167 168 169 170 171 172 173 174 175 176 177 179 180 181 182 183 184 185 186 187 188 189 190 191 192 193 194 195 196 197 198 199 200 201 202 203 204 205 206 207 208 209 210 211 212 213 214 215 216 217 218 220 221 222 223 224 225 226 227 228 229 230 231 232 233 234 235 236 237 238 239 240 241 242 243 244 245 246 247 248 249 250 251 252 253 254 255 256 257 258 259 260 261 262 263 264 265 266 267 268 269 270 271 272 273 274 275 276 277 278 279 280 281 282 344 284 285 286 287 288 289 290 291 292 293 294 295 296 297 298 299 300 301 302 303 304 305 306 307 308 310 311
p9:8 A 0 1 2 3 4 5 6 7 8 9 10 11 12 345 13 14 15 16 17 18 19 20 21 22 23 24 25 26 27 28 29 30 31 32 33 346 34 35 36 37 38 39 40 41 42 43 44 45 46 47 48 49 50 51 52 53 54 55 56 57 58 59 60 61 62 63 64 65 66 67 68 69 70 71 72 73 74 75 76 77 78 79 80 81 82 83 84 85 86 88 89 90 91 92 93 94 95 96 97 98 99 100 101 102 103 104 105 106 107 108 109 347 110 111 112 113 114 115 116 117 118 119 120 121 122 123 124 125 126 127 128 129 130 131 132 133 134 136 137 138 139 140 141 142 143 144 145 146 147 148 149 348 150 151 152 153 154 155 156 157 159 160 161 162 163 164 165 166 167 168 169 170 171 172 173 174 175 176 177 179 180 181 182 183 184 185 186 187 188 189 190 191 192 193 194 195 196 197 198 199 200 201 202 204 205 206 207 208 209 210 211 212 213 214 215 216 217 218 220 221 222 223 224 225 226 227 228 229 230 231 232 233 234 235 236 237 238 239 240 241 242 243 244 245 247 248 249 250 251 252 253 254 255 256 257 258 259 260 261 262 349 263 264 350 265 266 267 268 269 270 271 272 273 274 275 276 277 278 279 280 281 282 284 285 286 287 288 351 289 290 291 292 293 294 295 296 297 298 299 300 301 302 303 304 305 306 307 308 310 311
p9:9 A 0 1 2 3 4 5 6 7 8 9 10 11 12 13 14 15 16 17 18 19 20 21 22 23 24 25 26 27 28 29 30 31 32 33 34 35 36 37 38 39 40 41 42 43 44 45 46 47 48 49 50 51 52 53 54 55 56 57 58 59 60 61 62 63 64 65 66 67 68 69 70 71 72 73 74 75 76 77 78 79 80 81 82 83 84 85 86 87 88 89 90 91 92 93 94 95 96 97 98 99 100 101 102 103 104 105 106 107 108 109 110 111 112 113 114 115 116 117 118 119 120 121 122 123 124 125 126 127 128 129 130 131 132 133 134 135 136 137 138 139 140 141 142 143 144 145 146 147 148 149 150 151 152 153 154 155 156 157 158 159 160 161 162 163 164 165 166 167 168 169 170 171 172 173 174 175 176 177 178 179 180 181 182 183 184 185 186 187 188 189 190 191 192 193 194 195 196 197 198 199 200 201 202 203 204 205 206 207 208 209 210 211 212 213 214 215 216 217 218 220 221 222 223 224 225 226 227 228 229 230 231 232 233 234 235 236 237 238 239 240 241 352 242 243 244 245 246 247 248 249 250 251 252 253 254 255 256 257 258 259 260 261 262 263 264 265 266 267 268 269 270 271 272 273 274 275 276 277 278 279 280 281 282 283 284 285 286 287 288 289 290 291 292 293 294 295 296 297 298 299 300 301 302 303 304 305 306 307 308 309 310 311
