#OUT: 25000 SS p4 10 /Users/josephzou/Desktop/Sample_data/MonC-p4-Sample.txt
Mutations:
184 23993 m2 76164 0 0.5 p1 1205 10
164 24220 m1 64041 0 0.5 p1 1216 10
132 31251 m1 54837 0 0.5 p1 1571 10
188 32720 m1 77471 0 0.5 p1 1644 10
178 38802 m1 72437 0 0.5 p1 1949 10
169 43352 m1 65602 0 0.5 p1 2174 10
221 47157 m1 87980 0 0.5 p1 2362 10
175 48928 m1 71302 0 0.5 p1 2449 10
90 57256 m1 39610 0 0.5 p1 2870 10
79 58589 m1 35506 0 0.5 p1 2938 10
48 60970 m1 21684 0 0.5 p1 3062 10
210 61485 m2 85257 0 0.5 p1 3088 10
148 62022 m1 59488 0 0.5 p1 3116 10
113 62811 m6 49587 0.00999999978 0.5 p1 3155 10
23 64310 m2 11079 0 0.5 p1 3231 10
0 64356 m1 289 0 0.5 p1 3234 10
139 66949 m1 57358 0 0.5 p2 3333 10
54 66989 m1 23702 0 0.5 p2 3334 10
155 68363 m1 61237 0 0.5 p2 3371 10
154 69456 m1 61109 0 0.5 p2 3401 10
233 70940 m1 92900 0 0.5 p2 3440 10
208 71379 m1 84027 0 0.5 p2 3453 10
216 74416 m2 86994 0 0.5 p2 3535 10
158 75052 m1 62377 0 0.5 p2 3552 10
171 76244 m1 66966 0 0.5 p2 3585 10
244 77865 m1 98234 0 0.5 p2 3629 10
130 84198 m6 53627 0.00999999978 0.5 p2 3805 10
15 92006 m1 4230 0 0.5 p2 4018 10
218 103443 m1 87457 0 0.5 p2 4332 10
87 104718 m1 38627 0 0.5 p2 4368 10
193 104985 m1 78475 0 0.5 p2 4375 10
118 106475 m6 51527 0.00999999978 0.5 p2 4416 10
71 109451 m1 32276 0 0.5 p2 4499 10
245 110686 m1 99117 0 0.5 p2 4534 10
28 111935 m1 12575 0 0.5 p2 4569 10
238 114660 m1 95494 0 0.5 p2 4642 10
223 115799 m1 88840 0 0.5 p2 4673 10
225 123527 m1 89149 0 0.5 p2 4882 10
27 126042 m1 12429 0 0.5 p2 4950 10
6 140762 m1 1019 0 0.5 p2 5211 10
162 142420 m1 63850 0 0.5 p2 5237 10
114 142658 m6 50587 0.00999999978 0.5 p2 5241 10
239 147138 m1 95760 0 0.5 p2 5314 10
127 147448 m6 53267 0.00999999978 0.5 p2 5319 10
213 155518 m8 85928 0 0.5 p2 5450 10
211 158402 m8 85379 0 0.5 p2 5497 10
149 161593 m1 59574 0 0.5 p2 5550 10
44 166845 m1 20786 0 0.5 p2 5636 10
92 167930 m1 42761 0 0.5 p2 5654 10
126 174345 m6 53127 0.00999999978 0.5 p2 5758 10
112 179013 m1 49047 0 0.5 p2 5833 10
153 180893 m1 60865 0 0.5 p2 5864 10
180 182595 m7 73230 0 0.5 p2 5892 10
243 184308 m1 97257 0 0.5 p2 5920 10
72 189465 m1 32843 0 0.5 p2 6005 10
167 191436 m1 65094 0 0.5 p2 6038 10
125 191625 m6 53040 0.00999999978 0.5 p2 6041 10
200 194407 m1 81178 0 0.5 p2 6087 10
24 199676 m3 11383 0.00999999978 0.5 p2 6174 10
229 203726 m1 91217 0 0.5 p2 6241 10
119 211878 m6 51756 0.00999999978 0.5 p2 6372 10
231 213547 m1 92606 0 0.5 p2 6398 10
17 214899 m1 4816 0 0.5 p2 6420 10
22 220553 m2 9117 0 0.5 p2 6510 10
65 222249 m1 30530 0 0.5 p2 6538 10
99 233043 m1 45202 0 0.5 p2 6689 10
34 238303 m1 17165 0 0.5 p2 6758 10
163 243725 m1 63899 0 0.5 p2 6828 10
83 249701 m1 37359 0 0.5 p2 6906 10
124 252289 m6 52817 0.00999999978 0.5 p2 6939 10
35 252453 m1 17295 0 0.5 p2 6941 10
101 254673 m1 45382 0 0.5 p2 6970 10
110 261918 m1 48402 0 0.5 p2 7062 10
115 277518 m6 50888 0.00999999978 0.5 p2 7261 10
120 282058 m6 51843 0.00999999978 0.5 p2 7320 10
159 282904 m1 62655 0 0.5 p2 7331 10
33 285837 m1 14368 0 0.5 p2 7368 10
138 288315 m1 57226 0 0.5 p2 7400 10
129 295746 m6 53427 0.00999999978 0.5 p2 7496 10
66 296618 m1 30637 0 0.5 p2 7507 10
3 296857 m1 625 0 0.5 p2 7510 10
187 298519 m7 77225 0 0.5 p2 7531 10
152 298654 m1 60841 0 0.5 p2 7533 10
209 299346 m2 84647 0 0.5 p2 7542 10
202 303729 m1 81569 0 0.5 p2 7598 10
20 305555 m1 5675 0 0.5 p2 7621 10
207 307373 m1 83864 0 0.5 p2 7645 10
121 316478 m6 51897 0.00999999978 0.5 p2 7760 10
174 340542 m1 70509 0 0.5 p2 8067 10
190 347261 m1 77855 0 0.5 p2 8155 10
31 348861 m1 13840 0 0.5 p2 8175 10
122 354334 m6 52006 0.00999999978 0.5 p2 8245 10
160 364876 m1 63118 0 0.5 p2 8353 10
147 381070 m1 59300 0 0.5 p2 8489 10
74 390004 m1 33596 0 0.5 p2 8565 10
116 406729 m6 51328 0.00999999978 0.5 p2 8707 10
230 433507 m1 91759 0 0.5 p2 8936 10
5 449220 m1 816 0 0.5 p2 9069 10
85 465150 m1 37706 0 0.5 p2 9205 10
49 472439 m1 22503 0 0.5 p2 9266 10
204 482763 m1 83188 0 0.5 p2 9354 10
123 499901 m6 52408 0.00999999978 0.5 p2 9500 10
21 516005 m1 6019 0 0.5 p2 9636 10
117 525508 m6 51373 0.00999999978 0.5 p2 9715 10
186 527067 m7 77039 0 0.5 p2 9728 10
81 549021 m5 36290 0 0.5 p2 9915 10
135 571353 m1 56634 0 0.5 p4 10090 10
192 581050 m1 78173 0 0.5 p4 10160 10
62 590510 m1 29420 0 0.5 p4 10229 10
234 597648 m1 93177 0 0.5 p4 10281 10
141 606169 m1 57512 0 0.5 p4 10342 10
196 615303 m1 79159 0 0.5 p4 10408 10
63 624073 m1 29796 0 0.5 p4 10473 10
30 645409 m1 12782 0 0.5 p4 10629 10
1 679026 m1 355 0 0.5 p4 10872 10
224 696230 m1 88982 0 0.5 p4 10997 10
191 702663 m1 77864 0 0.5 p4 11043 10
197 733352 m1 79844 0 0.5 p4 11264 10
106 744024 m1 46688 0 0.5 p4 11342 10
91 744831 m1 39647 0 0.5 p4 11348 10
47 747531 m1 21672 0 0.5 p4 11367 10
217 767210 m8 87105 0 0.5 p4 11510 10
59 796323 m1 26971 0 0.5 p4 11721 10
232 798532 m1 92842 0 0.5 p4 11737 10
181 811782 m7 74532 0 0.5 p4 11835 10
143 815038 m1 57763 0 0.5 p4 11858 10
195 822662 m1 79151 0 0.5 p4 11913 10
166 846093 m1 64094 0 0.5 p4 12080 10
13 848638 m1 3865 0 0.5 p4 12098 10
64 858850 m1 29896 0 0.5 p4 12173 10
236 885994 m1 93977 0 0.5 p4 12372 10
201 916052 m1 81209 0 0.5 p4 12590 10
69 930539 m1 31881 0 0.5 p4 12695 10
241 940849 m1 96431 0 0.5 p4 12770 10
189 945333 m1 77618 0 0.5 p4 12803 10
88 947676 m1 38842 0 0.5 p4 12820 10
8 967119 m1 2147 0 0.5 p4 12962 10
36 990970 m1 17759 0 0.5 p4 13135 10
212 995106 m8 85904 0 0.5 p4 13165 10
26 996715 m1 11906 0 0.5 p4 13177 10
38 999010 m1 18652 0 0.5 p4 13194 10
97 1009154 m1 44266 0 0.5 p4 13267 10
78 1025502 m1 35366 0 0.5 p4 13387 10
2 1029635 m1 428 0 0.5 p4 13416 10
109 1033263 m1 47762 0 0.5 p4 13442 10
227 1040856 m1 90212 0 0.5 p4 13497 10
16 1043380 m1 4635 0 0.5 p4 13515 10
220 1044463 m1 87825 0 0.5 p4 13523 10
18 1047002 m1 4954 0 0.5 p4 13542 10
55 1048699 m1 24234 0 0.5 p4 13555 10
102 1050419 m1 46109 0 0.5 p4 13568 10
235 1054410 m1 93255 0 0.5 p4 13597 10
222 1066934 m1 88144 0 0.5 p4 13688 10
9 1076721 m1 2255 0 0.5 p4 13759 10
247 1098313 m1 99812 0 0.5 p4 13917 10
103 1099307 m1 46162 0 0.5 p4 13924 10
39 1103394 m1 19759 0 0.5 p4 13952 10
25 1109333 m1 11715 0 0.5 p4 13996 10
46 1114673 m1 21321 0 0.5 p4 14034 10
10 1115077 m1 2451 0 0.5 p4 14037 10
151 1116453 m1 59946 0 0.5 p4 14047 10
228 1119580 m1 90344 0 0.5 p4 14070 10
43 1132182 m1 20379 0 0.5 p4 14162 10
60 1145173 m1 27839 0 0.5 p4 14257 10
93 1147951 m1 43199 0 0.5 p4 14278 10
96 1149264 m1 43950 0 0.5 p4 14287 10
104 1156395 m1 46202 0 0.5 p4 14339 10
173 1170709 m1 68678 0 0.5 p4 14442 10
156 1177109 m1 61548 0 0.5 p4 14488 10
89 1193854 m1 39601 0 0.5 p4 14611 10
144 1203549 m1 57883 0 0.5 p4 14681 10
134 1223575 m1 56579 0 0.5 p4 14826 10
4 1320290 m1 805 0 0.5 p4 15296 10
248 1321079 m1 99998 0 0.5 p4 15299 10
226 1326880 m1 89522 0 0.5 p4 15323 10
203 1354731 m1 81916 0 0.5 p4 15437 10
183 1366396 m2 75256 0 0.5 p4 15484 10
157 1384054 m1 62300 0 0.5 p4 15554 10
205 1431240 m1 83591 0 0.5 p4 15740 10
29 1499169 m1 12622 0 0.5 p4 16002 10
170 1523671 m1 66577 0 0.5 p4 16097 10
194 1561590 m1 78898 0 0.5 p4 16243 10
56 1567529 m1 24500 0 0.5 p4 16266 10
50 1628697 m1 22816 0 0.5 p4 16501 10
45 1645225 m1 21209 0 0.5 p4 16565 10
215 1667551 m8 86485 0 0.5 p4 16651 10
73 1673745 m1 33154 0 0.5 p4 16675 10
100 1737339 m1 45282 0 0.5 p4 16920 10
40 1762223 m1 19952 0 0.5 p4 17016 10
42 1805813 m1 20134 0 0.5 p4 17184 10
165 1864833 m1 64065 0 0.5 p4 17412 10
95 1865892 m1 43681 0 0.5 p4 17416 10
182 1883772 m7 74889 0 0.5 p4 17485 10
37 1900716 m1 17862 0 0.5 p4 17550 10
140 1903877 m1 57399 0 0.5 p4 17562 10
131 1905189 m1 54434 0 0.5 p4 17567 10
133 1907769 m1 54967 0 0.5 p4 17577 10
179 1922575 m2 73011 0 0.5 p4 17635 10
41 1967634 m1 19973 0 0.5 p4 17809 10
70 1988855 m1 31895 0 0.5 p4 17891 10
136 2071368 m1 57019 0 0.5 p4 18209 10
80 2159293 m5 35894 0 0.5 p4 18547 10
7 2227054 m1 1153 0 0.5 p4 18810 10
76 2298144 m1 34309 0 0.5 p4 19086 10
105 2322789 m1 46558 0 0.5 p4 19180 10
142 2339674 m1 57683 0 0.5 p4 19245 10
246 2424197 m1 99479 0 0.5 p4 19570 10
67 2427798 m1 31403 0 0.5 p4 19584 10
14 2518928 m1 3904 0 0.5 p4 19938 10
150 2546800 m1 59791 0 0.5 p4 20026 10
237 2559238 m1 94176 0 0.5 p4 20053 10
146 2752397 m1 58620 0 0.5 p4 20476 10
19 2888254 m1 5130 0 0.5 p4 20772 10
53 2923507 m1 23461 0 0.5 p4 20849 10
94 2992711 m1 43474 0 0.5 p4 21001 10
84 3060386 m1 37377 0 0.5 p4 21149 10
137 3175709 m1 57222 0 0.5 p4 21402 10
68 3222569 m1 31430 0 0.5 p4 21505 10
172 3248469 m1 67064 0 0.5 p4 21562 10
199 3254351 m1 80553 0 0.5 p4 21575 10
77 3307234 m1 35259 0 0.5 p4 21691 10
51 3326528 m1 23075 0 0.5 p4 21733 10
206 3358030 m1 83591 0 0.5 p4 21802 10
111 3358934 m1 48474 0 0.5 p4 21804 10
214 3387137 m2 86267 0 0.5 p4 21866 10
57 3417511 m1 26402 0 0.5 p4 21932 10
242 3419786 m1 96968 0 0.5 p4 21937 10
240 3423429 m1 96415 0 0.5 p4 21945 10
145 3452061 m1 58477 0 0.5 p4 22008 10
61 3545589 m1 29217 0 0.5 p4 22212 10
168 3586278 m1 65593 0 0.5 p4 22301 10
82 3656110 m5 36892 0 0.5 p4 22455 10
128 3703801 m2 53296 0 0.5 p4 22560 10
198 3852313 m1 80521 0 0.5 p4 22886 10
32 3889188 m1 14082 0 0.5 p4 22967 10
58 3889654 m1 26951 0 0.5 p4 22968 10
12 3905945 m1 3095 0 0.5 p4 23004 10
176 3987682 m1 72047 0 0.5 p4 23184 10
52 4044933 m1 23318 0 0.5 p4 23310 3
255 4046838 m1 60918 0 0.5 p4 23314 7
86 4111543 m1 38161 0 0.5 p4 23456 2
252 4127991 m1 44486 0 0.5 p4 23492 7
177 4131095 m1 72334 0 0.5 p4 23499 2
271 4139324 m1 2630 0 0.5 p4 23517 1
254 4185090 m1 60763 0 0.5 p4 23617 7
249 4236203 m2 15643 0 0.5 p4 23729 6
262 4259038 m1 98799 0 0.5 p4 23779 7
279 4270653 m1 66666 0 0.5 p4 23804 1
259 4272033 m1 91705 0 0.5 p4 23807 7
107 4304764 m1 47076 0 0.5 p4 23879 2
280 4309298 m8 86991 0 0.5 p4 23889 1
260 4329442 m1 93967 0 0.5 p4 23933 7
250 4380515 m1 17131 0 0.5 p4 24045 6
185 4400064 m2 76518 0 0.5 p4 24088 2
256 4411046 m7 76886 0 0.5 p4 24112 7
257 4413761 m1 80670 0 0.5 p4 24118 7
161 4452954 m1 63440 0 0.5 p4 24204 2
251 4491412 m1 34335 0 0.5 p4 24288 7
253 4520683 m1 45150 0 0.5 p4 24352 7
274 4542293 m1 61145 0 0.5 p4 24400 1
219 4548208 m1 87470 0 0.5 p4 24413 2
108 4564162 m1 47442 0 0.5 p4 24448 2
261 4570479 m1 96872 0 0.5 p4 24462 7
263 4624203 m1 59302 0 0.5 p4 24580 2
258 4625630 m1 81042 0 0.5 p4 24583 5
283 4640834 m1 98458 0 0.5 p4 24616 1
278 4668201 m1 65806 0 0.5 p4 24676 1
268 4675430 m1 13049 0 0.5 p4 24692 1
11 4677291 m1 2965 0 0.5 p4 24696 1
277 4677292 m1 62258 0 0.5 p4 24696 1
265 4686023 m1 70189 0 0.5 p4 24715 2
264 4686430 m1 67759 0 0.5 p4 24716 2
275 4689986 m1 61175 0 0.5 p4 24724 1
273 4719681 m1 59045 0 0.5 p4 24789 1
267 4722431 m1 3962 0 0.5 p4 24795 1
282 4740313 m1 70690 0 0.5 p4 24835 1
75 4744706 m1 34306 0 0.5 p4 24845 1
276 4759015 m1 61252 0 0.5 p4 24878 1
281 4762429 m6 49409 0.00999999978 0.5 p4 24886 1
272 4766433 m1 34607 0 0.5 p4 24895 1
266 4768692 m7 76419 0 0.5 p4 24900 1
270 4773072 m1 92543 0 0.5 p4 24910 1
269 4779695 m1 20067 0 0.5 p4 24925 1
98 4807160 m1 45072 0 0.5 p4 24988 1
Genomes:
p4:0 A 0 1 2 3 4 5 6 7 8 9 10 11 12 13 14 15 16 17 18 19 20 21 22 23 24 25 26 27 28 29 30 31 32 33 34 35 36 37 38 39 40 41 42 43 44 45 46 47 48 49 50 51 52 53 54 55 56 57 58 59 60 61 62 63 64 65 66 67 68 69 70 71 72 73 74 75 76 77 78 79 80 81 82 83 84 85 86 87 88 89 90 91 92 93 94 95 96 97 98 99 100 101 102 103 104 105 106 107 108 109 110 111 112 113 114 115 116 117 118 119 120 121 122 123 124 125 126 127 128 129 130 131 132 133 134 135 136 137 138 139 140 141 142 143 144 145 146 147 148 149 150 151 152 153 154 155 156 157 158 159 160 161 162 163 164 165 166 167 168 169 170 171 172 173 174 175 176 177 178 179 180 181 182 183 184 185 186 187 188 189 190 191 192 193 194 195 196 197 198 199 200 201 202 203 204 205 206 207 208 209 210 211 212 213 214 215 216 217 218 219 220 221 222 223 224 225 226 227 228 229 230 231 232 233 234 235 236 237 238 239 240 241 242 243 244 245 246 247 248
p4:1 A 0 1 2 3 4 5 6 7 8 9 10 12 13 14 15 16 17 18 19 20 21 22 23 24 25 26 27 28 29 30 31 32 33 249 250 34 35 36 37 38 39 40 41 42 43 44 45 46 47 48 49 50 51 53 54 55 56 57 58 59 60 61 62 63 64 65 66 67 68 69 70 71 72 73 74 76 251 77 78 79 80 81 82 83 84 85 87 88 89 90 91 92 93 94 95 96 97 252 253 99 100 101 102 103 104 105 106 109 110 111 112 113 114 115 116 117 118 119 120 121 122 123 124 125 126 127 128 129 130 131 132 133 134 135 136 137 138 139 140 141 142 143 144 145 146 147 148 149 150 151 254 152 153 255 154 155 156 157 158 159 160 162 163 164 165 166 167 168 169 170 171 172 173 174 175 176 178 179 180 181 182 183 184 256 186 187 188 189 190 191 192 193 194 195 196 197 198 199 257 258 200 201 202 203 204 205 206 207 208 209 210 211 212 213 214 215 216 217 218 220 221 222 223 224 225 226 227 228 229 259 230 231 232 233 234 235 260 236 237 238 239 240 241 261 242 243 244 262 245 246 247 248
p4:2 A 0 1 2 3 4 5 6 7 8 9 10 12 13 14 15 16 17 18 19 20 21 22 23 24 25 26 27 28 29 30 31 32 33 249 250 34 35 36 37 38 39 40 41 42 43 44 45 46 47 48 49 50 51 53 54 55 56 57 58 59 60 61 62 63 64 65 66 67 68 69 70 71 72 73 74 76 251 77 78 79 80 81 82 83 84 85 87 88 89 90 91 92 93 94 95 96 97 252 253 99 100 101 102 103 104 105 106 109 110 111 112 113 114 115 116 117 118 119 120 121 122 123 124 125 126 127 128 129 130 131 132 133 134 135 136 137 138 139 140 141 142 143 144 145 146 147 148 149 150 151 254 152 153 255 154 155 156 157 158 159 160 162 163 164 165 166 167 168 169 170 171 172 173 174 175 176 178 179 180 181 182 183 184 256 186 187 188 189 190 191 192 193 194 195 196 197 198 199 257 258 200 201 202 203 204 205 206 207 208 209 210 211 212 213 214 215 216 217 218 220 221 222 223 224 225 226 227 228 229 259 230 231 232 233 234 235 260 236 237 238 239 240 241 261 242 243 244 262 245 246 247 248
p4:3 A 0 1 2 3 4 5 6 7 8 9 10 12 13 14 15 16 17 18 19 20 21 22 23 24 25 26 27 28 29 30 31 32 33 249 250 34 35 36 37 38 39 40 41 42 43 44 45 46 47 48 49 50 51 53 54 55 56 57 58 59 60 61 62 63 64 65 66 67 68 69 70 71 72 73 74 76 251 77 78 79 80 81 82 83 84 85 87 88 89 90 91 92 93 94 95 96 97 252 253 99 100 101 102 103 104 105 106 109 110 111 112 113 114 115 116 117 118 119 120 121 122 123 124 125 126 127 128 129 130 131 132 133 134 135 136 137 138 139 140 141 142 143 144 145 146 147 263 148 149 150 151 254 152 153 255 154 155 156 157 158 159 160 162 163 164 165 166 167 168 169 170 171 172 264 173 265 174 175 176 178 179 180 181 182 183 184 266 256 186 187 188 189 190 191 192 193 194 195 196 197 198 199 257 200 201 202 203 204 205 206 207 208 209 210 211 212 213 214 215 216 217 218 220 221 222 223 224 225 226 227 228 229 259 230 231 232 233 234 235 260 236 237 238 239 240 241 261 242 243 244 262 245 246 247 248
p4:4 A 0 1 2 3 4 5 6 7 8 9 10 12 13 14 15 16 17 18 19 20 21 22 23 24 25 26 27 28 29 30 31 32 33 249 250 34 35 36 37 38 39 40 41 42 43 44 45 46 47 48 49 50 51 53 54 55 56 57 58 59 60 61 62 63 64 65 66 67 68 69 70 71 72 73 74 76 251 77 78 79 80 81 82 83 84 85 87 88 89 90 91 92 93 94 95 96 97 252 253 99 100 101 102 103 104 105 106 109 110 111 112 113 114 115 116 117 118 119 120 121 122 123 124 125 126 127 128 129 130 131 132 133 134 135 136 137 138 139 140 141 142 143 144 145 146 147 148 149 150 151 254 152 153 255 154 155 156 157 158 159 160 162 163 164 165 166 167 168 169 170 171 172 173 174 175 176 178 179 180 181 182 183 184 256 186 187 188 189 190 191 192 193 194 195 196 197 198 199 257 258 200 201 202 203 204 205 206 207 208 209 210 211 212 213 214 215 216 217 218 220 221 222 223 224 225 226 227 228 229 259 230 231 232 233 234 235 260 236 237 238 239 240 241 261 242 243 244 262 245 246 247 248
p4:5 A 0 1 2 3 4 5 6 7 8 9 10 12 13 14 267 15 16 17 18 19 20 21 22 23 24 25 26 27 28 29 30 268 31 32 33 34 35 36 37 38 39 40 41 269 42 43 44 45 46 47 48 49 50 51 53 54 55 56 57 58 59 60 61 62 63 64 65 66 67 68 69 70 71 72 73 74 76 251 77 78 79 80 81 82 83 84 85 87 88 89 90 91 92 93 94 95 96 97 252 253 99 100 101 102 103 104 105 106 109 110 111 112 113 114 115 116 117 118 119 120 121 122 123 124 125 126 127 128 129 130 131 132 133 134 135 136 137 138 139 140 141 142 143 144 145 146 147 263 148 149 150 151 254 152 153 255 154 155 156 157 158 159 160 162 163 164 165 166 167 168 169 170 171 172 264 173 265 174 175 176 178 179 180 181 182 183 184 256 186 187 188 189 190 191 192 193 194 195 196 197 198 199 257 200 201 202 203 204 205 206 207 208 209 210 211 212 213 214 215 216 217 218 220 221 222 223 224 225 226 227 228 229 259 230 270 231 232 233 234 235 260 236 237 238 239 240 241 261 242 243 244 262 245 246 247 248
p4:6 A 0 1 2 3 4 5 6 7 8 9 10 271 12 13 14 15 16 17 18 19 20 21 22 23 24 25 26 27 28 29 30 31 32 33 34 35 36 37 38 39 40 41 42 43 44 45 46 47 48 49 50 51 52 53 54 55 56 57 58 59 60 61 62 63 64 65 66 67 68 69 70 71 72 73 74 76 272 77 78 79 80 81 82 83 84 85 87 88 89 90 91 92 93 94 95 96 97 99 100 101 102 103 104 105 106 109 110 111 112 113 114 115 116 117 118 119 120 121 122 123 124 125 126 127 128 129 130 131 132 133 134 135 136 137 138 139 140 141 142 143 144 145 146 273 147 148 149 150 151 152 153 154 274 275 155 276 156 277 157 158 159 160 162 163 164 165 166 167 168 169 278 170 279 171 172 173 174 175 176 178 179 180 181 182 183 184 186 187 188 189 190 191 192 193 194 195 196 197 198 199 200 201 202 203 204 205 206 207 208 209 210 211 212 213 214 215 280 216 217 218 220 221 222 223 224 225 226 227 228 229 230 231 232 233 234 235 236 237 238 239 240 241 242 243 244 245 246 247 248
p4:7 A 0 1 2 3 4 5 6 7 8 9 10 12 13 14 15 16 17 18 19 20 21 22 23 24 25 26 27 28 29 30 31 32 33 249 250 34 35 36 37 38 39 40 41 42 43 44 45 46 47 48 49 50 51 53 54 55 56 57 58 59 60 61 62 63 64 65 66 67 68 69 70 71 72 73 74 76 251 77 78 79 80 81 82 83 84 85 87 88 89 90 91 92 93 94 95 96 97 252 253 99 100 101 102 103 104 105 106 109 110 111 112 113 114 115 116 117 118 119 120 121 122 123 124 125 126 127 128 129 130 131 132 133 134 135 136 137 138 139 140 141 142 143 144 145 146 147 148 149 150 151 254 152 153 255 154 155 156 157 158 159 160 162 163 164 165 166 167 168 169 170 171 172 173 174 175 176 178 179 180 181 182 183 184 256 186 187 188 189 190 191 192 193 194 195 196 197 198 199 257 258 200 201 202 203 204 205 206 207 208 209 210 211 212 213 214 215 216 217 218 220 221 222 223 224 225 226 227 228 229 259 230 231 232 233 234 235 260 236 237 238 239 240 241 261 242 243 244 262 245 246 247 248
p4:8 A 0 1 2 3 4 5 6 7 8 9 10 12 13 14 15 16 17 18 19 20 21 22 23 24 25 26 27 28 29 30 31 32 33 34 35 36 37 38 39 40 41 42 43 44 45 46 47 48 49 50 51 52 53 54 55 56 57 58 59 60 61 62 63 64 65 66 67 68 69 70 71 72 73 74 76 77 78 79 80 81 82 83 84 85 86 87 88 89 90 91 92 93 94 95 96 97 99 100 101 102 103 104 105 106 107 108 109 110 111 112 281 113 114 115 116 117 118 119 120 121 122 123 124 125 126 127 128 129 130 131 132 133 134 135 136 137 138 139 140 141 142 143 144 145 146 147 148 149 150 151 152 153 154 155 156 157 158 159 160 161 162 163 164 165 166 167 168 169 170 171 172 173 174 282 175 176 177 178 179 180 181 182 183 184 185 186 187 188 189 190 191 192 193 194 195 196 197 198 199 200 201 202 203 204 205 206 207 208 209 210 211 212 213 214 215 216 217 218 219 220 221 222 223 224 225 226 227 228 229 230 231 232 233 234 235 236 237 238 239 240 241 242 243 244 283 245 246 247 248
p4:9 A 0 1 2 3 4 5 6 7 8 9 10 12 13 14 15 16 17 18 19 20 21 22 23 24 25 26 27 28 29 30 31 32 33 249 250 34 35 36 37 38 39 40 41 42 43 44 45 46 47 48 49 50 51 53 54 55 56 57 58 59 60 61 62 63 64 65 66 67 68 69 70 71 72 73 74 76 251 77 78 79 80 81 82 83 84 85 87 88 89 90 91 92 93 94 95 96 97 252 253 99 100 101 102 103 104 105 106 109 110 111 112 113 114 115 116 117 118 119 120 121 122 123 124 125 126 127 128 129 130 131 132 133 134 135 136 137 138 139 140 141 142 143 144 145 146 147 148 149 150 151 254 152 153 255 154 155 156 157 158 159 160 162 163 164 165 166 167 168 169 170 171 172 173 174 175 176 178 179 180 181 182 183 184 256 186 187 188 189 190 191 192 193 194 195 196 197 198 199 257 258 200 201 202 203 204 205 206 207 208 209 210 211 212 213 214 215 216 217 218 220 221 222 223 224 225 226 227 228 229 259 230 231 232 233 234 235 260 236 237 238 239 240 241 261 242 243 244 262 245 246 247 248
