#OUT: 25000 SS p60 10 /Users/josephzou/Desktop/Sample_data/SubHum-p60-Sample.txt
Mutations:
305 22872 m1 83896 0 0.5 p1 1147 10
291 24247 m1 78776 0 0.5 p1 1217 10
253 27886 m1 67063 0 0.5 p1 1400 10
274 36205 m7 74548 0 0.5 p1 1822 10
246 37753 m1 63630 0 0.5 p1 1897 10
229 46768 m1 56628 0 0.5 p1 2343 10
275 49565 m7 74748 0 0.5 p1 2481 10
318 54734 m2 86638 0 0.5 p1 2739 10
242 55790 m1 62993 0 0.5 p1 2792 10
123 58834 m1 34504 0 0.5 p1 2951 10
23 59599 m3 7494 0.00999999978 0.5 p1 2988 10
9 60951 m1 3158 0 0.5 p1 3061 10
238 67133 m1 60240 0 0.5 p1 3339 10
308 72285 m1 84290 0 0.5 p1 3478 10
39 75287 m3 9052 0.00999999978 0.5 p1 3559 10
267 76654 m7 72813 0 0.5 p1 3597 10
165 79530 m6 50353 0.00999999978 0.5 p1 3678 10
115 80151 m1 32973 0 0.5 p1 3695 10
237 82220 m1 59644 0 0.5 p1 3751 10
300 82853 m1 82303 0 0.5 p1 3769 10
193 94191 m6 51765 0.00999999978 0.5 p1 4078 10
260 94229 m1 70249 0 0.5 p1 4079 10
81 95422 m1 19810 0 0.5 p1 4112 10
80 99286 m1 19050 0 0.5 p1 4217 10
282 99690 m2 76517 0 0.5 p1 4229 10
205 101988 m6 52390 0.00999999978 0.5 p1 4293 10
336 104339 m1 96930 0 0.5 p1 4358 10
137 104570 m1 42575 0 0.5 p1 4364 10
6 112018 m1 1413 0 0.5 p1 4572 10
147 113303 m1 46311 0 0.5 p1 4607 10
199 114287 m6 52042 0.00999999978 0.5 p1 4633 10
110 116398 m1 31777 0 0.5 p1 4689 10
42 118334 m3 9570 0.00999999978 0.5 p1 4741 10
96 120999 m1 25451 0 0.5 p1 4816 10
286 121492 m1 77459 0 0.5 p1 4829 10
266 121956 m2 72780 0 0.5 p1 4841 10
240 122416 m1 61772 0 0.5 p1 4854 10
8 123004 m1 2397 0 0.5 p1 4869 10
338 123129 m1 99272 0 0.5 p1 4872 10
194 124809 m6 51774 0.00999999978 0.5 p1 4917 10
255 133935 m1 67114 0 0.5 p5 5100 10
289 145590 m1 77766 0 0.5 p5 5288 10
105 149689 m1 30361 0 0.5 p5 5356 10
312 155185 m8 85229 0 0.5 p5 5445 10
106 156580 m1 30373 0 0.5 p5 5467 10
210 160253 m2 52525 0 0.5 p5 5528 10
4 165005 m1 1233 0 0.5 p5 5605 10
21 169313 m3 7407 0.00999999978 0.5 p5 5676 10
0 181401 m1 228 0 0.5 p5 5872 10
128 181863 m1 37886 0 0.5 p5 5880 10
261 182664 m1 70364 0 0.5 p5 5893 10
339 186923 m1 99283 0 0.5 p5 5962 10
227 190708 m1 55952 0 0.5 p5 6025 10
163 191090 m6 50082 0.00999999978 0.5 p5 6031 10
127 194543 m1 37790 0 0.5 p5 6089 10
176 195215 m6 51081 0.00999999978 0.5 p5 6100 10
78 204466 m1 18000 0 0.5 p5 6252 10
116 207335 m1 33076 0 0.5 p5 6298 10
69 207649 m3 11610 0.00999999978 0.5 p5 6303 10
11 211001 m1 3620 0 0.5 p5 6357 10
111 212726 m1 31884 0 0.5 p5 6385 10
268 215064 m2 72990 0 0.5 p5 6422 10
184 215404 m6 51343 0.00999999978 0.5 p5 6428 10
320 224358 m1 88138 0 0.5 p5 6571 10
208 227470 m6 52455 0.00999999978 0.5 p5 6617 10
47 233626 m3 10177 0.00999999978 0.5 p5 6696 10
323 240175 m1 89353 0 0.5 p5 6781 10
86 242026 m1 21895 0 0.5 p5 6805 10
2 246093 m1 581 0 0.5 p5 6858 10
243 250440 m1 63002 0 0.5 p5 6915 10
217 257024 m6 52898 0.00999999978 0.5 p5 6999 10
134 259063 m1 40846 0 0.5 p5 7025 10
166 261098 m6 50357 0.00999999978 0.5 p5 7051 10
247 268288 m1 63880 0 0.5 p5 7142 10
316 278124 m8 85988 0 0.5 p5 7268 10
204 279732 m6 52254 0.00999999978 0.5 p5 7289 10
331 283498 m1 95572 0 0.5 p5 7338 10
100 287088 m1 28681 0 0.5 p5 7384 10
61 287331 m3 11064 0.00999999978 0.5 p5 7387 10
143 293679 m1 45487 0 0.5 p5 7469 10
17 295787 m3 7190 0.00999999978 0.5 p5 7496 10
241 301141 m1 61857 0 0.5 p5 7564 10
314 301493 m2 85441 0 0.5 p5 7569 10
141 301578 m1 45016 0 0.5 p5 7570 10
102 302942 m1 28953 0 0.5 p5 7588 10
71 304375 m1 11942 0 0.5 p5 7605 10
40 306975 m3 9139 0.00999999978 0.5 p5 7639 10
310 309921 m8 84985 0 0.5 p5 7676 10
13 310072 m1 4588 0 0.5 p5 7678 10
14 312921 m1 5613 0 0.5 p5 7715 10
262 325241 m1 70531 0 0.5 p5 7871 10
259 328359 m1 69365 0 0.5 p5 7911 10
93 328694 m1 23494 0 0.5 p5 7915 10
156 329014 m6 49424 0.00999999978 0.5 p5 7919 10
200 336417 m6 52056 0.00999999978 0.5 p5 8014 10
207 336907 m6 52439 0.00999999978 0.5 p5 8020 10
50 338392 m3 10231 0.00999999978 0.5 p5 8039 10
302 348176 m1 82891 0 0.5 p5 8166 10
258 377712 m1 69070 0 0.5 p10 8460 10
31 384011 m3 8107 0.00999999978 0.5 p10 8513 10
215 385315 m6 52849 0.00999999978 0.5 p10 8524 10
55 397110 m3 10634 0.00999999978 0.5 p10 8624 10
284 407850 m7 77059 0 0.5 p10 8716 10
3 416594 m1 598 0 0.5 p10 8791 10
202 416826 m6 52135 0.00999999978 0.5 p10 8793 10
221 425548 m6 53501 0.00999999978 0.5 p10 8867 10
256 428953 m1 68041 0 0.5 p10 8895 10
313 430294 m2 85243 0 0.5 p10 8907 10
216 438900 m6 52882 0.00999999978 0.5 p10 8980 10
279 453077 m7 75686 0 0.5 p10 9101 10
133 460099 m1 40840 0 0.5 p10 9161 10
295 461263 m1 81239 0 0.5 p10 9171 10
29 461880 m3 8045 0.00999999978 0.5 p10 9176 10
177 471412 m6 51085 0.00999999978 0.5 p10 9257 10
276 485865 m7 75066 0 0.5 p10 9379 10
254 488264 m1 67093 0 0.5 p10 9399 10
64 490039 m3 11188 0.00999999978 0.5 p10 9415 10
296 491810 m1 81299 0 0.5 p10 9430 10
315 494227 m2 85513 0 0.5 p10 9451 10
270 508390 m7 73642 0 0.5 p10 9571 10
7 508491 m1 1904 0 0.5 p10 9572 10
219 518863 m6 53408 0.00999999978 0.5 p10 9659 10
103 528714 m1 29178 0 0.5 p10 9741 10
132 536843 m1 40646 0 0.5 p10 9811 10
228 536844 m1 55995 0 0.5 p10 9811 10
99 538233 m1 28485 0 0.5 p10 9823 10
87 556829 m1 21897 0 0.5 p10 9981 10
214 562540 m6 52788 0.00999999978 0.5 p10 10025 10
211 563128 m6 52587 0.00999999978 0.5 p10 10029 10
317 565845 m8 86051 0 0.5 p10 10049 10
335 578289 m1 96854 0 0.5 p10 10140 10
125 600924 m1 34763 0 0.5 p10 10304 10
340 604449 m1 99439 0 0.5 p10 10329 10
332 631749 m1 96746 0 0.5 p10 10529 10
76 643704 m1 17471 0 0.5 p10 10616 10
299 653153 m1 82071 0 0.5 p10 10684 10
196 661444 m6 51922 0.00999999978 0.5 p10 10744 10
337 661729 m1 98694 0 0.5 p10 10746 10
250 664992 m1 65360 0 0.5 p10 10770 10
234 696710 m1 57827 0 0.5 p10 11000 10
273 701512 m2 74280 0 0.5 p10 11034 10
263 703922 m1 71764 0 0.5 p10 11052 10
82 704471 m1 19941 0 0.5 p10 11056 10
67 707335 m3 11558 0.00999999978 0.5 p10 11076 10
182 710345 m6 51305 0.00999999978 0.5 p10 11098 10
330 730562 m1 94996 0 0.5 p10 11243 10
84 731386 m1 20040 0 0.5 p10 11249 10
28 732350 m3 8039 0.00999999978 0.5 p10 11256 10
72 734226 m1 12883 0 0.5 p10 11270 10
113 758185 m1 32678 0 0.5 p10 11445 10
25 779699 m2 7783 0 0.5 p10 11601 10
248 788747 m1 64115 0 0.5 p10 11666 10
121 791766 m1 34421 0 0.5 p10 11688 10
70 797505 m1 11832 0 0.5 p10 11729 10
190 800616 m2 51656 0 0.5 p10 11752 10
22 805737 m3 7469 0.00999999978 0.5 p10 11790 10
91 826747 m1 23236 0 0.5 p10 11942 10
164 827854 m6 50177 0.00999999978 0.5 p10 11950 10
269 832792 m2 73158 0 0.5 p10 11985 10
129 849199 m1 38155 0 0.5 p10 12102 10
173 852515 m6 50887 0.00999999978 0.5 p10 12126 10
46 856452 m3 10167 0.00999999978 0.5 p10 12155 10
89 861943 m1 22666 0 0.5 p10 12195 10
186 870093 m6 51438 0.00999999978 0.5 p10 12255 10
230 879594 m1 56654 0 0.5 p10 12324 10
16 889828 m2 7035 0 0.5 p10 12399 10
278 899567 m7 75671 0 0.5 p10 12469 10
306 926474 m1 84036 0 0.5 p10 12665 10
172 929625 m6 50790 0.00999999978 0.5 p10 12688 10
94 948301 m1 24134 0 0.5 p10 12824 10
142 953177 m1 45460 0 0.5 p10 12860 10
131 954953 m1 40444 0 0.5 p10 12873 10
244 970145 m1 63059 0 0.5 p10 12983 10
1 993218 m1 517 0 0.5 p10 13151 10
37 993378 m3 8548 0.00999999978 0.5 p10 13152 10
155 993519 m6 49371 0.00999999978 0.5 p10 13153 10
77 1016081 m1 17823 0 0.5 p10 13317 10
180 1026437 m6 51276 0.00999999978 0.5 p10 13393 10
293 1054476 m1 80607 0 0.5 p10 13597 10
264 1065596 m1 71850 0 0.5 p10 13678 10
108 1085150 m1 30800 0 0.5 p10 13821 10
135 1092103 m1 40879 0 0.5 p10 13872 10
54 1097098 m3 10589 0.00999999978 0.5 p10 13908 10
63 1101604 m3 11150 0.00999999978 0.5 p10 13939 10
321 1139885 m1 88190 0 0.5 p10 14217 10
139 1142281 m1 43577 0 0.5 p10 14235 10
138 1148315 m1 43396 0 0.5 p10 14280 10
18 1155909 m3 7218 0.00999999978 0.5 p10 14335 10
303 1158846 m1 83234 0 0.5 p10 14356 10
144 1165361 m1 45655 0 0.5 p10 14403 10
15 1166626 m1 6456 0 0.5 p10 14412 10
53 1189081 m3 10427 0.00999999978 0.5 p10 14575 10
73 1198724 m1 13795 0 0.5 p10 14646 10
153 1202763 m1 49132 0 0.5 p10 14675 10
292 1204523 m1 79325 0 0.5 p10 14688 10
325 1209358 m1 91410 0 0.5 p10 14723 10
225 1220093 m1 54829 0 0.5 p10 14801 10
245 1229582 m1 63372 0 0.5 p10 14869 10
34 1243966 m3 8280 0.00999999978 0.5 p10 14975 10
226 1252486 m1 55556 0 0.5 p6 15020 10
181 1276550 m6 51291 0.00999999978 0.5 p6 15117 10
257 1339733 m1 68285 0 0.5 p6 15375 10
252 1357728 m1 67006 0 0.5 p6 15449 10
38 1361270 m3 8808 0.00999999978 0.5 p6 15463 10
124 1402226 m1 34642 0 0.5 p6 15625 10
122 1426464 m1 34450 0 0.5 p6 15721 10
98 1448686 m1 26475 0 0.5 p6 15808 10
48 1452933 m3 10203 0.00999999978 0.5 p6 15824 10
239 1520114 m1 60858 0 0.5 p6 16083 10
304 1524771 m1 83546 0 0.5 p6 16101 10
213 1533326 m6 52721 0.00999999978 0.5 p6 16134 10
90 1540546 m1 22986 0 0.5 p6 16162 10
271 1559095 m7 73725 0 0.5 p6 16233 10
209 1576435 m6 52522 0.00999999978 0.5 p6 16300 10
60 1612129 m3 10999 0.00999999978 0.5 p6 16437 10
145 1629516 m1 46038 0 0.5 p6 16504 10
322 1631588 m1 89164 0 0.5 p6 16512 10
114 1631590 m1 32753 0 0.5 p6 16512 10
174 1649212 m6 50924 0.00999999978 0.5 p6 16580 10
175 1673567 m6 50945 0.00999999978 0.5 p6 16674 10
285 1675878 m2 77225 0 0.5 p6 16683 10
65 1676935 m3 11487 0.00999999978 0.5 p6 16687 10
168 1695951 m6 50422 0.00999999978 0.5 p6 16761 10
92 1701495 m1 23405 0 0.5 p6 16782 10
85 1740986 m1 20048 0 0.5 p6 16934 10
206 1768251 m6 52404 0.00999999978 0.5 p6 17039 10
326 1786276 m1 92136 0 0.5 p6 17109 10
162 1822676 m6 50033 0.00999999978 0.5 p6 17248 10
287 1826294 m1 77668 0 0.5 p6 17262 10
5 1841653 m1 1342 0 0.5 p6 17322 10
79 1925003 m1 18149 0 0.5 p6 17644 10
66 1943270 m3 11504 0.00999999978 0.5 p6 17714 10
179 1971613 m6 51216 0.00999999978 0.5 p6 17824 10
24 1972377 m3 7507 0.00999999978 0.5 p6 17827 10
136 1993043 m1 41245 0 0.5 p6 17907 10
319 2011069 m1 87863 0 0.5 p6 17976 10
301 2038714 m1 82367 0 0.5 p6 18083 10
324 2060517 m1 89374 0 0.5 p6 18167 10
281 2067312 m2 76357 0 0.5 p6 18193 10
235 2096443 m1 58501 0 0.5 p6 18305 10
30 2111512 m3 8089 0.00999999978 0.5 p6 18363 10
309 2140507 m8 84690 0 0.5 p6 18475 10
195 2166291 m6 51887 0.00999999978 0.5 p6 18574 10
265 2175360 m7 72760 0 0.5 p6 18609 10
197 2215441 m6 51938 0.00999999978 0.5 p6 18765 10
51 2231412 m3 10290 0.00999999978 0.5 p6 18827 10
297 2250754 m1 81619 0 0.5 p6 18901 10
231 2255318 m1 56700 0 0.5 p6 18919 10
95 2299820 m1 24664 0 0.5 p6 19092 10
170 2300306 m6 50724 0.00999999978 0.5 p6 19094 10
158 2332736 m6 49586 0.00999999978 0.5 p6 19218 10
109 2348637 m1 31123 0 0.5 p6 19279 10
146 2354576 m1 46200 0 0.5 p6 19302 10
188 2360559 m2 51598 0 0.5 p6 19325 10
36 2392396 m3 8535 0.00999999978 0.5 p6 19447 10
68 2397344 m3 11558 0.00999999978 0.5 p6 19466 10
187 2426869 m6 51579 0.00999999978 0.5 p6 19580 10
119 2452727 m1 33963 0 0.5 p6 19680 10
26 2456817 m3 7918 0.00999999978 0.5 p6 19696 10
192 2464296 m6 51725 0.00999999978 0.5 p6 19725 10
120 2465080 m1 34016 0 0.5 p6 19728 10
58 2474701 m3 10836 0.00999999978 0.5 p6 19766 10
126 2516104 m5 36864 0 0.5 p6 19927 10
218 2560271 m6 53393 0.00999999978 0.5 p6 20055 10
104 2566297 m1 29877 0 0.5 p6 20068 10
167 2578171 m6 50368 0.00999999978 0.5 p6 20094 10
161 2615698 m6 49857 0.00999999978 0.5 p6 20177 10
49 2667450 m3 10215 0.00999999978 0.5 p6 20290 10
57 2671286 m3 10767 0.00999999978 0.5 p6 20298 10
19 2696568 m3 7281 0.00999999978 0.5 p6 20353 10
191 2779668 m6 51710 0.00999999978 0.5 p6 20535 10
44 2845739 m3 9633 0.00999999978 0.5 p6 20679 10
117 2856077 m1 33125 0 0.5 p6 20702 10
154 2860269 m6 49256 0.00999999978 0.5 p6 20711 10
307 2872823 m1 84280 0 0.5 p6 20738 10
10 2879671 m1 3499 0 0.5 p6 20753 10
294 2892885 m1 81038 0 0.5 p6 20782 10
232 3040358 m1 57024 0 0.5 p6 21105 10
140 3043624 m1 44801 0 0.5 p6 21112 10
185 3047066 m6 51402 0.00999999978 0.5 p6 21120 10
97 3071414 m1 26196 0 0.5 p6 21173 10
130 3082048 m1 40184 0 0.5 p6 21196 10
178 3097127 m6 51113 0.00999999978 0.5 p6 21229 10
43 3144011 m3 9607 0.00999999978 0.5 p6 21332 10
74 3158243 m1 14107 0 0.5 p6 21363 10
59 3174940 m3 10958 0.00999999978 0.5 p6 21400 10
203 3292887 m6 52154 0.00999999978 0.5 p6 21659 10
32 3301814 m3 8133 0.00999999978 0.5 p6 21679 10
222 3361358 m6 53507 0.00999999978 0.5 p6 21809 10
327 3365072 m1 93796 0 0.5 p6 21817 10
62 3415387 m3 11113 0.00999999978 0.5 p6 21927 10
56 3417177 m3 10725 0.00999999978 0.5 p6 21931 10
251 3515823 m1 65590 0 0.5 p6 22147 10
157 3540646 m6 49446 0.00999999978 0.5 p6 22201 10
249 3555522 m1 65107 0 0.5 p6 22233 10
277 3560997 m7 75515 0 0.5 p6 22245 10
183 3588292 m6 51333 0.00999999978 0.5 p6 22305 10
236 3598659 m1 59243 0 0.5 p6 22328 10
189 3616754 m6 51626 0.00999999978 0.5 p6 22368 10
75 3629370 m2 16112 0 0.5 p6 22396 6
20 3671737 m3 7349 0.00999999978 0.5 p6 22489 6
148 3695951 m1 46341 0 0.5 p6 22542 10
52 3697319 m3 10319 0.00999999978 0.5 p6 22545 8
41 3701293 m3 9300 0.00999999978 0.5 p6 22554 6
298 3712560 m1 81842 0 0.5 p6 22579 10
347 3714295 m3 9053 0.00999999978 0.5 p6 22583 4
12 3725297 m1 4128 0 0.5 p6 22607 6
212 3753710 m6 52598 0.00999999978 0.5 p6 22669 10
233 3754098 m1 57750 0 0.5 p6 22670 10
387 3839821 m1 11883 0 0.5 p6 22858 2
348 3841879 m3 9313 0.00999999978 0.5 p6 22863 4
374 3899824 m1 17434 0 0.5 p6 22990 4
152 3907091 m1 48609 0 0.5 p6 23006 9
169 3945219 m6 50448 0.00999999978 0.5 p6 23090 10
83 3949613 m1 19949 0 0.5 p6 23100 6
344 3966329 m3 8264 0.00999999978 0.5 p6 23137 4
198 3971393 m6 51945 0.00999999978 0.5 p6 23148 10
149 4015923 m1 47237 0 0.5 p6 23246 10
346 4024967 m3 8517 0.00999999978 0.5 p6 23266 4
45 4049251 m3 9828 0.00999999978 0.5 p6 23319 6
33 4053625 m3 8169 0.00999999978 0.5 p6 23329 6
342 4101639 m1 3002 0 0.5 p6 23434 4
334 4109306 m1 96784 0 0.5 p6 23451 8
35 4142740 m3 8471 0.00999999978 0.5 p6 23524 2
288 4150965 m1 77755 0 0.5 p6 23542 10
372 4157037 m1 11845 0 0.5 p6 23555 4
350 4177087 m3 9924 0.00999999978 0.5 p6 23599 4
371 4190593 m3 11104 0.00999999978 0.5 p6 23629 4
329 4199905 m1 94884 0 0.5 p6 23649 10
341 4205889 m1 675 0 0.5 p6 23662 4
283 4217266 m7 76549 0 0.5 p6 23687 10
118 4234436 m1 33519 0 0.5 p6 23725 9
403 4246834 m6 53626 0.00999999978 0.5 p6 23752 1
201 4261483 m6 52115 0.00999999978 0.5 p6 23784 9
373 4262317 m1 12350 0 0.5 p6 23786 4
401 4267015 m1 44294 0 0.5 p6 23796 1
280 4273982 m2 76174 0 0.5 p6 23811 9
427 4292508 m1 67184 0 0.5 p6 23852 1
429 4295848 m7 74058 0 0.5 p6 23859 1
408 4298192 m1 99081 0 0.5 p6 23864 1
272 4303201 m7 73818 0 0.5 p6 23875 9
407 4311232 m1 99009 0 0.5 p6 23893 1
101 4313466 m1 28688 0 0.5 p6 23898 7
112 4321889 m1 32672 0 0.5 p6 23916 7
361 4330383 m1 95330 0 0.5 p6 23935 3
328 4352835 m1 94174 0 0.5 p6 23984 4
343 4359398 m1 4836 0 0.5 p6 23998 4
402 4370717 m6 53578 0.00999999978 0.5 p6 24023 1
390 4373806 m1 46922 0 0.5 p6 24030 2
379 4380625 m1 68893 0 0.5 p6 24045 2
368 4386041 m3 8970 0.00999999978 0.5 p6 24057 4
428 4409884 m1 69366 0 0.5 p6 24109 1
349 4414857 m3 9831 0.00999999978 0.5 p6 24120 4
414 4421129 m1 83053 0 0.5 p6 24134 1
415 4443972 m1 96778 0 0.5 p6 24184 1
160 4456802 m6 49719 0.00999999978 0.5 p6 24212 5
426 4458664 m1 55721 0 0.5 p6 24216 1
406 4460017 m8 85253 0 0.5 p6 24219 1
422 4463185 m1 31959 0 0.5 p6 24226 1
423 4465010 m1 38924 0 0.5 p6 24230 1
159 4470749 m6 49704 0.00999999978 0.5 p6 24243 5
345 4476303 m3 8484 0.00999999978 0.5 p6 24255 4
370 4480465 m3 10069 0.00999999978 0.5 p6 24264 4
424 4480963 m1 46997 0 0.5 p6 24265 1
27 4499953 m3 8025 0.00999999978 0.5 p6 24307 2
224 4508002 m1 54441 0 0.5 p6 24324 2
357 4515442 m1 46534 0 0.5 p6 24340 2
358 4516749 m6 52140 0.00999999978 0.5 p6 24343 2
413 4518500 m1 79862 0 0.5 p6 24347 1
386 4523893 m3 11552 0.00999999978 0.5 p6 24359 2
400 4523960 m1 39608 0 0.5 p6 24359 1
352 4533481 m1 17552 0 0.5 p6 24380 2
88 4539647 m1 22320 0 0.5 p6 24394 2
377 4542340 m1 56866 0 0.5 p6 24400 2
359 4544744 m1 91321 0 0.5 p6 24405 3
430 4546557 m2 84400 0 0.5 p6 24409 1
220 4556058 m6 53450 0.00999999978 0.5 p6 24430 2
425 4562120 m6 50046 0.00999999978 0.5 p6 24443 1
393 4566444 m1 67200 0 0.5 p6 24453 1
405 4579143 m1 83475 0 0.5 p6 24481 1
380 4579262 m1 79372 0 0.5 p6 24481 2
420 4581455 m1 19740 0 0.5 p6 24486 1
375 4583356 m6 50312 0.00999999978 0.5 p6 24490 2
397 4590031 m1 87498 0 0.5 p6 24505 1
396 4591057 m1 78313 0 0.5 p6 24507 1
389 4602003 m1 37784 0 0.5 p6 24531 1
333 4602079 m1 96765 0 0.5 p6 24531 2
394 4603303 m1 72128 0 0.5 p6 24534 1
223 4605782 m6 53628 0.00999999978 0.5 p6 24539 2
360 4606992 m1 91552 0 0.5 p6 24542 3
416 4611140 m1 3991 0 0.5 p6 24551 1
399 4612172 m1 14072 0 0.5 p6 24553 1
412 4619762 m6 51489 0.00999999978 0.5 p6 24570 1
354 4626247 m1 26537 0 0.5 p6 24584 2
369 4635591 m3 9560 0.00999999978 0.5 p6 24604 2
431 4635955 m1 87894 0 0.5 p6 24605 1
363 4636049 m5 36703 0 0.5 p6 24605 1
404 4641455 m6 53632 0.00999999978 0.5 p6 24617 1
395 4652815 m7 77160 0 0.5 p6 24642 1
365 4656058 m1 61503 0 0.5 p6 24649 1
385 4661985 m3 7187 0.00999999978 0.5 p6 24662 1
378 4663245 m1 64702 0 0.5 p6 24665 2
409 4665046 m1 99165 0 0.5 p6 24669 1
388 4667368 m1 29502 0 0.5 p6 24674 1
362 4671484 m3 9808 0.00999999978 0.5 p6 24683 1
410 4672358 m1 4344 0 0.5 p6 24685 1
384 4672928 m1 40990 0 0.5 p6 24686 1
151 4679246 m1 48072 0 0.5 p6 24700 1
351 4680138 m3 11111 0.00999999978 0.5 p6 24702 1
419 4684305 m1 13394 0 0.5 p6 24711 1
171 4686108 m6 50769 0.00999999978 0.5 p6 24715 1
290 4686550 m1 78300 0 0.5 p6 24716 1
107 4688263 m1 30550 0 0.5 p6 24720 1
383 4712087 m1 28355 0 0.5 p6 24772 1
353 4717013 m1 19718 0 0.5 p6 24783 1
381 4728753 m3 8010 0.00999999978 0.5 p6 24809 1
418 4731499 m3 8592 0.00999999978 0.5 p6 24815 1
376 4731971 m6 50620 0.00999999978 0.5 p6 24816 2
150 4733252 m1 47912 0 0.5 p6 24819 1
392 4756833 m6 51211 0.00999999978 0.5 p6 24873 1
364 4757417 m1 60944 0 0.5 p6 24874 1
382 4767429 m1 19812 0 0.5 p6 24897 1
417 4768638 m3 7580 0.00999999978 0.5 p60 24899 1
411 4771305 m1 43077 0 0.5 p60 24905 1
398 4773886 m1 94087 0 0.5 p60 24911 1
366 4775801 m7 77202 0 0.5 p6 24916 1
356 4778587 m1 38706 0 0.5 p6 24922 1
367 4779316 m1 92102 0 0.5 p6 24924 1
355 4785433 m1 33152 0 0.5 p6 24938 1
391 4792248 m2 49227 0 0.5 p60 24953 1
432 4796611 m1 89931 0 0.5 p60 24963 1
421 4797923 m1 22730 0 0.5 p60 24966 1
311 4804457 m8 85077 0 0.5 p60 24981 1
Genomes:
p60:0 A 0 1 2 3 4 5 6 7 8 9 10 11 12 13 14 15 16 17 18 19 20 21 22 23 24 25 26 27 28 29 30 31 32 33 34 35 36 37 38 39 40 41 42 43 44 45 46 47 48 49 50 51 52 53 54 55 56 57 58 59 60 61 62 63 64 65 66 67 68 69 70 71 72 73 74 75 76 77 78 79 80 81 82 83 84 85 86 87 88 89 90 91 92 93 94 95 96 97 98 99 100 101 102 103 104 105 106 107 108 109 110 111 112 113 114 115 116 117 118 119 120 121 122 123 124 125 126 127 128 129 130 131 132 133 134 135 136 137 138 139 140 141 142 143 144 145 146 147 148 149 150 151 152 153 154 155 156 157 158 159 160 161 162 163 164 165 166 167 168 169 170 171 172 173 174 175 176 177 178 179 180 181 182 183 184 185 186 187 188 189 190 191 192 193 194 195 196 197 198 199 200 201 202 203 204 205 206 207 208 209 210 211 212 213 214 215 216 217 218 219 220 221 222 223 224 225 226 227 228 229 230 231 232 233 234 235 236 237 238 239 240 241 242 243 244 245 246 247 248 249 250 251 252 253 254 255 256 257 258 259 260 261 262 263 264 265 266 267 268 269 270 271 272 273 274 275 276 277 278 279 280 281 282 283 284 285 286 287 288 289 290 291 292 293 294 295 296 297 298 299 300 301 302 303 304 305 306 307 308 309 310 311 312 313 314 315 316 317 318 319 320 321 322 323 324 325 326 327 328 329 330 331 332 333 334 335 336 337 338 339 340
p60:1 A 0 1 2 3 341 4 5 6 7 8 342 9 10 11 13 343 14 15 16 17 18 19 21 22 23 24 25 26 28 29 30 31 32 344 34 345 346 36 37 38 39 347 40 348 42 43 44 349 350 46 47 48 49 50 51 52 53 54 55 56 57 58 59 60 61 351 62 63 64 65 66 67 68 69 70 71 72 73 74 75 76 352 77 78 79 80 353 81 82 83 84 85 86 87 89 90 91 92 93 94 95 96 97 98 354 99 100 101 102 103 104 105 106 108 109 110 111 112 113 114 115 116 117 355 118 119 120 121 122 123 124 125 126 127 128 129 356 130 131 132 133 134 135 136 137 138 139 140 141 142 143 144 145 146 147 148 357 149 152 153 154 155 156 157 158 159 160 161 162 163 164 165 166 167 168 169 170 172 173 174 175 176 177 178 179 180 181 182 183 184 185 186 187 188 189 190 191 192 193 194 195 196 197 198 199 200 201 202 358 203 204 205 206 207 208 209 210 211 212 213 214 215 216 217 218 219 221 222 225 226 227 228 229 230 231 232 233 234 235 236 237 238 239 240 241 242 243 244 245 246 247 248 249 250 251 252 253 254 255 256 257 258 259 260 261 262 263 264 265 266 267 268 269 270 271 272 273 274 275 276 277 278 279 280 281 282 283 284 285 286 287 288 289 291 292 293 294 295 296 297 298 299 300 301 302 303 304 305 306 307 308 309 310 312 313 314 315 316 317 318 319 320 321 322 323 324 359 325 360 326 327 329 330 361 331 332 334 335 336 337 338 339 340
p60:2 A 0 1 2 3 4 5 6 7 8 9 10 11 12 13 14 15 16 17 18 19 20 21 22 23 24 25 26 27 28 29 30 31 32 33 34 35 36 37 38 39 40 41 42 43 44 362 45 46 47 48 49 50 51 52 53 54 55 56 57 58 59 60 61 62 63 64 65 66 67 68 69 70 71 72 73 74 75 76 77 78 79 80 81 82 83 84 85 86 87 88 89 90 91 92 93 94 95 96 97 98 99 100 101 102 103 104 105 106 108 109 110 111 112 113 114 115 116 117 118 119 120 121 122 123 124 125 363 126 127 128 129 130 131 132 133 134 135 136 137 138 139 140 141 142 143 144 145 146 147 148 149 152 153 154 155 156 157 158 159 160 161 162 163 164 165 166 167 168 169 170 172 173 174 175 176 177 178 179 180 181 182 183 184 185 186 187 188 189 190 191 192 193 194 195 196 197 198 199 200 201 202 203 204 205 206 207 208 209 210 211 212 213 214 215 216 217 218 219 220 221 222 223 224 225 226 227 228 229 230 231 232 233 234 235 236 237 238 239 364 365 240 241 242 243 244 245 246 247 248 249 250 251 252 253 254 255 256 257 258 259 260 261 262 263 264 265 266 267 268 269 270 271 272 273 274 275 276 277 278 279 280 281 282 283 284 366 285 286 287 288 289 291 292 293 294 295 296 297 298 299 300 301 302 303 304 305 306 307 308 309 310 312 313 314 315 316 317 318 319 320 321 322 323 324 325 367 326 327 329 330 331 332 335 336 337 338 339 340
p60:3 A 0 1 2 3 4 5 6 7 8 9 10 11 12 13 14 15 16 17 18 19 20 21 22 23 24 25 26 28 29 30 31 32 33 34 36 37 38 368 39 40 41 369 42 43 44 45 370 46 47 48 49 50 51 52 53 54 55 56 57 58 59 60 61 371 62 63 64 65 66 67 68 69 70 372 71 373 72 73 74 374 76 77 78 79 80 81 82 84 85 86 87 89 90 91 92 93 94 95 96 97 98 99 100 101 102 103 104 105 106 108 109 110 111 112 113 114 115 116 117 118 119 120 121 122 123 124 125 126 127 128 129 130 131 132 133 134 135 136 137 138 139 140 141 142 143 144 145 146 147 148 149 152 153 154 155 156 157 158 161 162 163 164 375 165 166 167 168 169 376 170 172 173 174 175 176 177 178 179 180 181 182 183 184 185 186 187 188 189 190 191 192 193 194 195 196 197 198 199 200 201 202 203 204 205 206 207 208 209 210 211 212 213 214 215 216 217 218 219 221 222 225 226 227 228 229 230 231 377 232 233 234 235 236 237 238 239 240 241 242 243 244 245 246 247 248 378 249 250 251 252 253 254 255 256 257 379 258 259 260 261 262 263 264 265 266 267 268 269 270 271 272 273 274 275 276 277 278 279 280 281 282 283 284 285 286 287 288 289 291 292 380 293 294 295 296 297 298 299 300 301 302 303 304 305 306 307 308 309 310 312 313 314 315 316 317 318 319 320 321 322 323 324 359 325 360 326 327 329 330 361 331 332 334 335 336 337 338 339 340
p60:4 A 0 1 2 3 341 4 5 6 7 8 342 9 10 11 13 343 14 15 16 17 18 19 21 22 23 24 25 26 381 28 29 30 31 32 344 34 345 346 36 37 38 39 347 40 348 42 43 44 349 350 46 47 48 49 50 51 52 53 54 55 56 57 58 59 60 61 62 63 64 65 66 67 68 69 70 71 72 73 74 75 76 352 77 78 79 80 81 382 82 83 84 85 86 87 89 90 91 92 93 94 95 96 97 98 354 383 99 100 101 102 103 104 105 106 108 109 110 111 112 113 114 115 116 117 118 119 120 121 122 123 124 125 126 127 128 129 130 131 132 133 134 135 384 136 137 138 139 140 141 142 143 144 145 146 147 148 357 149 152 153 154 155 156 157 158 159 160 161 162 163 164 165 166 167 168 169 170 172 173 174 175 176 177 178 179 180 181 182 183 184 185 186 187 188 189 190 191 192 193 194 195 196 197 198 199 200 201 202 358 203 204 205 206 207 208 209 210 211 212 213 214 215 216 217 218 219 221 222 225 226 227 228 229 230 231 232 233 234 235 236 237 238 239 240 241 242 243 244 245 246 247 248 249 250 251 252 253 254 255 256 257 258 259 260 261 262 263 264 265 266 267 268 269 270 271 272 273 274 275 276 277 278 279 280 281 282 283 284 285 286 287 288 289 291 292 293 294 295 296 297 298 299 300 301 302 303 304 305 306 307 308 309 310 312 313 314 315 316 317 318 319 320 321 322 323 324 325 326 327 328 329 330 331 332 333 334 335 336 337 338 339 340
p60:5 A 0 1 2 3 341 4 5 6 7 8 342 9 10 11 13 343 14 15 16 385 17 18 19 21 22 23 24 25 26 28 29 30 31 32 344 34 345 346 36 37 38 39 347 40 348 42 43 44 349 350 46 47 48 49 50 51 53 54 55 56 57 58 59 60 61 62 63 64 65 66 386 67 68 69 70 387 71 72 73 74 75 76 77 78 79 80 81 82 83 84 85 86 87 89 90 91 92 93 94 95 96 97 98 99 100 102 103 388 104 105 106 108 109 110 111 113 114 115 116 117 118 119 120 121 122 123 124 125 126 389 127 128 129 130 131 132 133 134 135 136 137 138 139 140 141 142 143 144 145 146 147 148 390 149 152 153 391 154 155 156 157 158 159 160 161 162 163 164 165 166 167 168 169 170 172 173 174 175 176 177 178 392 179 180 181 182 183 184 185 186 187 188 189 190 191 192 193 194 195 196 197 198 199 200 201 202 203 204 205 206 207 208 209 210 211 212 213 214 215 216 217 218 219 221 222 225 226 227 228 229 230 231 232 233 234 235 236 237 238 239 240 241 242 243 244 245 246 247 248 249 250 251 252 253 254 255 393 256 257 258 259 260 261 262 263 264 394 265 266 267 268 269 270 271 272 273 274 275 276 277 278 279 280 281 282 283 284 395 285 286 287 288 289 396 291 292 293 294 295 296 297 298 299 300 301 302 303 304 305 306 307 308 309 310 312 313 314 315 316 317 318 397 319 320 321 322 323 324 325 326 327 398 328 329 330 331 332 334 335 336 337 338 339 340
p60:6 A 0 1 2 3 4 5 6 7 8 9 10 11 12 13 14 15 16 17 18 19 20 21 22 23 24 25 26 28 29 30 31 32 33 34 36 37 38 368 39 40 41 369 42 43 44 45 370 46 47 48 49 50 51 52 53 54 55 56 57 58 59 60 61 371 62 63 64 65 66 67 68 69 70 372 71 373 72 73 74 374 76 77 78 79 80 81 82 84 85 86 87 89 90 91 92 93 94 95 96 97 98 99 100 101 102 103 104 105 106 108 109 110 111 112 113 114 115 116 117 118 119 120 121 122 123 124 125 126 127 128 129 130 131 132 133 134 135 136 137 138 139 140 141 142 143 144 145 146 147 148 149 152 153 154 155 156 157 158 161 162 163 164 375 165 166 167 168 169 376 170 172 173 174 175 176 177 178 179 180 181 182 183 184 185 186 187 188 189 190 191 192 193 194 195 196 197 198 199 200 201 202 203 204 205 206 207 208 209 210 211 212 213 214 215 216 217 218 219 221 222 225 226 227 228 229 230 231 377 232 233 234 235 236 237 238 239 240 241 242 243 244 245 246 247 248 378 249 250 251 252 253 254 255 256 257 379 258 259 260 261 262 263 264 265 266 267 268 269 270 271 272 273 274 275 276 277 278 279 280 281 282 283 284 285 286 287 288 289 291 292 380 293 294 295 296 297 298 299 300 301 302 303 304 305 306 307 308 309 310 312 313 314 315 316 317 318 319 320 321 322 323 324 359 325 360 326 327 329 330 361 331 332 334 335 336 337 338 339 340
p60:7 A 0 1 2 3 4 5 6 7 8 9 10 11 12 13 14 15 16 17 18 19 20 21 22 23 24 25 26 28 29 30 31 32 33 34 36 37 38 368 39 40 41 42 43 44 45 370 46 47 48 49 50 51 52 53 54 55 56 57 58 59 60 61 371 62 63 64 65 66 67 68 69 70 372 71 373 72 73 399 74 374 76 77 78 79 80 81 82 84 85 86 87 89 90 91 92 93 94 95 96 97 98 99 100 102 103 104 105 106 108 109 110 111 113 114 115 116 117 119 120 121 122 123 124 125 126 127 128 129 400 130 131 132 133 134 135 136 137 138 139 401 140 141 142 143 144 145 146 147 148 149 152 153 154 155 156 157 158 161 162 163 164 165 166 167 168 169 170 172 173 174 175 176 177 178 179 180 181 182 183 184 185 186 187 188 189 190 191 192 193 194 195 196 197 198 199 200 202 203 204 205 206 207 208 209 210 211 212 213 214 215 216 217 218 219 221 222 402 403 404 225 226 227 228 229 230 231 232 233 234 235 236 237 238 239 240 241 242 243 244 245 246 247 248 249 250 251 252 253 254 255 256 257 258 259 260 261 262 263 264 265 266 267 268 269 270 271 272 273 274 275 276 277 278 279 280 281 282 283 284 285 286 287 288 289 291 292 293 294 295 296 297 298 299 300 301 302 303 405 304 305 306 307 308 309 310 312 313 406 314 315 316 317 318 319 320 321 322 323 324 325 326 327 329 330 331 332 334 335 336 337 407 408 409 338 339 340
p60:8 A 0 1 2 3 341 4 5 6 7 8 342 9 10 11 410 13 343 14 15 16 17 18 19 21 22 23 24 25 26 28 29 30 31 32 344 34 345 346 36 37 38 39 347 40 348 42 43 44 349 350 46 47 48 49 50 51 53 54 55 56 57 58 59 60 61 62 63 64 65 66 386 67 68 69 70 387 71 72 73 74 75 76 77 78 79 80 81 82 83 84 85 86 87 89 90 91 92 93 94 95 96 97 98 99 100 102 103 104 105 106 108 109 110 111 113 114 115 116 117 118 119 120 121 122 123 124 125 126 127 128 129 130 131 132 133 134 135 136 137 411 138 139 140 141 142 143 144 145 146 147 148 390 149 153 154 155 156 157 158 161 162 163 164 165 166 167 168 169 170 172 173 174 175 176 177 178 179 180 181 182 183 184 185 186 412 187 188 189 190 191 192 193 194 195 196 197 198 199 200 201 202 203 204 205 206 207 208 209 210 211 212 213 214 215 216 217 218 219 221 222 225 226 227 228 229 230 231 232 233 234 235 236 237 238 239 240 241 242 243 244 245 246 247 248 249 250 251 252 253 254 255 256 257 258 259 260 261 262 263 264 265 266 267 268 269 270 271 272 273 274 275 276 277 278 279 280 281 282 283 284 285 286 287 288 289 291 292 413 293 294 295 296 297 298 299 300 301 302 414 303 304 305 306 307 308 309 310 312 313 314 315 316 317 318 319 320 321 322 323 324 325 326 327 328 329 330 331 332 415 334 335 336 337 338 339 340
p60:9 A 0 1 2 3 4 5 6 7 8 9 10 11 416 12 13 14 15 16 17 18 19 20 21 22 23 24 417 25 26 28 29 30 31 32 33 34 36 37 418 38 368 39 40 41 42 43 44 45 370 46 47 48 49 50 51 52 53 54 55 56 57 58 59 60 61 371 62 63 64 65 66 67 68 69 70 372 71 373 72 419 73 74 374 76 77 78 79 80 420 81 82 84 85 86 87 89 421 90 91 92 93 94 95 96 97 98 99 100 101 102 103 104 105 106 108 109 110 111 422 112 113 114 115 116 117 118 119 120 121 122 123 124 125 126 127 128 129 423 130 131 132 133 134 135 136 137 138 139 140 141 142 143 144 145 146 147 148 424 149 152 153 154 155 156 157 158 161 162 425 163 164 165 166 167 168 169 170 172 173 174 175 176 177 178 179 180 181 182 183 184 185 186 187 188 189 190 191 192 193 194 195 196 197 198 199 200 201 202 203 204 205 206 207 208 209 210 211 212 213 214 215 216 217 218 219 221 222 225 226 426 227 228 229 230 231 232 233 234 235 236 237 238 239 240 241 242 243 244 245 246 247 248 249 250 251 252 253 254 255 427 256 257 258 259 428 260 261 262 263 264 265 266 267 268 269 270 271 429 273 274 275 276 277 278 279 281 282 283 284 285 286 287 288 289 291 292 293 294 295 296 297 298 299 300 301 302 303 304 305 306 307 308 430 309 310 312 313 314 315 316 317 318 319 431 320 321 322 323 324 432 325 326 327 329 330 331 332 335 336 337 338 339 340
