#OUT: 25000 SS p11 10 /Users/josephzou/Desktop/Sample_data/Twi-p11-Sample.txt
Mutations:
87 61219 m1 24399 0 0.5 p1 3057 10
204 63480 m1 61025 0 0.5 p1 3173 10
354 65640 m1 96105 0 0.5 p1 3280 10
289 66645 m1 78780 0 0.5 p1 3316 10
182 68177 m6 53396 0.00999999978 0.5 p1 3359 10
234 69609 m7 72903 0 0.5 p1 3399 10
24 69859 m3 7516 0.00999999978 0.5 p1 3406 10
241 71055 m7 73474 0 0.5 p1 3438 10
68 75571 m1 12496 0 0.5 p1 3561 10
153 78139 m6 50962 0.00999999978 0.5 p1 3630 10
210 78780 m1 62692 0 0.5 p1 3647 10
59 80220 m3 10813 0.00999999978 0.5 p1 3688 10
7 84336 m1 5209 0 0.5 p1 3799 10
90 86988 m1 25398 0 0.5 p1 3873 10
198 87612 m1 59159 0 0.5 p1 3890 10
121 92452 m1 42830 0 0.5 p1 4023 10
46 97292 m3 9882 0.00999999978 0.5 p1 4157 10
47 100651 m3 10014 0.00999999978 0.5 p1 4250 10
99 101041 m1 28798 0 0.5 p1 4261 10
132 105467 m6 49215 0.00999999978 0.5 p1 4383 10
203 105468 m1 60998 0 0.5 p1 4383 10
290 112189 m1 78936 0 0.5 p1 4566 10
55 113368 m3 10490 0.00999999978 0.5 p1 4598 10
20 113494 m3 7447 0.00999999978 0.5 p1 4601 10
343 114345 m1 90774 0 0.5 p1 4625 10
92 125780 m1 26043 0 0.5 p1 4935 10
364 129316 m1 98077 0 0.5 p5 5017 10
143 132436 m6 49894 0.00999999978 0.5 p5 5068 10
199 135106 m1 59538 0 0.5 p5 5111 10
43 140114 m3 9620 0.00999999978 0.5 p5 5193 10
258 140668 m7 75123 0 0.5 p5 5202 10
253 144747 m2 74464 0 0.5 p5 5267 10
166 145678 m6 51904 0.00999999978 0.5 p5 5282 10
94 160738 m1 26232 0 0.5 p5 5523 10
227 162348 m1 69707 0 0.5 p5 5549 10
181 162915 m6 53341 0.00999999978 0.5 p5 5559 10
84 172667 m1 23572 0 0.5 p5 5715 10
5 173732 m1 4780 0 0.5 p5 5732 10
334 183785 m1 88781 0 0.5 p5 5894 10
101 184271 m1 30602 0 0.5 p5 5902 10
220 191462 m1 67022 0 0.5 p5 6019 10
125 197327 m1 46308 0 0.5 p5 6114 10
31 199335 m3 8001 0.00999999978 0.5 p5 6147 10
76 201464 m1 20223 0 0.5 p5 6182 10
298 204232 m1 83418 0 0.5 p5 6226 10
307 224239 m2 84547 0 0.5 p5 6549 10
81 224393 m1 22120 0 0.5 p5 6552 10
226 229372 m1 68947 0 0.5 p5 6626 10
160 231785 m6 51561 0.00999999978 0.5 p5 6656 10
86 234374 m1 24267 0 0.5 p5 6690 10
350 234523 m1 94078 0 0.5 p5 6692 10
363 238097 m1 97896 0 0.5 p5 6737 10
150 241921 m6 50576 0.00999999978 0.5 p5 6785 10
229 252000 m1 70710 0 0.5 p5 6914 10
38 256338 m3 9279 0.00999999978 0.5 p5 6970 10
218 258473 m1 66094 0 0.5 p5 6997 10
177 264736 m6 52887 0.00999999978 0.5 p5 7076 10
28 268912 m3 7606 0.00999999978 0.5 p5 7129 10
70 273017 m1 14103 0 0.5 p5 7182 10
201 279405 m1 60207 0 0.5 p5 7264 10
98 282450 m1 28689 0 0.5 p5 7303 10
26 289846 m3 7558 0.00999999978 0.5 p5 7399 10
37 307547 m3 9182 0.00999999978 0.5 p5 7624 10
119 317209 m1 41128 0 0.5 p5 7747 10
365 320830 m1 98354 0 0.5 p5 7792 10
145 332117 m6 49955 0.00999999978 0.5 p5 7935 10
353 332484 m1 95873 0 0.5 p5 7940 10
30 338476 m3 7955 0.00999999978 0.5 p5 8018 10
34 343568 m2 8305 0 0.5 p5 8085 10
91 344584 m1 25544 0 0.5 p5 8098 10
39 359640 m3 9369 0.00999999978 0.5 p5 8291 10
275 361369 m2 76226 0 0.5 p10 8309 10
147 369524 m6 49987 0.00999999978 0.5 p10 8378 10
213 371915 m1 64123 0 0.5 p10 8399 10
296 372700 m1 80743 0 0.5 p10 8406 10
288 386366 m1 77686 0 0.5 p10 8521 10
174 394925 m6 52743 0.00999999978 0.5 p10 8592 10
172 398523 m6 52336 0.00999999978 0.5 p10 8623 10
112 400301 m1 39192 0 0.5 p10 8639 10
12 412652 m1 6945 0 0.5 p10 8745 10
122 437325 m1 43129 0 0.5 p10 8955 10
347 455789 m1 92617 0 0.5 p10 9112 10
219 459258 m1 66797 0 0.5 p10 9141 10
346 461121 m1 92008 0 0.5 p10 9157 10
65 462275 m3 11477 0.00999999978 0.5 p10 9167 10
27 472217 m3 7605 0.00999999978 0.5 p10 9250 10
170 508394 m6 52170 0.00999999978 0.5 p10 9556 10
352 515594 m1 95678 0 0.5 p10 9616 10
142 523296 m6 49887 0.00999999978 0.5 p10 9681 10
80 526869 m1 21700 0 0.5 p10 9711 10
217 529112 m1 65498 0 0.5 p10 9730 10
58 546958 m3 10743 0.00999999978 0.5 p10 9881 10
15 547382 m3 7013 0.00999999978 0.5 p10 9885 10
0 549256 m1 317 0 0.5 p10 9901 10
2 563404 m1 2704 0 0.5 p10 10017 10
336 602723 m1 89375 0 0.5 p10 10303 10
56 616945 m3 10533 0.00999999978 0.5 p10 10407 10
194 625911 m1 56712 0 0.5 p10 10470 10
291 626224 m1 79063 0 0.5 p10 10472 10
146 627873 m6 49968 0.00999999978 0.5 p10 10484 10
115 639779 m1 39546 0 0.5 p10 10570 10
114 642627 m1 39396 0 0.5 p10 10590 10
16 642628 m3 7033 0.00999999978 0.5 p10 10590 10
152 653926 m6 50895 0.00999999978 0.5 p10 10671 10
180 671411 m6 53176 0.00999999978 0.5 p10 10798 10
183 692753 m2 53417 0 0.5 p10 10954 10
126 705501 m1 47080 0 0.5 p10 11047 10
228 731828 m1 70573 0 0.5 p10 11235 10
191 734549 m1 55798 0 0.5 p10 11255 10
158 742689 m6 51353 0.00999999978 0.5 p10 11314 10
61 747156 m3 10898 0.00999999978 0.5 p10 11346 10
230 749699 m1 71031 0 0.5 p10 11365 10
294 757482 m1 79972 0 0.5 p10 11422 10
106 760890 m1 34807 0 0.5 p10 11447 10
312 762496 m2 85249 0 0.5 p10 11458 10
345 797553 m1 91318 0 0.5 p10 11714 10
14 797683 m3 7010 0.00999999978 0.5 p10 11715 10
315 809486 m2 85734 0 0.5 p10 11802 10
135 844368 m6 49291 0.00999999978 0.5 p10 12055 10
116 848233 m1 40321 0 0.5 p10 12083 10
340 857490 m1 90374 0 0.5 p10 12150 10
71 874147 m2 14734 0 0.5 p10 12272 10
104 877465 m1 34241 0 0.5 p10 12296 10
351 880462 m1 94167 0 0.5 p10 12318 10
66 881318 m3 11514 0.00999999978 0.5 p10 12324 10
192 886565 m1 56365 0 0.5 p10 12362 10
169 894902 m6 52151 0.00999999978 0.5 p10 12422 10
77 895174 m1 20366 0 0.5 p10 12424 10
187 897813 m1 54580 0 0.5 p10 12443 10
209 898851 m1 62540 0 0.5 p10 12451 10
44 933417 m3 9647 0.00999999978 0.5 p10 12699 10
292 934526 m1 79529 0 0.5 p10 12707 10
85 935496 m1 23917 0 0.5 p10 12714 10
79 947274 m1 21354 0 0.5 p10 12800 10
167 962088 m6 51905 0.00999999978 0.5 p10 12905 10
231 963441 m1 71154 0 0.5 p10 12915 10
157 968788 m6 51350 0.00999999978 0.5 p10 12953 10
362 988056 m1 97857 0 0.5 p10 13094 10
268 1019962 m7 75656 0 0.5 p10 13324 10
176 1020245 m6 52885 0.00999999978 0.5 p10 13326 10
148 1026341 m6 50012 0.00999999978 0.5 p10 13371 10
140 1028421 m6 49532 0.00999999978 0.5 p10 13386 10
356 1030492 m1 96911 0 0.5 p10 13401 10
208 1031976 m1 62483 0 0.5 p10 13412 10
197 1034908 m1 58533 0 0.5 p10 13433 10
95 1043312 m1 26509 0 0.5 p10 13494 10
251 1046643 m7 74292 0 0.5 p10 13518 10
156 1047397 m6 51277 0.00999999978 0.5 p10 13523 10
97 1051462 m1 27575 0 0.5 p10 13553 10
54 1053025 m3 10410 0.00999999978 0.5 p10 13564 10
11 1058291 m1 6893 0 0.5 p10 13603 10
221 1069473 m1 67464 0 0.5 p10 13685 10
23 1086950 m3 7513 0.00999999978 0.5 p10 13812 10
297 1097018 m1 82553 0 0.5 p10 13886 10
333 1108250 m1 88585 0 0.5 p10 13968 10
162 1120999 m6 51739 0.00999999978 0.5 p10 14061 10
338 1138882 m1 89855 0 0.5 p10 14189 10
355 1141301 m1 96736 0 0.5 p10 14206 10
193 1143712 m1 56541 0 0.5 p10 14224 10
72 1151851 m1 17859 0 0.5 p10 14282 10
63 1159650 m3 11162 0.00999999978 0.5 p10 14338 10
102 1166148 m1 32832 0 0.5 p10 14385 10
8 1167826 m1 5488 0 0.5 p10 14397 10
398 1177639 m2 73784 0 0.5 p10 14469 3
22 1193622 m3 7458 0.00999999978 0.5 p10 14586 10
60 1197263 m3 10859 0.00999999978 0.5 p10 14613 10
109 1216949 m1 37219 0 0.5 p10 14757 10
50 1228418 m3 10267 0.00999999978 0.5 p10 14840 10
309 1229395 m8 84839 0 0.5 p10 14847 10
416 1237562 m2 76544 0 0.5 p10 14906 3
136 1238768 m6 49327 0.00999999978 0.5 p10 14915 10
139 1255816 m2 49500 0 0.5 p11 15021 10
273 1287120 m7 76181 0 0.5 p11 15147 7
394 1303638 m7 73076 0 0.5 p11 15214 3
317 1321642 m8 85921 0 0.5 p11 15287 10
400 1331659 m7 73881 0 0.5 p11 15328 3
295 1350002 m1 80695 0 0.5 p11 15402 10
128 1350475 m1 48055 0 0.5 p11 15404 10
391 1353943 m1 72573 0 0.5 p11 15418 3
300 1362154 m8 84357 0 0.5 p11 15452 10
341 1378248 m1 90579 0 0.5 p11 15517 10
103 1386324 m1 32897 0 0.5 p11 15549 10
320 1403548 m8 86036 0 0.5 p11 15616 10
105 1414128 m1 34470 0 0.5 p11 15657 10
255 1425456 m7 74598 0 0.5 p11 15702 7
131 1451148 m1 48752 0 0.5 p11 15803 10
392 1503674 m1 72645 0 0.5 p11 16006 3
18 1525508 m3 7242 0.00999999978 0.5 p11 16090 10
271 1543839 m7 76127 0 0.5 p11 16161 7
6 1565232 m1 5087 0 0.5 p11 16243 10
168 1574254 m6 51944 0.00999999978 0.5 p11 16278 10
270 1581652 m7 76110 0 0.5 p11 16307 7
113 1581661 m1 39309 0 0.5 p11 16307 10
232 1594237 m1 71418 0 0.5 p11 16355 10
316 1608697 m8 85858 0 0.5 p11 16410 10
49 1611023 m3 10127 0.00999999978 0.5 p11 16419 10
100 1630432 m1 29195 0 0.5 p11 16494 10
25 1641674 m2 7556 0 0.5 p11 16538 10
250 1651693 m7 74246 0 0.5 p11 16576 7
245 1653829 m7 73960 0 0.5 p11 16584 7
285 1669599 m7 77135 0 0.5 p11 16646 7
57 1671177 m3 10680 0.00999999978 0.5 p11 16652 10
414 1691080 m7 76146 0 0.5 p11 16728 3
3 1707961 m1 2998 0 0.5 p11 16793 10
1 1712079 m1 1136 0 0.5 p11 16809 10
129 1730799 m1 48312 0 0.5 p11 16881 10
280 1736754 m7 76517 0 0.5 p11 16904 7
173 1738548 m6 52559 0.00999999978 0.5 p11 16911 10
133 1780596 m6 49217 0.00999999978 0.5 p11 17072 10
88 1783805 m1 24537 0 0.5 p11 17084 10
179 1798775 m6 52968 0.00999999978 0.5 p11 17142 10
311 1809093 m8 85158 0 0.5 p11 17181 10
449 1818839 m1 88186 0 0.5 p11 17218 6
215 1837742 m1 65006 0 0.5 p11 17291 10
405 1843717 m7 74619 0 0.5 p11 17314 3
328 1855102 m8 86943 0 0.5 p11 17358 4
249 1858295 m7 73998 0 0.5 p11 17370 7
368 1863472 m1 99319 0 0.5 p11 17390 6
242 1876420 m7 73627 0 0.5 p11 17440 7
349 1891193 m1 93420 0 0.5 p11 17497 5
357 1902654 m1 97138 0 0.5 p11 17541 6
408 1905317 m7 75411 0 0.5 p11 17551 3
283 1910260 m7 76803 0 0.5 p11 17570 7
82 1940715 m1 22453 0 0.5 p11 17688 10
235 1951194 m7 73012 0 0.5 p11 17728 7
446 1985369 m8 86959 0 0.5 p11 17860 6
431 1986411 m8 85552 0 0.5 p11 17864 3
110 1986956 m1 37828 0 0.5 p11 17866 10
74 2002191 m1 19915 0 0.5 p11 17925 10
212 2007171 m1 63068 0 0.5 p11 17944 10
185 2015413 m2 53562 0 0.5 p11 17976 10
67 2019135 m3 11564 0.00999999978 0.5 p11 17990 10
326 2022845 m8 86742 0 0.5 p11 18004 4
314 2026595 m8 85405 0 0.5 p11 18019 10
127 2028164 m1 47167 0 0.5 p11 18025 10
329 2070782 m8 87304 0 0.5 p11 18187 4
256 2072895 m7 74724 0 0.5 p11 18195 7
238 2087161 m7 73190 0 0.5 p11 18250 7
196 2106457 m1 58208 0 0.5 p11 18325 10
163 2108336 m6 51758 0.00999999978 0.5 p11 18332 10
124 2119012 m1 43963 0 0.5 p11 18373 10
269 2135614 m7 75682 0 0.5 p11 18436 7
107 2136633 m5 35542 0 0.5 p11 18440 10
62 2138994 m3 11090 0.00999999978 0.5 p11 18449 10
159 2145016 m6 51503 0.00999999978 0.5 p11 18472 10
223 2160220 m1 67775 0 0.5 p11 18531 10
422 2162582 m1 78763 0 0.5 p11 18540 3
120 2163633 m1 42241 0 0.5 p11 18544 10
423 2175048 m1 79812 0 0.5 p11 18588 3
75 2180396 m1 19934 0 0.5 p11 18609 10
118 2189963 m1 40734 0 0.5 p11 18646 10
236 2203199 m7 73169 0 0.5 p11 18697 7
130 2209249 m1 48530 0 0.5 p11 18720 10
419 2210038 m7 76618 0 0.5 p11 18723 3
214 2234473 m1 64265 0 0.5 p11 18818 10
313 2234719 m2 85282 0 0.5 p11 18819 10
69 2241926 m1 12829 0 0.5 p11 18846 10
301 2253187 m8 84368 0 0.5 p11 18889 10
155 2254498 m6 51213 0.00999999978 0.5 p11 18894 10
267 2265397 m2 75642 0 0.5 p11 18936 7
293 2280927 m1 79784 0 0.5 p11 18996 7
96 2310689 m1 26542 0 0.5 p11 19109 10
286 2321797 m7 77137 0 0.5 p11 19152 7
53 2330540 m3 10372 0.00999999978 0.5 p11 19185 10
331 2336156 m1 87829 0 0.5 p11 19207 4
332 2336933 m1 87933 0 0.5 p11 19210 4
247 2342732 m2 73972 0 0.5 p11 19232 7
171 2344579 m6 52320 0.00999999978 0.5 p11 19239 10
402 2345544 m7 74384 0 0.5 p11 19243 3
453 2346313 m1 90222 0 0.5 p11 19246 6
450 2366566 m1 89276 0 0.5 p11 19324 6
282 2368715 m2 76756 0 0.5 p11 19332 7
403 2390896 m7 74437 0 0.5 p11 19417 3
195 2397497 m1 57520 0 0.5 p11 19442 10
411 2402704 m7 75697 0 0.5 p11 19462 3
188 2420377 m1 54925 0 0.5 p11 19530 10
233 2420652 m1 71512 0 0.5 p11 19531 7
19 2446015 m2 7320 0 0.5 p11 19629 10
304 2449988 m8 84427 0 0.5 p11 19644 7
406 2456085 m7 74798 0 0.5 p11 19667 3
184 2461570 m6 53501 0.00999999978 0.5 p11 19688 10
420 2461850 m7 76665 0 0.5 p11 19689 3
78 2467033 m1 21303 0 0.5 p11 19709 10
424 2473774 m1 79924 0 0.5 p11 19735 3
344 2484109 m1 91218 0 0.5 p11 19775 4
321 2484911 m8 86054 0 0.5 p11 19778 4
388 2500375 m1 68083 0 0.5 p11 19837 3
265 2504116 m7 75545 0 0.5 p11 19851 7
386 2504671 m1 65464 0 0.5 p11 19853 3
149 2514412 m6 50378 0.00999999978 0.5 p11 19891 10
83 2523460 m1 22541 0 0.5 p11 19926 10
189 2532079 m1 55091 0 0.5 p11 19959 10
367 2536280 m1 98770 0 0.5 p11 19975 6
443 2538142 m8 86221 0 0.5 p11 19982 6
303 2543321 m8 84420 0 0.5 p11 20001 7
393 2553944 m7 72871 0 0.5 p11 20024 3
161 2558397 m6 51687 0.00999999978 0.5 p11 20034 10
264 2562433 m7 75467 0 0.5 p11 20043 7
308 2628001 m8 84800 0 0.5 p11 20187 10
279 2637221 m7 76512 0 0.5 p11 20207 7
211 2645962 m1 62697 0 0.5 p11 20226 7
325 2650564 m8 86727 0 0.5 p11 20236 4
42 2692003 m3 9606 0.00999999978 0.5 p11 20327 10
306 2716608 m8 84462 0 0.5 p11 20381 7
240 2739992 m7 73446 0 0.5 p11 20432 7
257 2776927 m7 74728 0 0.5 p11 20513 7
21 2815573 m3 7457 0.00999999978 0.5 p11 20598 10
202 2816041 m1 60404 0 0.5 p11 20599 10
190 2816949 m1 55539 0 0.5 p11 20601 10
111 2837649 m1 38425 0 0.5 p11 20646 10
428 2849163 m2 84750 0 0.5 p11 20671 3
444 2856558 m8 86590 0 0.5 p11 20687 6
413 2861529 m7 76114 0 0.5 p11 20698 3
224 2867818 m1 68807 0 0.5 p11 20712 7
409 2873650 m7 75577 0 0.5 p11 20725 3
186 2886168 m6 53564 0.00999999978 0.5 p11 20752 10
237 2892512 m7 73186 0 0.5 p11 20766 7
29 2917196 m2 7688 0 0.5 p11 20820 10
216 2929321 m1 65098 0 0.5 p11 20847 7
138 2937496 m6 49475 0.00999999978 0.5 p11 20865 10
281 2975158 m7 76670 0 0.5 p11 20947 7
222 2987017 m1 67568 0 0.5 p11 20973 7
323 3015813 m8 86373 0 0.5 p11 21036 4
359 3028070 m1 97338 0 0.5 p11 21063 6
318 3037056 m8 85926 0 0.5 p11 21083 4
389 3045333 m1 69088 0 0.5 p11 21101 3
165 3045721 m6 51817 0.00999999978 0.5 p11 21102 10
45 3083201 m3 9688 0.00999999978 0.5 p11 21184 10
40 3089214 m3 9501 0.00999999978 0.5 p11 21197 10
445 3095991 m8 86785 0 0.5 p11 21212 6
262 3115233 m7 75409 0 0.5 p11 21254 7
51 3166690 m3 10328 0.00999999978 0.5 p11 21367 10
425 3187136 m8 84364 0 0.5 p11 21412 3
358 3192532 m1 97291 0 0.5 p11 21424 6
52 3196703 m3 10370 0.00999999978 0.5 p11 21433 10
441 3203062 m8 85759 0 0.5 p11 21447 6
151 3214335 m6 50879 0.00999999978 0.5 p11 21472 10
401 3219415 m7 74005 0 0.5 p11 21483 3
259 3228133 m7 75145 0 0.5 p11 21502 7
305 3282697 m8 84454 0 0.5 p11 21621 7
404 3290307 m7 74499 0 0.5 p11 21638 3
35 3294487 m3 8568 0.00999999978 0.5 p11 21647 10
32 3315067 m3 8067 0.00999999978 0.5 p11 21692 10
263 3332231 m2 75465 0 0.5 p11 21729 7
244 3351776 m2 73919 0 0.5 p11 21772 7
239 3357766 m7 73273 0 0.5 p11 21785 7
33 3382653 m3 8131 0.00999999978 0.5 p11 21840 10
144 3384545 m6 49936 0.00999999978 0.5 p11 21844 10
456 3397099 m1 95436 0 0.5 p11 21871 5
366 3419119 m1 98645 0 0.5 p11 21919 6
415 3477808 m7 76293 0 0.5 p11 22048 3
276 3490488 m7 76230 0 0.5 p11 22076 7
442 3499865 m8 86082 0 0.5 p11 22097 6
206 3503471 m1 61404 0 0.5 p11 22105 7
327 3553971 m8 86922 0 0.5 p11 22216 4
117 3564502 m1 40555 0 0.5 p11 22239 10
335 3572012 m1 88937 0 0.5 p11 22255 4
322 3573342 m8 86281 0 0.5 p11 22258 4
310 3579279 m8 84974 0 0.5 p11 22271 7
205 3586464 m1 61088 0 0.5 p11 22287 7
452 3598244 m1 89838 0 0.5 p11 22313 6
108 3598739 m5 35845 0 0.5 p11 22314 10
41 3600565 m2 9579 0 0.5 p11 22318 10
93 3645610 m1 26228 0 0.5 p11 22416 10
274 3646464 m7 76219 0 0.5 p11 22418 7
417 3661430 m7 76577 0 0.5 p11 22451 3
261 3668662 m7 75330 0 0.5 p11 22467 7
432 3683110 m8 85552 0 0.5 p11 22499 3
360 3707140 m1 97697 0 0.5 p11 22552 6
412 3714660 m7 75776 0 0.5 p11 22568 3
260 3756201 m7 75226 0 0.5 p11 22659 7
383 3764932 m1 57221 0 0.5 p11 22678 3
266 3785005 m7 75582 0 0.5 p11 22722 7
134 3794379 m6 49242 0.00999999978 0.5 p11 22743 10
387 3813082 m1 65682 0 0.5 p11 22784 3
277 3818656 m2 76281 0 0.5 p11 22796 7
455 3823161 m1 92974 0 0.5 p11 22806 5
427 3835984 m8 84629 0 0.5 p11 22834 3
407 3876675 m7 75188 0 0.5 p11 22923 3
4 3883447 m1 3926 0 0.5 p11 22938 10
319 3895383 m8 85956 0 0.5 p11 22964 4
254 3903589 m7 74502 0 0.5 p11 22982 7
243 3907233 m7 73741 0 0.5 p11 22990 7
141 3917660 m6 49753 0.00999999978 0.5 p11 23013 10
207 3923477 m1 62134 0 0.5 p11 23026 7
451 3947790 m1 89808 0 0.5 p11 23080 6
10 3957487 m1 6496 0 0.5 p11 23101 10
430 3959248 m8 85447 0 0.5 p11 23105 3
178 4008319 m6 52939 0.00999999978 0.5 p11 23213 7
248 4009161 m7 73985 0 0.5 p11 23215 7
429 4033462 m8 85154 0 0.5 p11 23268 3
435 4069809 m1 95586 0 0.5 p11 23348 3
342 4083890 m1 90692 0 0.5 p11 23379 1
123 4085722 m1 43323 0 0.5 p11 23383 10
252 4087052 m7 74459 0 0.5 p11 23386 7
302 4111420 m8 84410 0 0.5 p11 23440 7
36 4131275 m3 8974 0.00999999978 0.5 p11 23484 10
434 4136762 m8 87089 0 0.5 p11 23496 3
9 4140031 m1 5926 0 0.5 p11 23503 10
448 4163354 m1 88045 0 0.5 p11 23554 6
246 4179975 m7 73963 0 0.5 p11 23590 7
287 4186307 m7 77366 0 0.5 p11 23604 7
421 4186337 m1 78024 0 0.5 p11 23604 3
397 4192726 m7 73464 0 0.5 p11 23618 3
299 4193168 m1 84085 0 0.5 p11 23619 7
339 4224853 m1 89986 0 0.5 p11 23688 1
324 4226625 m8 86675 0 0.5 p11 23692 1
73 4254357 m1 18601 0 0.5 p11 23753 6
200 4279741 m1 59713 0 0.5 p11 23809 7
17 4283333 m3 7187 0.00999999978 0.5 p11 23817 10
410 4285612 m7 75620 0 0.5 p11 23822 3
384 4286993 m1 60681 0 0.5 p11 23825 3
13 4287472 m3 7009 0.00999999978 0.5 p11 23826 10
175 4297084 m6 52754 0.00999999978 0.5 p11 23847 7
278 4300313 m7 76501 0 0.5 p11 23854 7
399 4360512 m7 73853 0 0.5 p11 23986 3
373 4381505 m1 19929 0 0.5 p11 24032 4
272 4387824 m7 76148 0 0.5 p11 24046 7
375 4391511 m1 34791 0 0.5 p11 24054 4
330 4407985 m1 87774 0 0.5 p11 24090 1
381 4415772 m1 54225 0 0.5 p11 24107 3
64 4415847 m3 11247 0.00999999978 0.5 p11 24107 10
374 4427980 m1 26853 0 0.5 p11 24134 4
137 4449430 m6 49442 0.00999999978 0.5 p11 24181 7
426 4467122 m8 84456 0 0.5 p11 24220 3
284 4467987 m7 77049 0 0.5 p11 24222 7
378 4468474 m1 40557 0 0.5 p11 24223 4
48 4489133 m3 10097 0.00999999978 0.5 p11 24269 5
385 4520444 m1 65433 0 0.5 p11 24338 3
377 4526879 m1 35428 0 0.5 p11 24352 4
369 4527397 m1 99584 0 0.5 p11 24353 1
433 4535141 m8 86289 0 0.5 p11 24370 3
382 4539642 m1 56692 0 0.5 p11 24380 3
447 4548296 m8 87071 0 0.5 p11 24399 6
438 4552377 m7 74549 0 0.5 p11 24408 6
361 4555182 m1 97799 0 0.5 p11 24414 1
371 4563916 m1 5661 0 0.5 p11 24433 4
436 4564802 m1 98275 0 0.5 p11 24435 4
376 4580791 m1 35425 0 0.5 p11 24470 4
487 4587644 m1 96024 0 0.5 p11 24485 1
154 4595148 m6 50972 0.00999999978 0.5 p11 24501 1
475 4602848 m8 86593 0 0.5 p11 24518 2
390 4604674 m1 71236 0 0.5 p11 24522 3
460 4618114 m6 50520 0.00999999978 0.5 p11 24551 1
439 4621724 m7 76478 0 0.5 p11 24559 1
477 4623120 m3 8995 0.00999999978 0.5 p11 24562 1
464 4625883 m1 61135 0 0.5 p11 24568 1
437 4626802 m1 56060 0 0.5 p11 24570 1
462 4628254 m1 44273 0 0.5 p11 24573 1
372 4634149 m1 17752 0 0.5 p11 24586 3
486 4637902 m1 93479 0 0.5 p11 24594 1
380 4644266 m6 49275 0.00999999978 0.5 p11 24608 3
466 4649765 m8 84367 0 0.5 p11 24620 1
225 4651104 m1 68842 0 0.5 p11 24623 1
457 4653348 m1 41920 0 0.5 p11 24628 1
470 4656629 m1 47360 0 0.5 p11 24635 2
461 4657095 m1 40290 0 0.5 p11 24636 1
471 4660216 m1 65777 0 0.5 p11 24643 2
469 4665114 m1 42952 0 0.5 p11 24654 2
479 4667328 m1 82582 0 0.5 p11 24659 1
396 4672398 m7 73401 0 0.5 p11 24670 3
348 4681648 m1 92796 0 0.5 p11 24690 1
480 4698068 m8 87122 0 0.5 p11 24726 1
463 4702639 m1 46669 0 0.5 p11 24736 1
418 4704106 m7 76616 0 0.5 p11 24739 3
465 4707312 m1 71851 0 0.5 p11 24746 1
472 4709578 m7 74130 0 0.5 p11 24751 2
370 4715874 m1 1696 0 0.5 p11 24765 3
440 4717652 m1 81990 0 0.5 p11 24769 1
459 4717656 m6 50327 0.00999999978 0.5 p11 24769 1
473 4720884 m8 85952 0 0.5 p11 24776 2
164 4727720 m6 51777 0.00999999978 0.5 p11 24791 1
468 4730548 m1 19689 0 0.5 p11 24797 1
395 4733582 m7 73275 0 0.5 p11 24804 3
379 4747500 m1 48789 0 0.5 p11 24836 3
478 4753239 m1 77901 0 0.5 p11 24849 1
458 4771842 m1 45120 0 0.5 p11 24892 1
476 4773175 m1 4019 0 0.5 p11 24895 1
474 4780437 m8 85999 0 0.5 p11 24912 1
483 4780484 m1 94857 0 0.5 p11 24912 2
484 4788445 m1 20919 0 0.5 p11 24930 1
482 4793275 m1 33590 0 0.5 p11 24941 1
89 4793715 m1 25307 0 0.5 p11 24942 1
481 4796763 m2 16882 0 0.5 p11 24949 1
337 4800811 m1 89742 0 0.5 p11 24958 1
488 4804747 m2 14884 0 0.5 p11 24967 1
467 4809099 m1 17698 0 0.5 p11 24977 1
485 4812122 m1 27409 0 0.5 p11 24984 1
454 4816478 m1 91504 0 0.5 p11 24994 1
Genomes:
p11:0 A 0 1 2 3 4 5 6 7 8 9 10 11 12 13 14 15 16 17 18 19 20 21 22 23 24 25 26 27 28 29 30 31 32 33 34 35 36 37 38 39 40 41 42 43 44 45 46 47 48 49 50 51 52 53 54 55 56 57 58 59 60 61 62 63 64 65 66 67 68 69 70 71 72 73 74 75 76 77 78 79 80 81 82 83 84 85 86 87 88 89 90 91 92 93 94 95 96 97 98 99 100 101 102 103 104 105 106 107 108 109 110 111 112 113 114 115 116 117 118 119 120 121 122 123 124 125 126 127 128 129 130 131 132 133 134 135 136 137 138 139 140 141 142 143 144 145 146 147 148 149 150 151 152 153 154 155 156 157 158 159 160 161 162 163 164 165 166 167 168 169 170 171 172 173 174 175 176 177 178 179 180 181 182 183 184 185 186 187 188 189 190 191 192 193 194 195 196 197 198 199 200 201 202 203 204 205 206 207 208 209 210 211 212 213 214 215 216 217 218 219 220 221 222 223 224 225 226 227 228 229 230 231 232 233 234 235 236 237 238 239 240 241 242 243 244 245 246 247 248 249 250 251 252 253 254 255 256 257 258 259 260 261 262 263 264 265 266 267 268 269 270 271 272 273 274 275 276 277 278 279 280 281 282 283 284 285 286 287 288 289 290 291 292 293 294 295 296 297 298 299 300 301 302 303 304 305 306 307 308 309 310 311 312 313 314 315 316 317 318 319 320 321 322 323 324 325 326 327 328 329 330 331 332 333 334 335 336 337 338 339 340 341 342 343 344 345 346 347 348 349 350 351 352 353 354 355 356 357 358 359 360 361 362 363 364 365 366 367 368 369
p11:1 A 0 1 370 2 3 4 5 6 7 8 371 9 10 11 12 13 14 15 16 17 18 19 20 21 22 23 24 25 26 27 28 29 30 31 32 33 34 35 36 37 38 39 40 41 42 43 44 45 46 47 48 49 50 51 52 53 54 55 56 57 58 59 60 61 62 63 64 65 66 67 68 69 70 71 372 72 74 373 75 76 77 78 79 80 81 82 83 84 85 86 87 88 90 91 92 93 94 95 96 374 97 98 99 100 101 102 103 104 105 375 106 376 377 107 108 109 110 111 112 113 114 115 116 117 378 118 119 120 121 122 123 124 125 126 127 128 129 130 131 379 132 133 134 380 135 136 138 139 140 141 142 143 144 145 146 147 148 149 150 151 152 153 155 156 157 158 159 160 161 162 163 165 166 167 168 169 170 171 172 173 174 176 177 179 180 181 182 183 184 185 186 381 187 188 189 190 191 192 193 382 194 383 195 196 197 198 199 201 202 384 203 204 208 209 210 212 213 214 215 385 386 217 387 218 219 220 221 223 388 226 389 227 228 229 230 231 390 232 391 392 393 234 394 395 396 397 241 398 399 400 401 251 402 403 253 404 405 406 258 407 408 409 410 268 411 412 413 414 275 415 416 417 418 419 420 288 421 422 289 290 291 292 423 424 294 295 296 297 298 300 425 301 426 307 427 428 308 309 429 311 312 313 314 430 431 432 315 316 317 318 319 320 321 322 433 323 325 326 327 328 434 329 331 332 333 334 335 336 338 340 341 343 344 345 346 347 349 350 351 435 352 353 354 355 356 357 358 359 360 362 363 364 436 365 366 367 368
p11:2 A 0 1 2 3 4 5 6 7 8 9 10 11 12 13 14 15 16 17 18 19 20 21 22 23 24 25 26 27 28 29 30 31 32 33 34 35 36 37 38 39 40 41 42 43 44 45 46 47 49 50 51 52 53 54 55 56 57 58 59 60 61 62 63 64 65 66 67 68 69 70 71 72 73 74 75 76 77 78 79 80 81 82 83 84 85 86 87 88 90 91 92 93 94 95 96 97 98 99 100 101 102 103 104 105 106 107 108 109 110 111 112 113 114 115 116 117 118 119 120 121 122 123 124 125 126 127 128 129 130 131 132 133 134 135 136 137 138 139 140 141 142 143 144 145 146 147 148 149 150 151 152 153 155 156 157 158 159 160 161 162 163 165 166 167 168 169 170 171 172 173 174 175 176 177 178 179 180 181 182 183 184 185 186 187 188 189 190 191 437 192 193 194 195 196 197 198 199 200 201 202 203 204 205 206 207 208 209 210 211 212 213 214 215 216 217 218 219 220 221 222 223 224 226 227 228 229 230 231 232 233 234 235 236 237 238 239 240 241 242 243 244 245 246 247 248 249 250 251 252 253 254 438 255 256 257 258 259 260 261 262 263 264 265 266 267 268 269 270 271 272 273 274 275 276 277 439 278 279 280 281 282 283 284 285 286 287 288 289 290 291 292 293 294 295 296 440 297 298 299 300 301 302 303 304 305 306 307 308 309 310 311 312 313 314 315 441 316 317 320 442 443 444 445 446 447 448 449 333 334 450 336 451 452 338 453 340 341 343 345 454 346 347 455 350 351 456 352 353 354 355 356 357 358 359 360 362 363 364 436 365 366 367 368
p11:3 A 0 1 2 3 4 5 6 7 8 371 9 10 11 12 13 14 15 16 17 18 19 20 21 22 23 24 25 26 27 28 29 30 31 32 33 34 35 36 37 38 39 40 41 42 43 44 45 46 47 48 49 50 51 52 53 54 55 56 57 58 59 60 61 62 63 64 65 66 67 68 69 70 71 72 74 373 75 76 77 78 79 80 81 82 83 84 85 86 87 88 90 91 92 93 94 95 96 374 97 98 99 100 101 102 103 104 105 375 106 376 377 107 108 109 110 111 112 113 114 115 116 117 378 118 119 457 120 121 122 123 124 458 125 126 127 128 129 130 131 132 133 134 135 136 137 138 139 140 141 142 143 144 145 146 147 148 459 149 460 150 151 152 153 155 156 157 158 159 160 161 162 163 165 166 167 168 169 170 171 172 173 174 175 176 177 178 179 180 181 182 183 184 185 186 187 188 189 190 191 192 193 194 195 196 197 198 199 200 201 202 203 204 205 206 207 208 209 210 211 212 213 214 215 216 217 218 219 220 221 222 223 224 226 227 228 229 230 231 232 233 234 235 236 237 238 239 240 241 242 243 244 245 246 247 248 249 250 251 252 253 254 438 255 256 257 258 259 260 261 262 263 264 265 266 267 268 269 270 271 272 273 274 275 276 277 278 279 280 281 282 283 284 285 286 287 288 289 290 291 292 293 294 295 296 297 298 299 300 301 302 303 304 305 306 307 308 309 310 311 312 313 314 315 441 316 317 320 442 443 444 445 446 447 448 449 333 334 450 336 451 452 338 453 340 341 343 345 346 347 455 350 351 456 352 353 354 355 356 362 363 364 365
p11:4 A 0 1 2 3 4 5 6 7 8 9 10 11 12 13 14 15 16 17 18 19 20 21 22 23 24 25 26 27 28 29 30 31 32 33 34 35 36 37 38 39 40 41 42 43 44 45 46 47 49 50 51 52 53 54 55 56 57 58 59 60 61 62 63 64 65 66 67 68 69 70 71 72 73 74 75 76 77 78 79 80 81 82 83 84 85 86 87 88 90 91 92 93 94 95 96 97 98 99 100 101 102 103 104 105 106 107 108 109 110 111 112 113 114 115 461 116 117 118 119 120 121 122 123 124 462 125 463 126 127 128 129 130 131 132 133 134 135 136 137 138 139 140 141 142 143 144 145 146 147 148 149 150 151 152 153 155 156 157 158 159 160 161 162 163 165 166 167 168 169 170 171 172 173 174 175 176 177 178 179 180 181 182 183 184 185 186 187 188 189 190 191 192 193 194 195 196 197 198 199 200 201 202 203 204 205 464 206 207 208 209 210 211 212 213 214 215 216 217 218 219 220 221 222 223 224 226 227 228 229 230 231 232 233 465 234 235 236 237 238 239 240 241 242 243 244 245 246 247 248 249 250 251 252 253 254 438 255 256 257 258 259 260 261 262 263 264 265 266 267 268 269 270 271 272 273 274 275 276 277 278 279 280 281 282 283 284 285 286 287 288 289 290 291 292 293 294 295 296 297 298 299 300 466 301 302 303 304 305 306 307 308 309 310 311 312 313 314 315 441 316 317 320 442 443 444 445 446 447 448 449 333 334 450 336 451 452 338 453 340 341 343 345 346 347 455 350 351 456 352 353 354 355 356 362 363 364 365
p11:5 A 0 1 2 3 4 5 6 7 8 9 10 11 12 13 14 15 16 17 18 19 20 21 22 23 24 25 26 27 28 29 30 31 32 33 34 35 36 37 38 39 40 41 42 43 44 45 46 47 49 50 51 52 53 54 55 56 57 58 59 60 61 62 63 64 65 66 67 68 69 70 71 467 72 73 468 74 75 76 77 78 79 80 81 82 83 84 85 86 87 88 90 91 92 93 94 95 96 97 98 99 100 101 102 103 104 105 106 107 108 109 110 111 112 113 114 115 116 117 118 119 120 121 469 122 123 124 125 126 127 470 128 129 130 131 132 133 134 135 136 137 138 139 140 141 142 143 144 145 146 147 148 149 150 151 152 153 155 156 157 158 159 160 161 162 163 165 166 167 168 169 170 171 172 173 174 175 176 177 178 179 180 181 182 183 184 185 186 187 188 189 190 191 192 193 194 195 196 197 198 199 200 201 202 203 204 205 206 207 208 209 210 211 212 213 214 215 216 217 471 218 219 220 221 222 223 224 226 227 228 229 230 231 232 233 234 235 236 237 238 239 240 241 242 243 244 245 246 247 248 249 472 250 251 252 253 254 438 255 256 257 258 259 260 261 262 263 264 265 266 267 268 269 270 271 272 273 274 275 276 277 278 279 280 281 282 283 284 285 286 287 288 289 290 291 292 293 294 295 296 297 298 299 300 301 302 303 304 305 306 307 308 309 310 311 312 313 314 315 441 316 317 473 474 320 442 443 444 475 445 446 447 448 449 333 334 450 336 451 452 338 453 340 341 343 345 346 347 349 350 351 352 353 354 355 356 357 358 359 360 362 363 364 365 366 367 368
p11:6 A 0 1 2 3 4 476 5 6 7 8 9 10 11 12 13 14 15 16 17 18 19 20 21 22 23 24 25 26 27 28 29 30 31 32 33 34 35 36 477 37 38 39 40 41 42 43 44 45 46 47 49 50 51 52 53 54 55 56 57 58 59 60 61 62 63 64 65 66 67 68 69 70 71 72 73 74 75 76 77 78 79 80 81 82 83 84 85 86 87 88 90 91 92 93 94 95 96 97 98 99 100 101 102 103 104 105 106 107 108 109 110 111 112 113 114 115 116 117 118 119 120 121 122 123 124 125 126 127 128 129 130 131 132 133 134 135 136 137 138 139 140 141 142 143 144 145 146 147 148 149 150 151 152 153 155 156 157 158 159 160 161 162 163 165 166 167 168 169 170 171 172 173 174 175 176 177 178 179 180 181 182 183 184 185 186 187 188 189 190 191 192 193 194 195 196 197 198 199 200 201 202 203 204 205 206 207 208 209 210 211 212 213 214 215 216 217 218 219 220 221 222 223 224 226 227 228 229 230 231 232 233 234 235 236 237 238 239 240 241 242 243 244 245 246 247 248 249 250 251 252 253 254 438 255 256 257 258 259 260 261 262 263 264 265 266 267 268 269 270 271 272 273 274 275 276 277 278 279 280 281 282 283 284 285 286 287 288 478 289 290 291 292 293 294 295 296 297 479 298 299 300 301 302 303 304 305 306 307 308 309 310 311 312 313 314 315 441 316 317 320 442 443 444 445 446 447 480 448 449 333 334 450 336 451 452 338 453 340 341 343 345 346 347 455 350 351 456 352 353 354 355 356 362 363 364 365
p11:7 A 0 1 370 2 3 4 5 6 7 8 371 9 10 11 12 13 14 15 16 17 18 19 20 21 22 23 24 25 26 27 28 29 30 31 32 33 34 35 36 37 38 39 40 41 42 43 44 45 46 47 48 49 50 51 52 53 54 55 56 57 58 59 60 61 62 63 64 65 66 67 68 69 70 71 481 372 72 74 373 75 76 77 78 79 80 81 82 83 84 85 86 87 88 90 91 92 93 94 95 96 374 97 98 99 100 101 102 103 482 104 105 375 106 376 377 107 108 109 110 111 112 113 114 115 116 117 378 118 119 120 121 122 123 124 125 126 127 128 129 130 131 379 132 133 134 380 135 136 138 139 140 141 142 143 144 145 146 147 148 149 150 151 152 153 155 156 157 158 159 160 161 162 163 165 166 167 168 169 170 171 172 173 174 176 177 179 180 181 182 183 184 185 186 381 187 188 189 190 191 192 193 382 194 383 195 196 197 198 199 201 202 384 203 204 208 209 210 212 213 214 215 385 386 217 387 218 219 220 221 223 388 226 389 227 228 229 230 231 390 232 391 392 393 234 394 395 396 397 241 398 399 400 401 251 402 403 253 404 405 406 258 407 408 409 410 268 411 412 413 414 275 415 416 417 418 419 420 288 421 422 289 290 291 292 423 424 294 295 296 297 298 300 425 301 426 307 427 428 308 309 429 311 312 313 314 430 431 432 315 316 317 318 319 320 321 322 433 323 325 326 327 328 434 329 331 332 333 334 335 336 338 340 341 343 344 345 346 347 349 350 351 483 435 352 353 354 355 356 357 358 359 360 362 363 364 436 365 366 367 368
p11:8 A 0 1 2 3 4 5 6 7 8 9 10 11 12 13 14 15 16 17 18 19 20 21 22 23 24 25 26 27 28 29 30 31 32 33 34 35 36 37 38 39 40 41 42 43 44 45 46 47 49 50 51 52 53 54 55 56 57 58 59 60 61 62 63 64 65 66 67 68 69 70 71 72 73 74 75 76 77 484 78 79 80 81 82 83 84 85 86 87 88 90 91 92 93 94 95 96 485 97 98 99 100 101 102 103 104 105 106 107 108 109 110 111 112 113 114 115 116 117 118 119 120 121 469 122 123 124 125 126 127 470 128 129 130 131 132 133 134 135 136 137 138 139 140 141 142 143 144 145 146 147 148 149 150 151 152 153 155 156 157 158 159 160 161 162 163 165 166 167 168 169 170 171 172 173 174 175 176 177 178 179 180 181 182 183 184 185 186 187 188 189 190 191 192 193 194 195 196 197 198 199 200 201 202 203 204 205 206 207 208 209 210 211 212 213 214 215 216 217 471 218 219 220 221 222 223 224 226 227 228 229 230 231 232 233 234 235 236 237 238 239 240 241 242 243 244 245 246 247 248 249 472 250 251 252 253 254 438 255 256 257 258 259 260 261 262 263 264 265 266 267 268 269 270 271 272 273 274 275 276 277 278 279 280 281 282 283 284 285 286 287 288 289 290 291 292 293 294 295 296 297 298 299 300 301 302 303 304 305 306 307 308 309 310 311 312 313 314 315 441 316 317 473 320 442 443 444 475 445 446 447 448 449 333 334 450 336 451 452 338 453 340 341 343 345 346 347 455 486 350 351 456 352 353 487 354 355 356 362 363 364 365
p11:9 A 0 1 370 2 3 4 5 6 7 8 371 9 10 11 12 13 14 15 16 17 18 19 20 21 22 23 24 25 26 27 28 29 30 31 32 33 34 35 36 37 38 39 40 41 42 43 44 45 46 47 48 49 50 51 52 53 54 55 56 57 58 59 60 61 62 63 64 65 66 67 68 69 70 71 488 372 72 74 373 75 76 77 78 79 80 81 82 83 84 85 86 87 88 90 91 92 93 94 95 96 374 97 98 99 100 101 102 103 104 105 375 106 376 377 107 108 109 110 111 112 113 114 115 116 117 378 118 119 120 121 122 123 124 125 126 127 128 129 130 131 379 132 133 134 380 135 136 138 139 140 141 142 143 144 145 146 147 148 149 150 151 152 153 155 156 157 158 159 160 161 162 163 165 166 167 168 169 170 171 172 173 174 176 177 179 180 181 182 183 184 185 186 381 187 188 189 190 191 192 193 382 194 383 195 196 197 198 199 201 202 384 203 204 208 209 210 212 213 214 215 385 386 217 387 218 219 220 221 223 388 226 389 227 228 229 230 231 390 232 391 392 393 234 394 395 396 397 241 398 399 400 401 251 402 403 253 404 405 406 258 407 408 409 410 268 411 412 413 414 275 415 416 417 418 419 420 288 421 422 289 290 291 292 423 424 294 295 296 297 298 300 425 301 426 307 427 428 308 309 429 311 312 313 314 430 431 432 315 316 317 318 319 320 321 322 433 323 325 326 327 328 434 329 331 332 333 334 335 336 338 340 341 343 344 345 346 347 349 350 351 483 435 352 353 354 355 356 357 358 359 360 362 363 364 436 365 366 367 368
