#OUT: 25000 SS p8 10 /Users/josephzou/Desktop/Sample_data/Wook-p8-Sample.txt
Mutations:
98 61219 m1 24399 0 0.5 p1 3057 10
209 63480 m1 61025 0 0.5 p1 3173 10
278 65640 m1 96105 0 0.5 p1 3280 10
243 66645 m1 78780 0 0.5 p1 3316 10
186 68177 m6 53396 0.00999999978 0.5 p1 3359 10
231 69609 m7 72903 0 0.5 p1 3399 10
19 69859 m3 7516 0.00999999978 0.5 p1 3406 10
233 71055 m7 73474 0 0.5 p1 3438 10
62 75571 m1 12496 0 0.5 p1 3561 10
165 78139 m6 50962 0.00999999978 0.5 p1 3630 10
213 78780 m1 62692 0 0.5 p1 3647 10
58 80220 m3 10813 0.00999999978 0.5 p1 3688 10
11 84336 m1 5209 0 0.5 p1 3799 10
101 86988 m1 25398 0 0.5 p1 3873 10
200 87612 m1 59159 0 0.5 p1 3890 10
146 92452 m1 42830 0 0.5 p1 4023 10
49 97292 m3 9882 0.00999999978 0.5 p1 4157 10
51 100651 m3 10014 0.00999999978 0.5 p1 4250 10
109 101041 m1 28798 0 0.5 p1 4261 10
154 105467 m6 49215 0.00999999978 0.5 p1 4383 10
208 105468 m1 60998 0 0.5 p1 4383 10
244 112189 m1 78936 0 0.5 p1 4566 10
57 113368 m3 10490 0.00999999978 0.5 p1 4598 10
18 113494 m3 7447 0.00999999978 0.5 p1 4601 10
272 114345 m1 90774 0 0.5 p1 4625 10
102 125780 m1 26043 0 0.5 p1 4935 10
285 129316 m1 98077 0 0.5 p5 5017 10
158 132436 m6 49894 0.00999999978 0.5 p5 5068 10
202 135106 m1 59538 0 0.5 p5 5111 10
45 140114 m3 9620 0.00999999978 0.5 p5 5193 10
237 140668 m7 75123 0 0.5 p5 5202 10
235 144747 m2 74464 0 0.5 p5 5267 10
174 145678 m6 51904 0.00999999978 0.5 p5 5282 10
103 160738 m1 26232 0 0.5 p5 5523 10
226 162348 m1 69707 0 0.5 p5 5549 10
185 162915 m6 53341 0.00999999978 0.5 p5 5559 10
96 172667 m1 23572 0 0.5 p5 5715 10
10 173732 m1 4780 0 0.5 p5 5732 10
267 183785 m1 88781 0 0.5 p5 5894 10
112 184271 m1 30602 0 0.5 p5 5902 10
220 191462 m1 67022 0 0.5 p5 6019 10
151 197327 m1 46308 0 0.5 p5 6114 10
27 199335 m3 8001 0.00999999978 0.5 p5 6147 10
90 201464 m1 20223 0 0.5 p5 6182 10
253 204232 m1 83418 0 0.5 p5 6226 10
255 224239 m2 84547 0 0.5 p5 6549 10
93 224393 m1 22120 0 0.5 p5 6552 10
224 229372 m1 68947 0 0.5 p5 6626 10
169 231785 m6 51561 0.00999999978 0.5 p5 6656 10
97 234374 m1 24267 0 0.5 p5 6690 10
274 234523 m1 94078 0 0.5 p5 6692 10
283 238097 m1 97896 0 0.5 p5 6737 10
161 241921 m6 50576 0.00999999978 0.5 p5 6785 10
229 252000 m1 70710 0 0.5 p5 6914 10
41 256338 m3 9279 0.00999999978 0.5 p5 6970 10
218 258473 m1 66094 0 0.5 p5 6997 10
182 264736 m6 52887 0.00999999978 0.5 p5 7076 10
21 268912 m3 7606 0.00999999978 0.5 p5 7129 10
66 273017 m1 14103 0 0.5 p5 7182 10
205 279405 m1 60207 0 0.5 p5 7264 10
108 282450 m1 28689 0 0.5 p5 7303 10
20 289846 m3 7558 0.00999999978 0.5 p5 7399 10
40 307547 m3 9182 0.00999999978 0.5 p5 7624 10
142 317209 m1 41128 0 0.5 p5 7747 10
287 320830 m1 98354 0 0.5 p5 7792 10
277 332484 m1 95873 0 0.5 p5 7940 10
25 338476 m3 7955 0.00999999978 0.5 p5 8018 10
193 342781 m1 55060 0 0.5 p5 8075 10
282 344576 m1 97005 0 0.5 p5 8098 10
16 349320 m1 6765 0 0.5 p5 8157 10
36 349415 m3 8815 0.00999999978 0.5 p5 8158 10
137 354159 m1 38544 0 0.5 p5 8219 10
69 354326 m4 15117 -0.00999999978 0.5 p5 8221 10
183 373320 m6 53023 0.00999999978 0.5 p9 8411 10
197 394904 m1 58187 0 0.5 p9 8592 10
160 396480 m2 49979 0 0.5 p9 8606 10
203 397301 m1 59994 0 0.5 p9 8613 10
32 409116 m3 8523 0.00999999978 0.5 p9 8715 10
145 416278 m1 41814 0 0.5 p9 8776 10
105 416643 m1 26815 0 0.5 p9 8779 10
181 418501 m6 52647 0.00999999978 0.5 p9 8795 10
261 424097 m8 86045 0 0.5 p9 8843 10
234 428154 m7 73514 0 0.5 p9 8877 10
192 428377 m1 54059 0 0.5 p9 8879 10
136 429950 m1 37556 0 0.5 p9 8892 10
88 439099 m1 19944 0 0.5 p9 8970 10
269 452091 m1 90390 0 0.5 p9 9081 10
162 459949 m6 50688 0.00999999978 0.5 p9 9147 10
247 466141 m1 81090 0 0.5 p9 9200 10
30 475467 m3 8216 0.00999999978 0.5 p9 9276 10
4 476247 m1 2028 0 0.5 p9 9283 10
232 497778 m2 73464 0 0.5 p9 9465 10
276 505647 m1 94937 0 0.5 p9 9533 10
167 514629 m6 51183 0.00999999978 0.5 p9 9608 10
120 523624 m1 34463 0 0.5 p9 9684 10
147 550345 m1 43688 0 0.5 p9 9910 10
275 561574 m1 94108 0 0.5 p9 10004 10
53 565738 m3 10146 0.00999999978 0.5 p9 10034 10
82 571977 m1 18156 0 0.5 p9 10079 10
262 575556 m8 86154 0 0.5 p9 10105 10
68 589924 m4 14672 -0.00999999978 0.5 p9 10209 10
115 599097 m1 31466 0 0.5 p9 10277 10
260 630267 m8 85569 0 0.5 p9 10501 10
286 631112 m1 98220 0 0.5 p9 10507 10
217 631813 m1 65870 0 0.5 p9 10512 10
12 638947 m1 5220 0 0.5 p9 10564 10
29 644858 m3 8148 0.00999999978 0.5 p9 10606 10
270 686105 m1 90411 0 0.5 p9 10905 10
111 697655 m1 29372 0 0.5 p9 10990 10
91 700771 m1 20324 0 0.5 p9 11012 10
13 721782 m1 6305 0 0.5 p9 11164 10
155 722202 m6 49305 0.00999999978 0.5 p9 11167 10
184 759561 m6 53234 0.00999999978 0.5 p9 11437 10
215 772823 m1 64300 0 0.5 p9 11533 10
65 775066 m1 13759 0 0.5 p9 11550 10
190 782206 m1 53808 0 0.5 p9 11603 10
177 787542 m6 52089 0.00999999978 0.5 p9 11641 10
239 809351 m7 76327 0 0.5 p9 11801 10
80 825970 m2 16796 0 0.5 p9 11923 10
2 834865 m1 1534 0 0.5 p9 11987 10
74 840454 m4 15560 -0.00999999978 0.5 p9 12027 10
223 861466 m1 68623 0 0.5 p9 12179 10
47 873023 m3 9692 0.00999999978 0.5 p9 12264 10
196 881305 m1 58145 0 0.5 p9 12324 10
44 885012 m3 9562 0.00999999978 0.5 p9 12351 10
67 887773 m1 14390 0 0.5 p9 12371 10
107 904361 m1 28662 0 0.5 p9 12490 10
252 906145 m1 83266 0 0.5 p9 12503 10
28 913447 m3 8085 0.00999999978 0.5 p9 12555 10
39 919295 m2 9154 0 0.5 p9 12597 10
211 924595 m1 61828 0 0.5 p9 12636 10
56 941703 m3 10432 0.00999999978 0.5 p9 12759 10
84 944703 m1 18742 0 0.5 p9 12781 10
245 953084 m1 81069 0 0.5 p9 12841 10
212 961162 m1 62634 0 0.5 p9 12899 10
79 966888 m4 16639 -0.00999999978 0.5 p9 12940 10
222 968887 m1 68451 0 0.5 p9 12954 10
110 977768 m1 29172 0 0.5 p9 13019 10
241 990427 m7 77017 0 0.5 p9 13112 10
54 997613 m3 10254 0.00999999978 0.5 p9 13164 10
281 1008159 m1 97002 0 0.5 p9 13239 10
60 1019108 m3 11032 0.00999999978 0.5 p9 13318 10
1 1020778 m1 1198 0 0.5 p9 13330 10
3 1036583 m1 1818 0 0.5 p9 13445 10
24 1041114 m3 7680 0.00999999978 0.5 p9 13478 10
71 1053921 m4 15247 -0.00999999978 0.5 p9 13571 10
240 1082774 m7 76721 0 0.5 p9 13781 10
0 1103475 m1 82 0 0.5 p9 13933 10
173 1117658 m6 51834 0.00999999978 0.5 p9 14037 10
23 1124239 m3 7647 0.00999999978 0.5 p9 14084 10
140 1127043 m1 40219 0 0.5 p9 14104 10
288 1143573 m1 99282 0 0.5 p9 14223 10
219 1144693 m1 66917 0 0.5 p9 14231 10
221 1151105 m1 67213 0 0.5 p9 14277 10
73 1153720 m4 15325 -0.00999999978 0.5 p9 14296 10
304 1169028 m1 38424 0 0.5 p9 14406 4
70 1170664 m4 15214 -0.00999999978 0.5 p9 14418 10
228 1177912 m1 70446 0 0.5 p9 14471 10
156 1203193 m6 49506 0.00999999978 0.5 p9 14656 10
59 1219471 m3 10945 0.00999999978 0.5 p9 14775 10
63 1227224 m1 13520 0 0.5 p9 14832 10
26 1249662 m3 7955 0.00999999978 0.5 p9 14993 10
306 1265167 m1 38984 0 0.5 p8 15059 4
117 1268677 m1 33567 0 0.5 p8 15073 10
50 1273661 m3 10011 0.00999999978 0.5 p8 15093 10
134 1275931 m1 37247 0 0.5 p8 15102 6
92 1308238 m1 21331 0 0.5 p8 15233 10
7 1317828 m1 2283 0 0.5 p8 15272 10
6 1322548 m1 2140 0 0.5 p8 15291 10
266 1347975 m1 87601 0 0.5 p8 15394 10
271 1362572 m1 90650 0 0.5 p8 15454 10
76 1368026 m4 15770 -0.00999999978 0.5 p8 15476 10
171 1383046 m2 51621 0 0.5 p8 15536 10
148 1390613 m1 44979 0 0.5 p8 15566 6
187 1480223 m6 53396 0.00999999978 0.5 p8 15916 10
296 1500797 m5 35964 0 0.5 p8 15995 4
17 1503335 m2 7069 0 0.5 p8 16005 10
225 1510235 m1 69376 0 0.5 p8 16031 10
130 1546439 m5 36472 0 0.5 p8 16171 6
131 1593684 m5 36864 0 0.5 p8 16353 6
210 1604051 m1 61193 0 0.5 p8 16393 10
163 1619193 m6 50745 0.00999999978 0.5 p8 16451 10
201 1621420 m1 59448 0 0.5 p8 16460 10
294 1647144 m5 35779 0 0.5 p8 16559 4
129 1659301 m5 36246 0 0.5 p8 16606 6
34 1660052 m3 8644 0.00999999978 0.5 p8 16609 10
263 1680275 m8 86618 0 0.5 p8 16687 10
14 1682033 m1 6444 0 0.5 p8 16694 10
138 1693575 m1 39696 0 0.5 p8 16738 6
311 1707902 m1 43155 0 0.5 p8 16793 4
199 1730973 m1 59108 0 0.5 p8 16882 10
22 1761947 m3 7643 0.00999999978 0.5 p8 17001 10
317 1805558 m1 49020 0 0.5 p8 17168 4
207 1820996 m1 60971 0 0.5 p8 17227 10
309 1824668 m1 41715 0 0.5 p8 17241 4
176 1831195 m6 51964 0.00999999978 0.5 p8 17266 10
99 1834102 m1 24668 0 0.5 p8 17277 10
149 1846030 m1 45494 0 0.5 p8 17323 6
94 1864406 m1 22718 0 0.5 p8 17394 10
72 1873302 m4 15267 -0.00999999978 0.5 p8 17428 10
251 1873834 m1 82813 0 0.5 p8 17430 10
298 1884897 m5 36097 0 0.5 p8 17473 4
106 1892459 m1 28172 0 0.5 p8 17502 10
126 1906468 m5 36028 0 0.5 p8 17556 6
305 1920832 m1 38599 0 0.5 p8 17611 4
175 1930047 m6 51937 0.00999999978 0.5 p8 17647 10
128 1945318 m5 36067 0 0.5 p8 17706 6
150 1976853 m1 46283 0 0.5 p8 17827 6
77 2002115 m4 15946 -0.00999999978 0.5 p8 17925 10
206 2023794 m1 60518 0 0.5 p8 18008 10
124 2024013 m5 35900 0 0.5 p8 18009 6
238 2031448 m2 75809 0 0.5 p8 18038 10
191 2033307 m1 53845 0 0.5 p8 18045 10
125 2039549 m5 35980 0 0.5 p8 18069 6
164 2058033 m6 50880 0.00999999978 0.5 p8 18139 10
249 2059339 m1 81268 0 0.5 p8 18144 10
143 2088091 m1 41362 0 0.5 p8 18254 6
273 2098370 m1 92877 0 0.5 p8 18294 10
297 2105614 m5 36015 0 0.5 p8 18322 4
214 2126246 m1 63313 0 0.5 p8 18401 10
312 2133335 m1 44500 0 0.5 p8 18428 4
48 2136553 m3 9737 0.00999999978 0.5 p8 18440 10
168 2152634 m6 51210 0.00999999978 0.5 p8 18502 10
170 2158117 m2 51578 0 0.5 p8 18523 10
61 2165894 m3 11253 0.00999999978 0.5 p8 18553 10
293 2168986 m5 35730 0 0.5 p8 18565 4
132 2169004 m5 36865 0 0.5 p8 18565 6
189 2187072 m6 53501 0.00999999978 0.5 p8 18635 10
188 2191193 m6 53499 0.00999999978 0.5 p8 18651 10
316 2209193 m1 48277 0 0.5 p8 18720 4
242 2237013 m1 78399 0 0.5 p8 18828 10
38 2255696 m3 9071 0.00999999978 0.5 p8 18899 10
172 2303809 m6 51675 0.00999999978 0.5 p8 19083 10
204 2330169 m1 60006 0 0.5 p8 19184 10
256 2338981 m8 84916 0 0.5 p8 19218 10
157 2341338 m6 49726 0.00999999978 0.5 p8 19227 6
141 2400290 m1 40715 0 0.5 p8 19453 6
280 2403441 m1 96883 0 0.5 p8 19465 10
15 2412940 m1 6470 0 0.5 p8 19502 10
153 2415649 m1 46721 0 0.5 p8 19512 6
89 2440306 m1 20036 0 0.5 p8 19607 10
118 2448359 m1 33683 0 0.5 p8 19638 10
195 2453877 m1 57240 0 0.5 p8 19659 10
122 2510961 m5 35559 0 0.5 p8 19878 6
83 2518734 m1 18191 0 0.5 p8 19908 10
33 2535690 m3 8610 0.00999999978 0.5 p8 19973 10
152 2545960 m1 46596 0 0.5 p8 20007 6
318 2559201 m6 49192 0.00999999978 0.5 p8 20036 4
246 2635246 m1 81078 0 0.5 p8 20203 10
302 2750462 m1 38003 0 0.5 p8 20455 4
43 2789227 m3 9402 0.00999999978 0.5 p8 20540 10
85 2793738 m1 19061 0 0.5 p8 20550 10
303 2795116 m1 38297 0 0.5 p8 20553 4
257 2796882 m2 85235 0 0.5 p8 20557 10
248 2948378 m1 81251 0 0.5 p8 20889 10
104 2960728 m1 26612 0 0.5 p8 20916 10
8 2965761 m1 3659 0 0.5 p8 20927 10
292 2984176 m5 35707 0 0.5 p8 20967 4
284 3024318 m1 97913 0 0.5 p8 21055 10
313 3026577 m1 45363 0 0.5 p8 21060 4
37 3030276 m3 8991 0.00999999978 0.5 p8 21068 10
198 3041986 m1 58934 0 0.5 p8 21094 10
46 3073759 m3 9683 0.00999999978 0.5 p8 21163 10
315 3096355 m1 47892 0 0.5 p8 21213 4
268 3141689 m1 89318 0 0.5 p8 21312 10
194 3197484 m1 57106 0 0.5 p8 21435 10
295 3398407 m5 35926 0 0.5 p8 21874 4
87 3471455 m1 19748 0 0.5 p8 22034 10
78 3481322 m2 16526 0 0.5 p8 22056 10
301 3484063 m1 37861 0 0.5 p8 22062 4
119 3498039 m1 33849 0 0.5 p8 22093 10
258 3512103 m8 85309 0 0.5 p8 22124 10
310 3517013 m1 42934 0 0.5 p8 22135 4
250 3541898 m1 82354 0 0.5 p8 22190 10
55 3575921 m3 10343 0.00999999978 0.5 p8 22264 10
264 3577284 m2 86814 0 0.5 p8 22267 10
5 3607459 m1 2118 0 0.5 p8 22333 10
144 3683914 m1 41658 0 0.5 p8 22501 6
9 3720927 m1 3758 0 0.5 p8 22582 10
100 3773405 m1 25134 0 0.5 p8 22697 10
279 3801594 m1 96704 0 0.5 p8 22759 10
81 3841019 m1 17585 0 0.5 p8 22845 10
299 3877977 m5 36176 0 0.5 p8 22926 4
86 3915368 m1 19107 0 0.5 p8 23008 10
319 3963254 m6 49222 0.00999999978 0.5 p8 23114 4
178 4016811 m6 52151 0.00999999978 0.5 p8 23232 6
75 4016812 m2 15767 0 0.5 p8 23232 10
133 4057482 m1 37108 0 0.5 p8 23321 6
127 4075134 m5 36051 0 0.5 p8 23360 6
308 4137657 m1 40225 0 0.5 p8 23498 4
123 4143666 m5 35892 0 0.5 p8 23511 6
265 4146437 m8 87039 0 0.5 p8 23517 10
116 4181250 m1 33001 0 0.5 p8 23593 10
314 4196385 m1 45801 0 0.5 p8 23626 4
64 4199593 m1 13555 0 0.5 p8 23633 10
307 4213824 m1 39579 0 0.5 p8 23664 4
35 4236892 m3 8767 0.00999999978 0.5 p8 23715 10
52 4275720 m3 10081 0.00999999978 0.5 p8 23800 10
31 4276564 m3 8443 0.00999999978 0.5 p8 23802 10
236 4278811 m7 75097 0 0.5 p8 23807 10
300 4280084 m1 37451 0 0.5 p8 23810 4
254 4290031 m1 83982 0 0.5 p8 23832 10
139 4309417 m1 40013 0 0.5 p8 23874 6
166 4337705 m6 51138 0.00999999978 0.5 p8 23936 6
113 4361397 m1 30781 0 0.5 p8 23988 10
180 4455252 m6 52619 0.00999999978 0.5 p8 24194 6
135 4467019 m1 37428 0 0.5 p8 24220 6
321 4467470 m6 50909 0.00999999978 0.5 p8 24221 4
320 4500330 m6 50249 0.00999999978 0.5 p8 24294 4
230 4510746 m7 72815 0 0.5 p8 24317 9
159 4525910 m6 49971 0.00999999978 0.5 p8 24350 5
322 4536002 m6 53090 0.00999999978 0.5 p8 24372 4
121 4541830 m1 35521 0 0.5 p8 24385 5
42 4573865 m3 9371 0.00999999978 0.5 p8 24455 9
331 4590909 m1 29789 0 0.5 p8 24492 1
227 4598202 m1 70339 0 0.5 p8 24508 9
179 4602260 m6 52316 0.00999999978 0.5 p8 24517 5
325 4618460 m1 64331 0 0.5 p8 24552 2
114 4639201 m1 30880 0 0.5 p8 24597 4
330 4639646 m2 8323 0 0.5 p8 24598 1
289 4650113 m1 11882 0 0.5 p8 24621 4
216 4660567 m1 65766 0 0.5 p8 24644 6
327 4677339 m1 14276 0 0.5 p8 24681 1
259 4691040 m8 85341 0 0.5 p8 24711 8
95 4707720 m1 22957 0 0.5 p8 24747 4
329 4730877 m7 77307 0 0.5 p8 24798 1
328 4750925 m1 21421 0 0.5 p8 24844 1
332 4761407 m1 39279 0 0.5 p8 24868 1
324 4766177 m1 91680 0 0.5 p8 24879 2
323 4787051 m1 82572 0 0.5 p8 24927 2
290 4788386 m1 27397 0 0.5 p8 24930 2
291 4812493 m1 32976 0 0.5 p8 24985 1
326 4815487 m1 88414 0 0.5 p8 24992 1
333 4819146 m1 26394 0 0.5 p8 25000 1
Genomes:
p8:0 A 0 1 2 3 4 5 6 7 8 9 10 11 12 13 14 15 16 17 18 19 20 21 22 23 24 25 26 27 28 29 30 31 32 33 34 35 36 37 38 39 40 41 42 43 44 45 46 47 48 49 50 51 52 53 54 55 56 57 58 59 60 61 62 63 64 65 66 67 68 69 70 71 72 73 74 75 76 77 78 79 80 81 82 83 84 85 86 87 88 89 90 91 92 93 94 95 96 97 98 99 100 101 102 103 104 105 106 107 108 109 110 111 112 113 114 115 116 117 118 119 120 121 122 123 124 125 126 127 128 129 130 131 132 133 134 135 136 137 138 139 140 141 142 143 144 145 146 147 148 149 150 151 152 153 154 155 156 157 158 159 160 161 162 163 164 165 166 167 168 169 170 171 172 173 174 175 176 177 178 179 180 181 182 183 184 185 186 187 188 189 190 191 192 193 194 195 196 197 198 199 200 201 202 203 204 205 206 207 208 209 210 211 212 213 214 215 216 217 218 219 220 221 222 223 224 225 226 227 228 229 230 231 232 233 234 235 236 237 238 239 240 241 242 243 244 245 246 247 248 249 250 251 252 253 254 255 256 257 258 259 260 261 262 263 264 265 266 267 268 269 270 271 272 273 274 275 276 277 278 279 280 281 282 283 284 285 286 287 288
p8:1 A 0 1 2 3 4 5 6 7 8 9 10 11 12 13 14 15 16 17 18 19 20 21 22 23 24 25 26 27 28 29 30 31 32 33 34 35 36 37 38 39 40 41 42 43 44 45 46 47 48 49 50 51 52 53 54 55 56 57 58 59 60 61 289 62 63 64 65 66 67 68 69 70 71 72 73 74 75 76 77 78 79 80 81 82 83 84 85 86 87 88 89 90 91 92 93 94 96 97 98 99 100 101 102 103 104 105 290 106 107 108 109 110 111 112 113 115 291 116 117 118 119 120 292 293 294 295 296 297 298 299 300 136 301 302 303 304 137 305 306 307 140 308 142 309 145 146 310 311 147 312 313 314 151 315 316 317 318 154 319 155 156 158 160 320 161 162 163 164 321 165 167 168 169 170 171 172 173 174 175 176 177 181 182 183 322 184 185 186 187 188 189 190 191 192 193 194 195 196 197 198 199 200 201 202 203 204 205 206 207 208 209 210 211 212 213 214 215 216 217 218 219 220 221 222 223 224 225 226 227 228 229 230 231 232 233 234 235 236 237 238 239 240 241 242 243 244 245 246 247 248 249 250 323 251 252 253 254 255 256 257 258 259 260 261 262 263 264 265 266 267 268 269 270 271 272 324 273 274 275 276 277 278 279 280 281 282 283 284 285 286 287 288
p8:2 A 0 1 2 3 4 5 6 7 8 9 10 11 12 13 14 15 16 17 18 19 20 21 22 23 24 25 26 27 28 29 30 31 32 33 34 35 36 37 38 39 40 41 42 43 44 45 46 47 48 49 50 51 52 53 54 55 56 57 58 59 60 61 289 62 63 64 65 66 67 68 69 70 71 72 73 74 75 76 77 78 79 80 81 82 83 84 85 86 87 88 89 90 91 92 93 94 96 97 98 99 100 101 102 103 104 105 106 107 108 109 110 111 112 113 115 116 117 118 119 120 292 293 294 295 296 297 298 299 300 136 301 302 303 304 137 305 306 307 140 308 142 309 145 146 310 311 147 312 313 314 151 315 316 317 318 154 319 155 156 158 160 320 161 162 163 164 321 165 167 168 169 170 171 172 173 174 175 176 177 181 182 183 322 184 185 186 187 188 189 190 191 192 193 194 195 196 197 198 199 200 201 202 203 204 205 206 207 208 209 210 211 212 213 214 215 325 217 218 219 220 221 222 223 224 225 226 227 228 229 230 231 232 233 234 235 236 237 238 239 240 241 242 243 244 245 246 247 248 249 250 251 252 253 254 255 256 257 258 259 260 261 262 263 264 265 266 326 267 268 269 270 271 272 273 274 275 276 277 278 279 280 281 282 283 284 285 286 287 288
p8:3 A 0 1 2 3 4 5 6 7 8 9 10 11 12 13 14 15 16 17 18 19 20 21 22 23 24 25 26 27 28 29 30 31 32 33 34 35 36 37 38 39 40 41 42 43 44 45 46 47 48 49 50 51 52 53 54 55 56 57 58 59 60 61 62 63 64 65 66 67 68 69 70 71 72 73 74 75 76 77 78 79 80 81 82 83 84 85 86 87 88 89 90 91 92 93 94 95 96 97 98 99 100 101 102 103 104 105 106 107 108 109 110 111 112 113 114 115 116 117 118 119 120 121 122 123 124 125 126 127 128 129 130 131 132 133 134 135 136 137 138 139 140 141 142 143 144 145 146 147 148 149 150 151 152 153 154 155 156 157 158 159 160 161 162 163 164 165 166 167 168 169 170 171 172 173 174 175 176 177 178 179 180 181 182 183 184 185 186 187 188 189 190 191 192 193 194 195 196 197 198 199 200 201 202 203 204 205 206 207 208 209 210 211 212 213 214 215 216 217 218 219 220 221 222 223 224 225 226 227 228 229 230 231 232 233 234 235 236 237 238 239 240 241 242 243 244 245 246 247 248 249 250 251 252 253 254 255 256 257 258 259 260 261 262 263 264 265 266 267 268 269 270 271 272 273 274 275 276 277 278 279 280 281 282 283 284 285 286 287 288
p8:4 A 0 1 2 3 4 5 6 7 8 9 10 11 12 13 14 15 16 17 18 19 20 21 22 23 24 25 26 27 28 29 30 31 32 33 34 35 36 37 38 39 40 41 42 43 44 45 46 47 48 49 50 51 52 53 54 55 56 57 58 59 60 61 62 63 64 65 66 327 67 68 69 70 71 72 73 74 75 76 77 78 79 80 81 82 83 84 85 86 87 88 89 90 91 92 328 93 94 96 97 98 99 100 101 102 103 104 105 106 107 108 109 110 111 112 113 115 116 117 118 119 120 121 122 123 124 125 126 127 128 129 130 131 132 133 134 135 136 137 138 139 140 141 142 143 144 145 146 147 148 149 150 151 152 153 154 155 156 157 158 159 160 161 162 163 164 165 166 167 168 169 170 171 172 173 174 175 176 177 178 179 180 181 182 183 184 185 186 187 188 189 190 191 192 193 194 195 196 197 198 199 200 201 202 203 204 205 206 207 208 209 210 211 212 213 214 215 217 218 219 220 221 222 223 224 225 226 227 228 229 230 231 232 233 234 235 236 237 238 239 240 241 329 242 243 244 245 246 247 248 249 250 251 252 253 254 255 256 257 258 260 261 262 263 264 265 266 267 268 269 270 271 272 273 274 275 276 277 278 279 280 281 282 283 284 285 286 287 288
p8:5 A 0 1 2 3 4 5 6 7 8 9 10 11 12 13 14 15 16 17 18 19 20 21 22 23 24 25 26 27 28 29 30 31 32 33 34 35 36 37 38 39 40 41 42 43 44 45 46 47 48 49 50 51 52 53 54 55 56 57 58 59 60 61 289 62 63 64 65 66 67 68 69 70 71 72 73 74 75 76 77 78 79 80 81 82 83 84 85 86 87 88 89 90 91 92 93 94 96 97 98 99 100 101 102 103 104 105 106 107 108 109 110 111 112 113 115 116 117 118 119 120 292 293 294 295 296 297 298 299 300 136 301 302 303 304 137 305 306 307 140 308 142 309 145 146 310 311 147 312 313 314 151 315 316 317 318 154 319 155 156 158 160 320 161 162 163 164 321 165 167 168 169 170 171 172 173 174 175 176 177 181 182 183 322 184 185 186 187 188 189 190 191 192 193 194 195 196 197 198 199 200 201 202 203 204 205 206 207 208 209 210 211 212 213 214 215 325 217 218 219 220 221 222 223 224 225 226 227 228 229 230 231 232 233 234 235 236 237 238 239 240 241 242 243 244 245 246 247 248 249 250 251 252 253 254 255 256 257 258 259 260 261 262 263 264 265 266 267 268 269 270 271 272 273 274 275 276 277 278 279 280 281 282 283 284 285 286 287 288
p8:6 A 0 1 2 3 4 5 6 7 8 9 10 11 12 13 14 15 16 17 18 19 20 21 22 23 24 25 26 27 28 29 30 31 32 33 34 35 36 37 38 39 40 41 42 43 44 45 46 47 48 49 50 51 52 53 54 55 56 57 58 59 60 61 289 62 63 64 65 66 67 68 69 70 71 72 73 74 75 76 77 78 79 80 81 82 83 84 85 86 87 88 89 90 91 92 93 94 96 97 98 99 100 101 102 103 104 105 290 106 107 108 109 110 111 112 113 115 116 117 118 119 120 292 293 294 295 296 297 298 299 300 136 301 302 303 304 137 305 306 307 140 308 142 309 145 146 310 311 147 312 313 314 151 315 316 317 318 154 319 155 156 158 160 320 161 162 163 164 321 165 167 168 169 170 171 172 173 174 175 176 177 181 182 183 322 184 185 186 187 188 189 190 191 192 193 194 195 196 197 198 199 200 201 202 203 204 205 206 207 208 209 210 211 212 213 214 215 216 217 218 219 220 221 222 223 224 225 226 227 228 229 230 231 232 233 234 235 236 237 238 239 240 241 242 243 244 245 246 247 248 249 250 323 251 252 253 254 255 256 257 258 259 260 261 262 263 264 265 266 267 268 269 270 271 272 324 273 274 275 276 277 278 279 280 281 282 283 284 285 286 287 288
p8:7 A 0 1 2 3 4 5 6 7 8 9 10 11 12 13 14 15 16 17 18 19 20 21 22 23 24 25 26 27 28 29 30 330 31 32 33 34 35 36 37 38 39 40 41 43 44 45 46 47 48 49 50 51 52 53 54 55 56 57 58 59 60 61 62 63 64 65 66 67 68 69 70 71 72 73 74 75 76 77 78 79 80 81 82 83 84 85 86 87 88 89 90 91 92 93 94 96 97 98 99 100 101 102 103 104 105 106 107 108 109 110 111 331 112 113 115 116 117 118 119 120 122 123 124 125 126 127 128 129 130 131 132 133 134 135 136 137 332 138 139 140 141 142 143 144 145 146 147 148 149 150 151 152 153 154 155 156 157 158 160 161 162 163 164 165 166 167 168 169 170 171 172 173 174 175 176 177 178 180 181 182 183 184 185 186 187 188 189 190 191 192 193 194 195 196 197 198 199 200 201 202 203 204 205 206 207 208 209 210 211 212 213 214 215 217 218 219 220 221 222 223 224 225 226 228 229 231 232 233 234 235 236 237 238 239 240 241 242 243 244 245 246 247 248 249 250 251 252 253 254 255 256 257 258 260 261 262 263 264 265 266 267 268 269 270 271 272 273 274 275 276 277 278 279 280 281 282 283 284 285 286 287 288
p8:8 A 0 1 2 3 4 5 6 7 8 9 10 11 12 13 14 15 16 17 18 19 20 21 22 23 24 25 26 27 28 29 30 31 32 33 34 35 36 37 38 39 40 41 42 43 44 45 46 47 48 49 50 51 52 53 54 55 56 57 58 59 60 61 62 63 64 65 66 67 68 69 70 71 72 73 74 75 76 77 78 79 80 81 82 83 84 85 86 87 88 89 90 91 92 93 94 95 96 97 98 99 100 101 102 103 104 105 106 107 108 109 110 111 112 113 114 115 116 117 118 119 120 121 122 123 124 125 126 127 128 129 130 131 132 133 134 135 136 137 138 139 140 141 142 143 144 145 146 147 148 149 150 151 152 153 154 155 156 157 158 159 160 161 162 163 164 165 166 167 168 169 170 171 172 173 174 175 176 177 178 179 180 181 182 183 184 185 186 187 188 189 190 191 192 193 194 195 196 197 198 199 200 201 202 203 204 205 206 207 208 209 210 211 212 213 214 215 216 217 218 219 220 221 222 223 224 225 226 227 228 229 230 231 232 233 234 235 236 237 238 239 240 241 242 243 244 245 246 247 248 249 250 251 252 253 254 255 256 257 258 259 260 261 262 263 264 265 266 267 268 269 270 271 272 273 274 275 276 277 278 279 280 281 282 283 284 285 286 287 288
p8:9 A 0 1 2 3 4 5 6 7 8 9 10 11 12 13 14 15 16 17 18 19 20 21 22 23 24 25 26 27 28 29 30 31 32 33 34 35 36 37 38 39 40 41 42 43 44 45 46 47 48 49 50 51 52 53 54 55 56 57 58 59 60 61 62 63 64 65 66 67 68 69 70 71 72 73 74 75 76 77 78 79 80 81 82 83 84 85 86 87 88 89 90 91 92 93 94 95 96 97 98 99 100 101 102 103 333 104 105 106 107 108 109 110 111 112 113 114 115 116 117 118 119 120 121 122 123 124 125 126 127 128 129 130 131 132 133 134 135 136 137 138 139 140 141 142 143 144 145 146 147 148 149 150 151 152 153 154 155 156 157 158 159 160 161 162 163 164 165 166 167 168 169 170 171 172 173 174 175 176 177 178 179 180 181 182 183 184 185 186 187 188 189 190 191 192 193 194 195 196 197 198 199 200 201 202 203 204 205 206 207 208 209 210 211 212 213 214 215 216 217 218 219 220 221 222 223 224 225 226 227 228 229 230 231 232 233 234 235 236 237 238 239 240 241 242 243 244 245 246 247 248 249 250 251 252 253 254 255 256 257 258 259 260 261 262 263 264 265 266 267 268 269 270 271 272 273 274 275 276 277 278 279 280 281 282 283 284 285 286 287 288
