//
segsites: 239
positions: 0.0031235294 0.0197835294 0.0215623529 0.0222305882 0.0366917647 0.0413458824 0.0566517647 0.0603505882 0.0619200000 0.0621623529 0.0625835294 0.0705247059 0.0732741176 0.0790658824 0.0828694118 0.0879964706 0.0979235294 0.1004941176 0.1019317647 0.1168247059 0.1249988235 0.1377129412 0.1475529412 0.1533588235 0.1844094118 0.1869835294 0.1900270588 0.1909482353 0.2166011765 0.2201505882 0.2228611765 0.2235070588 0.2247129412 0.2248552941 0.2285047059 0.2341423529 0.2373988235 0.2419541176 0.2423682353 0.2436047059 0.2472929412 0.2480152941 0.2549658824 0.2603635294 0.2760800000 0.2838305882 0.2920670588 0.3009188235 0.3011200000 0.3075035294 0.3078670588 0.3119058824 0.3167317647 0.3196588235 0.3218364706 0.3246635294 0.3257152941 0.3283176471 0.3299317647 0.3305729412 0.3327200000 0.3374094118 0.3393917647 0.3405070588 0.3438576471 0.3456352941 0.3558835294 0.3648200000 0.3722094118 0.3733423529 0.3734505882 0.3761152941 0.3773729412 0.3779517647 0.3789435294 0.3794976471 0.3927352941 0.3948035294 0.3963611765 0.3965847059 0.3970035294 0.3986200000 0.4025282353 0.4067588235 0.4183129412 0.4251847059 0.4377623529 0.4406011765 0.4445141176 0.4554305882 0.4619270588 0.4622564706 0.4676517647 0.4726776471 0.4745717647 0.4759235294 0.4770352941 0.4780529412 0.4790976471 0.4826976471 0.4847388235 0.4905858824 0.5048329412 0.5077294118 0.5200917647 0.5288470588 0.5312694118 0.5346435294 0.5361364706 0.5381164706 0.5391058824 0.5392011765 0.5433164706 0.5434164706 0.5494070588 0.5499576471 0.5525694118 0.5560635294 0.5600023529 0.5617941176 0.5636776471 0.5795235294 0.5897376471 0.5917694118 0.6019811765 0.6021094118 0.6027788235 0.6075141176 0.6092258824 0.6107482353 0.6112764706 0.6119164706 0.6126541176 0.6142447059 0.6150952941 0.6157823529 0.6171458824 0.6215682353 0.6235588235 0.6246023529 0.6250400000 0.6267341176 0.6267541176 0.6320223529 0.6326047059 0.6342658824 0.6370882353 0.6400329412 0.6500352941 0.6585917647 0.6597141176 0.6598470588 0.6662282353 0.6667317647 0.6689917647 0.6785564706 0.6804223529 0.6854823529 0.6896952941 0.6901023529 0.6912352941 0.6938282353 0.6939929412 0.6940223529 0.6940705882 0.6953235294 0.6957952941 0.6995682353 0.7016047059 0.7039494118 0.7064717647 0.7067317647 0.7087388235 0.7099670588 0.7131764706 0.7134141176 0.7149458824 0.7182929412 0.7218211765 0.7248505882 0.7301776471 0.7454835294 0.7548258824 0.7633070588 0.7646423529 0.7735047059 0.7757882353 0.7773058824 0.7792517647 0.7806541176 0.7810941176 0.7813411765 0.7826388235 0.7870152941 0.7898494118 0.8004364706 0.8005270588 0.8023870588 0.8030658824 0.8068929412 0.8096235294 0.8121835294 0.8133894118 0.8166588235 0.8211870588 0.8222341176 0.8237611765 0.8264564706 0.8299717647 0.8326011765 0.8333470588 0.8361047059 0.8374317647 0.8410941176 0.8440882353 0.8468682353 0.8470635294 0.8527247059 0.8541058824 0.8557235294 0.8565894118 0.8608411765 0.8612035294 0.8719494118 0.8771129412 0.8780317647 0.8816305882 0.8822541176 0.8854211765 0.8959682353 0.9128211765 0.9274682353 0.9306317647 0.9315376471 0.9364270588 0.9364811765 0.9572623529 0.9651764706 0.9942235294
01111110111101110110101111000101100100001110001110101011001010010111101010001110100010100001010111011110101100000000001011000101000000100011000000000010101101011000000100000010100000011010110101010011000010000011010110000000000110100111000
11111110101101110100100100000101100100001110001111101010001010010111101010001110100010100001010111011110101101000000001011000001000000100011000000100000101101011000000101000010100001001010111101010011010010000011010010000000000110110110001
11111110101101110100100100000101100100001110001111101010001010010111101010001110100010100001010111011110101101000000001011000001000000100011000000000000101101011000000101000010100001001010111101010011010010000011010010000000000110110110001
01111110101101110110101101011010011011110001010000010000000001100000010001110000011001011110101000100001010010111101010100001010111111011100100100000001010010100011111010111101011100100101000010101000101101111100101001111110001001100111000
01111110101101110110101101001010010011010001110000010000100001100000010001110001001001011110101000100001010010111101010100001010111110011100100100001001010010100011111010110101001100100101000010101000101101111100101001111110001000101111000
01111110101101110110101101000101100100001110001111101010001010010111101010001110100010100001010111011110101101000000001011000001000000100011000000000000101101011000000101000010100001001010111101010011010010000011010010000000000110110110001
01111110101101110110101101001010011011110001010000010000000001100000010001110000011001011110101000100001010010111111010100001010111111011100110110000001010010100011111010111101001100100101000010101000101101111100101001111110001001100111000
11111110101111111101110100000101100100001110001110101010001010010111101010001110100010100001010111011110101100000000001011000001000000100011000001000100101101011000000100000010100000011010110101010011000010000011010110000000000110100111010
11111110101111111101110100000101100100001110001110101010001010010111101010001110100010100001010111011110101100000000001011000001000000100011000001000100101101011000000100000010100010011010110101010011000010000011010110000001000110100111010
01111110111101110110101111000101100100001110001110101011001010010111101010001110100010100001010111011110101100000000001011000101000000100011000000000010101101011000000100000010100000011010110101010011000010000011010110000000000110100111000
01111110111101110110101111000101100100001110001110101011001010010111101010001110100010100001010111011110101100000000001011000101000000100011000000000010101101011000000100000010100000011010110101010011000010000011010110000000000110100111000
01111111101101110110101101001010010011010001110000010000100001100000010001110001001001011110101000100001010010111101010100001010111110011100100100001001010010100011111010110101001100100101000010101000101101111100101001111110001000101111000
11111110101111111101110100000101100100001110001110101010001010010111101010001110100010100001010111011110101100000000101011100001000000100011000001000100101101011000000100000010100000011010110101010111000010000011010110000000000110100111010
01111110101101110110101101011010011011110001010000010100000001100000010001110000011001011110101000100001010010111101010100011010111111011100100100000001010010100011111010111101011100100101000010101000101101111100101001111110101001100111000
01111110111101110110101111000101100100001110001110101011001010010111101010001110100010100001010111011110101100000000001011000101000000100011000000000010101101011000000100000010100000011010110101010011000010000011010110000000000110100111100
01111110101101110110101101011010011011110001010000010000000101100000010001110000011001011110101000100001010010111101010100001010111111011100101100000001010010100011111010111101011100100101000010101000101101111100101001111110001001100111001
01111110111101110110101111000101100100001110001110101011001010011111101010001110100010100001010111011110101100000000001011000101000000100011000000000010101101011000000100000010100000011010110101010011000010000011010110000000000110100111000
01111110101101110110101101001010011011110001010000010000000001100000010001110000011001011110101000100001010010111101010100001010111111011100110100010001010010100111111010111101001100100101000010101000101101111100101001111110001001100111000
11111110101111110100100100100101100100001110001110101010011010010111101110001110100110100001010111011110101100000000001011000001000000100011000000000000101101011000000100000010100000011010110101010011000010000011010110000000010110100111010
01111110101101110110101101011010011011110001010000010000000001100000010001110000011001011110101000100001010010111101010100001010111111011100100100000001010010100011111010111101011100100101000010101000101101111100101001111110001001100111000
