#m1 is synonymous and m2 is nonsynonymous
#OUT: 5000 SS p1 1 /Users/williarj/Desktop/Kathi_divergence.txt
Mutations:
638 106 m2 63387 0.03 0.5 p1 2 1
807 960 m2 81481 0.03 0.5 p1 10 1
234 1493 m2 25175 0.03 0.5 p1 16 1
959 1752 m1 98553 0 0.5 p1 18 1
731 1837 m2 72951 0.03 0.5 p1 19 1
405 1903 m2 40763 0.03 0.5 p1 20 1
898 2094 m2 91499 0.03 0.5 p1 22 1
536 2168 m2 54336 0.03 0.5 p1 23 1
890 2488 m2 90307 0.03 0.5 p1 26 1
483 3764 m2 48997 0.03 0.5 p1 39 1
365 4154 m2 37334 0.03 0.5 p1 43 1
221 4345 m2 23003 0.03 0.5 p1 45 1
699 4458 m1 69820 0 0.5 p1 46 1
56 4504 m2 6607 0.03 0.5 p1 47 1
446 4611 m2 45004 0.03 0.5 p1 48 1
501 4771 m1 50514 0 0.5 p1 49 1
23 5837 m2 2450 0.03 0.5 p1 60 1
833 5838 m2 84565 0.03 0.5 p1 60 1
924 6342 m2 94223 0.03 0.5 p1 65 1
256 7444 m2 26900 0.03 0.5 p1 75 1
251 7658 m2 26160 0.03 0.5 p1 78 1
878 8151 m2 89436 0.03 0.5 p1 82 1
520 8174 m2 52540 0.03 0.5 p1 83 1
163 8363 m2 16013 0.03 0.5 p1 84 1
965 8832 m2 99804 0.03 0.5 p1 89 1
920 8990 m2 94017 0.03 0.5 p1 91 1
326 9179 m2 34155 0.03 0.5 p1 93 1
226 9711 m2 23944 0.03 0.5 p1 98 1
799 10914 m2 80951 0.03 0.5 p1 110 1
705 11036 m2 70359 0.03 0.5 p1 111 1
487 11503 m2 49464 0.03 0.5 p1 116 1
486 11576 m1 49431 0 0.5 p1 117 1
577 12645 m2 58763 0.03 0.5 p1 128 1
885 13287 m2 89817 0.03 0.5 p1 134 1
305 13569 m2 31545 0.03 0.5 p1 137 1
434 13984 m1 43862 0 0.5 p1 141 1
73 14066 m2 8257 0.03 0.5 p1 142 1
319 14067 m2 33479 0.03 0.5 p1 142 1
729 15438 m2 72664 0.03 0.5 p1 155 1
614 15439 m2 61635 0.03 0.5 p1 155 1
882 16205 m2 89628 0.03 0.5 p1 163 1
33 16950 m2 3716 0.03 0.5 p1 170 1
310 17943 m2 32127 0.03 0.5 p1 181 1
379 18029 m2 38775 0.03 0.5 p1 182 1
578 18356 m2 58819 0.03 0.5 p1 185 1
201 18357 m2 20679 0.03 0.5 p1 185 1
0 18998 m2 9 0.03 0.5 p1 191 1
399 19906 m2 40119 0.03 0.5 p1 201 1
607 19981 m2 61208 0.03 0.5 p1 202 1
65 20612 m2 7600 0.03 0.5 p1 208 1
543 22267 m2 55092 0.03 0.5 p1 225 1
794 22922 m2 80300 0.03 0.5 p1 231 1
745 23623 m2 74363 0.03 0.5 p1 238 1
755 23975 m2 75870 0.03 0.5 p1 242 1
810 24117 m1 82031 0 0.5 p1 243 1
274 24592 m2 28626 0.03 0.5 p1 248 1
512 24870 m2 51795 0.03 0.5 p1 251 1
432 25064 m2 43644 0.03 0.5 p1 253 1
149 25749 m2 14669 0.03 0.5 p1 259 1
194 26495 m2 19659 0.03 0.5 p1 267 1
641 26943 m2 63505 0.03 0.5 p1 271 1
142 26944 m1 14225 0 0.5 p1 271 1
530 27317 m2 53974 0.03 0.5 p1 275 1
830 27489 m1 84086 0 0.5 p1 277 1
864 28211 m2 88545 0.03 0.5 p1 284 1
623 28212 m2 62167 0.03 0.5 p1 284 1
222 28483 m2 23238 0.03 0.5 p1 287 1
98 28592 m2 10569 0.03 0.5 p1 288 1
872 28744 m2 89072 0.03 0.5 p1 290 1
567 30398 m2 57916 0.03 0.5 p1 307 1
561 30469 m2 57305 0.03 0.5 p1 308 1
153 31676 m2 15321 0.03 0.5 p1 320 1
866 31908 m2 88769 0.03 0.5 p1 322 1
253 32086 m2 26265 0.03 0.5 p1 323 1
497 32484 m2 50380 0.03 0.5 p1 327 1
295 32861 m2 30538 0.03 0.5 p1 331 1
190 33106 m2 18762 0.03 0.5 p1 334 1
46 34258 m2 5279 0.03 0.5 p1 345 1
59 34398 m2 6909 0.03 0.5 p1 347 1
840 34681 m1 85844 0 0.5 p1 349 1
413 35066 m2 41557 0.03 0.5 p1 353 1
528 36195 m1 53604 0 0.5 p1 365 1
601 36491 m2 60926 0.03 0.5 p1 367 1
950 37092 m2 97654 0.03 0.5 p1 373 1
919 38046 m2 93944 0.03 0.5 p1 383 1
551 39259 m2 56250 0.03 0.5 p1 395 1
260 39623 m1 27132 0 0.5 p1 399 1
82 40033 m1 9027 0 0.5 p1 403 1
790 40491 m2 79486 0.03 0.5 p1 407 1
50 40851 m2 5527 0.03 0.5 p1 411 1
333 41691 m2 34628 0.03 0.5 p1 419 1
861 41940 m2 88300 0.03 0.5 p1 421 1
118 42183 m2 12277 0.03 0.5 p1 424 1
498 42351 m2 50410 0.03 0.5 p1 425 1
357 42554 m2 36843 0.03 0.5 p1 427 1
876 42698 m2 89383 0.03 0.5 p1 429 1
175 43360 m2 17669 0.03 0.5 p1 435 1
281 44230 m2 29281 0.03 0.5 p1 444 1
264 45187 m2 27894 0.03 0.5 p1 453 1
798 45193 m2 80926 0.03 0.5 p1 454 1
374 45566 m1 37986 0 0.5 p1 457 1
276 45643 m2 28705 0.03 0.5 p1 458 1
802 46811 m1 81093 0 0.5 p1 470 1
74 46881 m2 8337 0.03 0.5 p1 470 1
336 47275 m2 34881 0.03 0.5 p1 474 1
456 47435 m2 46374 0.03 0.5 p1 476 1
433 48823 m2 43789 0.03 0.5 p1 491 1
79 49069 m2 8554 0.03 0.5 p1 493 1
935 51533 m2 95383 0.03 0.5 p1 517 1
342 51595 m2 35372 0.03 0.5 p1 518 1
887 51677 m2 90083 0.03 0.5 p1 519 1
774 51767 m2 77712 0.03 0.5 p1 520 1
19 52221 m2 1992 0.03 0.5 p1 524 1
781 53349 m2 78376 0.03 0.5 p1 535 1
526 53420 m2 53426 0.03 0.5 p1 536 1
719 53580 m2 71992 0.03 0.5 p1 538 1
738 54673 m1 73602 0 0.5 p1 549 1
451 54674 m2 45687 0.03 0.5 p1 549 1
242 55351 m2 25537 0.03 0.5 p1 556 1
949 56132 m2 97653 0.03 0.5 p1 564 1
574 56133 m2 58507 0.03 0.5 p1 564 1
746 56737 m2 74501 0.03 0.5 p1 570 1
546 56913 m2 55576 0.03 0.5 p1 571 1
189 57693 m2 18732 0.03 0.5 p1 579 1
901 58799 m2 92493 0.03 0.5 p1 591 1
752 60264 m2 75366 0.03 0.5 p1 605 1
299 60339 m2 30881 0.03 0.5 p1 606 1
569 60633 m2 58209 0.03 0.5 p1 609 1
424 61056 m2 43003 0.03 0.5 p1 613 1
957 62892 m2 98277 0.03 0.5 p1 632 1
470 63012 m2 48189 0.03 0.5 p1 633 1
535 64388 m2 54329 0.03 0.5 p1 647 1
415 64389 m2 41717 0.03 0.5 p1 647 1
754 65180 m2 75762 0.03 0.5 p1 655 1
820 65181 m2 83297 0.03 0.5 p1 655 1
97 65908 m2 10514 0.03 0.5 p1 662 1
3 66854 m2 601 0.03 0.5 p1 672 1
780 67122 m2 78273 0.03 0.5 p1 674 1
15 67530 m2 1529 0.03 0.5 p1 678 1
513 67580 m2 51805 0.03 0.5 p1 679 1
192 67987 m2 19592 0.03 0.5 p1 683 1
679 69384 m2 67565 0.03 0.5 p1 697 1
176 70205 m2 17681 0.03 0.5 p1 705 1
621 70206 m1 61850 0 0.5 p1 705 1
293 70207 m2 30344 0.03 0.5 p1 705 1
814 70413 m2 82996 0.03 0.5 p1 707 1
99 70734 m2 10597 0.03 0.5 p1 710 1
819 70830 m2 83281 0.03 0.5 p1 711 1
350 70831 m2 36126 0.03 0.5 p1 711 1
822 72204 m2 83566 0.03 0.5 p1 725 1
875 72362 m2 89254 0.03 0.5 p1 726 1
1 72628 m2 18 0.03 0.5 p1 729 1
155 73056 m2 15477 0.03 0.5 p1 733 1
529 73883 m2 53883 0.03 0.5 p1 741 1
104 74656 m1 11018 0 0.5 p1 749 1
402 74850 m2 40737 0.03 0.5 p1 751 1
359 74851 m2 36939 0.03 0.5 p1 751 1
706 75041 m2 70980 0.03 0.5 p1 753 1
77 75976 m2 8446 0.03 0.5 p1 763 1
61 76043 m2 6984 0.03 0.5 p1 764 1
5 76992 m2 611 0.03 0.5 p1 773 1
899 77226 m1 91810 0 0.5 p1 776 1
105 78296 m2 11032 0.03 0.5 p1 787 1
680 78660 m2 67613 0.03 0.5 p1 790 1
634 79013 m1 63067 0 0.5 p1 794 1
808 79233 m2 81751 0.03 0.5 p1 796 1
338 79234 m2 35065 0.03 0.5 p1 796 1
902 79649 m2 92512 0.03 0.5 p1 800 1
45 80090 m2 5217 0.03 0.5 p1 804 1
714 81280 m2 71378 0.03 0.5 p1 816 1
106 81281 m2 11171 0.03 0.5 p1 816 1
378 82551 m2 38617 0.03 0.5 p1 828 1
218 82800 m1 22327 0 0.5 p1 831 1
184 83000 m1 18301 0 0.5 p1 833 1
131 84024 m2 13200 0.03 0.5 p1 843 1
816 84059 m2 83177 0.03 0.5 p1 844 1
643 84288 m2 64290 0.03 0.5 p1 846 1
409 84508 m2 41157 0.03 0.5 p1 848 1
766 84973 m1 76959 0 0.5 p1 853 1
116 85610 m2 12195 0.03 0.5 p1 860 1
893 85918 m2 90607 0.03 0.5 p1 863 1
895 86395 m2 90891 0.03 0.5 p1 867 1
690 87186 m2 68226 0.03 0.5 p1 875 1
177 88030 m2 17691 0.03 0.5 p1 884 1
843 88509 m2 86089 0.03 0.5 p1 889 1
908 88806 m2 92973 0.03 0.5 p1 892 1
187 89114 m2 18531 0.03 0.5 p1 895 1
316 90529 m2 33273 0.03 0.5 p1 908 1
515 92684 m2 51938 0.03 0.5 p1 930 1
665 92949 m2 66284 0.03 0.5 p1 932 1
458 93429 m2 46714 0.03 0.5 p1 937 1
650 93590 m2 64899 0.03 0.5 p1 939 1
740 93793 m2 74077 0.03 0.5 p1 941 1
54 93794 m2 6450 0.03 0.5 p1 941 1
120 94107 m1 12339 0 0.5 p1 944 1
228 94534 m2 24202 0.03 0.5 p1 948 1
767 94937 m2 77075 0.03 0.5 p1 952 1
22 96574 m2 2348 0.03 0.5 p1 969 1
117 96949 m2 12219 0.03 0.5 p1 973 1
956 96950 m2 98186 0.03 0.5 p1 973 1
815 97305 m2 83167 0.03 0.5 p1 976 1
76 98005 m2 8414 0.03 0.5 p1 983 1
647 98882 m2 64542 0.03 0.5 p1 992 1
616 99196 m2 61674 0.03 0.5 p1 995 1
784 101162 m2 78840 0.03 0.5 p1 1007 1
756 102956 m2 76076 0.03 0.5 p1 1016 1
857 103513 m2 87833 0.03 0.5 p1 1019 1
837 103663 m2 85151 0.03 0.5 p1 1020 1
298 104723 m2 30859 0.03 0.5 p1 1025 1
62 106193 m2 7073 0.03 0.5 p1 1032 1
370 106978 m2 37691 0.03 0.5 p1 1036 1
145 107684 m2 14434 0.03 0.5 p1 1040 1
964 107685 m2 99352 0.03 0.5 p1 1040 1
786 108984 m1 79015 0 0.5 p1 1046 1
233 109123 m1 24790 0 0.5 p1 1047 1
381 111183 m2 38834 0.03 0.5 p1 1057 1
43 111374 m2 5131 0.03 0.5 p1 1058 1
191 111574 m2 19273 0.03 0.5 p1 1059 1
167 111791 m2 16417 0.03 0.5 p1 1060 1
40 112547 m1 4772 0 0.5 p1 1064 1
818 113390 m2 83263 0.03 0.5 p1 1068 1
712 114544 m2 71307 0.03 0.5 p1 1074 1
435 115371 m2 44148 0.03 0.5 p1 1078 1
133 116140 m2 13366 0.03 0.5 p1 1082 1
482 116705 m2 48982 0.03 0.5 p1 1085 1
317 116735 m2 33298 0.03 0.5 p1 1085 1
371 117303 m2 37838 0.03 0.5 p1 1088 1
90 118952 m2 9657 0.03 0.5 p1 1096 1
764 119012 m2 76856 0.03 0.5 p1 1096 1
321 120360 m2 33559 0.03 0.5 p1 1103 1
464 123378 m2 47555 0.03 0.5 p1 1118 1
773 123580 m2 77659 0.03 0.5 p1 1119 1
80 124020 m2 8579 0.03 0.5 p1 1121 1
395 124630 m2 39657 0.03 0.5 p1 1124 1
704 125005 m2 70336 0.03 0.5 p1 1126 1
760 125271 m2 76519 0.03 0.5 p1 1127 1
748 125484 m2 74702 0.03 0.5 p1 1128 1
742 126260 m2 74272 0.03 0.5 p1 1132 1
173 128635 m2 17018 0.03 0.5 p1 1144 1
21 129917 m2 2162 0.03 0.5 p1 1150 1
829 129918 m2 84043 0.03 0.5 p1 1150 1
913 133272 m2 93337 0.03 0.5 p1 1167 1
101 134275 m1 10706 0 0.5 p1 1172 1
637 135856 m2 63346 0.03 0.5 p1 1180 1
563 136949 m2 57511 0.03 0.5 p1 1186 1
492 137884 m1 49898 0 0.5 p1 1191 1
791 139070 m1 79489 0 0.5 p1 1197 1
684 139450 m2 67677 0.03 0.5 p1 1199 1
751 140065 m2 75145 0.03 0.5 p1 1202 1
439 141457 m2 44442 0.03 0.5 p1 1209 1
240 142045 m1 25483 0 0.5 p1 1212 1
6 142661 m2 613 0.03 0.5 p1 1215 1
653 143063 m2 65135 0.03 0.5 p1 1217 1
687 143064 m1 67818 0 0.5 p1 1217 1
306 143812 m2 31604 0.03 0.5 p1 1221 1
775 148288 m2 77732 0.03 0.5 p1 1243 1
68 148694 m1 7752 0 0.5 p1 1245 1
119 149911 m2 12310 0.03 0.5 p1 1251 1
610 151708 m2 61400 0.03 0.5 p1 1260 1
860 154079 m1 88004 0 0.5 p1 1272 1
686 155895 m2 67757 0.03 0.5 p1 1281 1
269 156870 m2 28289 0.03 0.5 p1 1286 1
115 157661 m2 11938 0.03 0.5 p1 1290 1
64 157662 m1 7131 0 0.5 p1 1290 1
60 157799 m2 6936 0.03 0.5 p1 1291 1
230 157800 m2 24474 0.03 0.5 p1 1291 1
427 158000 m2 43228 0.03 0.5 p1 1292 1
347 158822 m2 35719 0.03 0.5 p1 1296 1
734 160408 m2 73188 0.03 0.5 p1 1304 1
579 160555 m2 59039 0.03 0.5 p1 1305 1
406 160556 m1 40865 0 0.5 p1 1305 1
39 161706 m1 4723 0 0.5 p1 1311 1
300 162362 m2 31057 0.03 0.5 p1 1314 1
533 162554 m1 54202 0 0.5 p1 1315 1
750 163554 m2 75126 0.03 0.5 p1 1320 1
160 164008 m2 15847 0.03 0.5 p1 1322 1
401 164009 m2 40648 0.03 0.5 p1 1322 1
619 164010 m2 61736 0.03 0.5 p1 1322 1
157 164851 m2 15562 0.03 0.5 p1 1326 1
841 168485 m2 85887 0.03 0.5 p1 1344 1
566 169826 m2 57791 0.03 0.5 p1 1351 1
430 170301 m2 43344 0.03 0.5 p1 1353 1
666 171729 m2 66318 0.03 0.5 p1 1360 1
44 172482 m2 5134 0.03 0.5 p1 1364 1
761 174706 m2 76727 0.03 0.5 p1 1375 1
846 175723 m2 86573 0.03 0.5 p1 1380 1
896 176581 m2 90932 0.03 0.5 p1 1384 1
197 179577 m2 20092 0.03 0.5 p1 1399 1
941 180576 m2 96233 0.03 0.5 p1 1404 1
570 181804 m2 58231 0.03 0.5 p1 1410 1
30 182818 m2 3424 0.03 0.5 p1 1415 1
865 184110 m2 88749 0.03 0.5 p1 1421 1
443 184929 m2 44715 0.03 0.5 p1 1425 1
678 185175 m2 67477 0.03 0.5 p1 1426 1
393 189099 m2 39574 0.03 0.5 p1 1446 1
34 189959 m2 4043 0.03 0.5 p1 1450 1
700 190166 m2 69893 0.03 0.5 p1 1451 1
147 191146 m2 14475 0.03 0.5 p1 1456 1
290 191831 m2 30111 0.03 0.5 p1 1459 1
394 192157 m2 39630 0.03 0.5 p1 1461 1
785 192164 m1 78848 0 0.5 p1 1461 1
284 192432 m1 29568 0 0.5 p1 1462 1
291 192602 m2 30166 0.03 0.5 p1 1463 1
711 192812 m2 71231 0.03 0.5 p1 1464 1
971 192813 m2 99987 0.03 0.5 p1 1464 1
457 193997 m2 46601 0.03 0.5 p1 1470 1
662 197756 m2 66015 0.03 0.5 p1 1489 1
500 198689 m2 50428 0.03 0.5 p1 1494 1
723 199466 m2 72259 0.03 0.5 p1 1498 1
196 199537 m2 19994 0.03 0.5 p1 1498 1
877 200475 m2 89392 0.03 0.5 p1 1504 1
514 201702 m2 51902 0.03 0.5 p1 1512 1
422 201974 m2 42540 0.03 0.5 p1 1514 1
355 202726 m2 36796 0.03 0.5 p1 1519 1
900 204128 m2 92048 0.03 0.5 p1 1528 1
277 206383 m2 28905 0.03 0.5 p1 1543 1
817 206679 m2 83203 0.03 0.5 p1 1545 1
53 208416 m1 6435 0 0.5 p1 1557 1
315 208727 m2 33249 0.03 0.5 p1 1559 1
452 209204 m2 45790 0.03 0.5 p1 1562 1
416 211138 m2 41942 0.03 0.5 p1 1575 1
143 212918 m2 14288 0.03 0.5 p1 1587 1
664 213846 m1 66232 0 0.5 p1 1593 1
639 213964 m2 63459 0.03 0.5 p1 1594 1
441 213965 m2 44624 0.03 0.5 p1 1594 1
916 214260 m1 93567 0 0.5 p1 1596 1
508 216157 m2 51399 0.03 0.5 p1 1609 1
358 216274 m2 36878 0.03 0.5 p1 1610 1
588 216278 m2 59709 0.03 0.5 p1 1610 1
726 216279 m2 72409 0.03 0.5 p1 1610 1
121 216612 m2 12371 0.03 0.5 p1 1612 1
445 217036 m1 44923 0 0.5 p1 1615 1
261 217199 m2 27538 0.03 0.5 p1 1616 1
938 220016 m2 95767 0.03 0.5 p1 1635 1
383 220448 m2 38868 0.03 0.5 p1 1638 1
180 220767 m2 17777 0.03 0.5 p1 1640 1
96 221033 m1 10310 0 0.5 p1 1642 1
324 221034 m2 33942 0.03 0.5 p1 1642 1
737 221035 m2 73467 0.03 0.5 p1 1642 1
698 221482 m1 69769 0 0.5 p1 1645 1
124 221483 m2 12704 0.03 0.5 p1 1645 1
573 222113 m2 58443 0.03 0.5 p1 1649 1
237 222269 m2 25226 0.03 0.5 p1 1650 1
391 222730 m1 39351 0 0.5 p1 1653 1
205 223799 m2 21200 0.03 0.5 p1 1660 1
921 225870 m1 94158 0 0.5 p1 1674 1
335 226335 m2 34826 0.03 0.5 p1 1677 1
565 226819 m2 57664 0.03 0.5 p1 1680 1
246 227786 m2 25768 0.03 0.5 p1 1687 1
606 229296 m2 61207 0.03 0.5 p1 1697 1
239 230194 m2 25363 0.03 0.5 p1 1703 1
509 231364 m2 51441 0.03 0.5 p1 1711 1
886 231850 m2 89969 0.03 0.5 p1 1714 1
713 233491 m2 71353 0.03 0.5 p1 1725 1
11 233492 m2 923 0.03 0.5 p1 1725 1
654 234953 m1 65283 0 0.5 p1 1735 1
812 234954 m2 82709 0.03 0.5 p1 1735 1
454 235700 m2 46113 0.03 0.5 p1 1740 1
211 236907 m2 21688 0.03 0.5 p1 1748 1
503 237876 m2 50642 0.03 0.5 p1 1755 1
285 238237 m2 29766 0.03 0.5 p1 1757 1
736 238655 m2 73321 0.03 0.5 p1 1760 1
227 239337 m2 24115 0.03 0.5 p1 1764 1
369 239495 m2 37687 0.03 0.5 p1 1765 1
963 241087 m2 99267 0.03 0.5 p1 1776 1
854 241389 m2 87455 0.03 0.5 p1 1778 1
35 241577 m1 4123 0 0.5 p1 1779 1
408 242010 m2 41095 0.03 0.5 p1 1782 1
826 242164 m2 83834 0.03 0.5 p1 1783 1
179 242603 m2 17775 0.03 0.5 p1 1786 1
516 244019 m2 52124 0.03 0.5 p1 1795 1
870 245971 m2 88970 0.03 0.5 p1 1808 1
677 246534 m2 67319 0.03 0.5 p1 1812 1
476 247000 m2 48596 0.03 0.5 p1 1815 1
412 247279 m2 41540 0.03 0.5 p1 1817 1
122 247410 m2 12439 0.03 0.5 p1 1818 1
930 248009 m2 95188 0.03 0.5 p1 1822 1
353 248939 m2 36463 0.03 0.5 p1 1828 1
280 249373 m2 29151 0.03 0.5 p1 1831 1
909 251827 m2 93014 0.03 0.5 p1 1847 1
618 253270 m2 61715 0.03 0.5 p1 1857 1
932 254317 m1 95247 0 0.5 p1 1864 1
787 254455 m2 79207 0.03 0.5 p1 1865 1
125 256674 m2 12722 0.03 0.5 p1 1880 1
768 258014 m2 77283 0.03 0.5 p1 1889 1
611 259492 m1 61474 0 0.5 p1 1899 1
549 259493 m2 55848 0.03 0.5 p1 1899 1
575 262259 m2 58591 0.03 0.5 p1 1918 1
801 264037 m2 81079 0.03 0.5 p1 1930 1
29 264592 m1 3418 0 0.5 p1 1934 1
849 265850 m2 86892 0.03 0.5 p1 1942 1
144 266534 m2 14430 0.03 0.5 p1 1946 1
905 266687 m2 92658 0.03 0.5 p1 1947 1
649 267619 m2 64653 0.03 0.5 p1 1953 1
696 268085 m2 69578 0.03 0.5 p1 1956 1
733 268216 m2 73090 0.03 0.5 p1 1957 1
87 269571 m2 9536 0.03 0.5 p1 1966 1
411 270003 m2 41491 0.03 0.5 p1 1969 1
449 272467 m2 45615 0.03 0.5 p1 1986 1
720 272778 m2 72084 0.03 0.5 p1 1988 1
303 273834 m2 31389 0.03 0.5 p1 1995 1
328 274535 m2 34234 0.03 0.5 p1 2000 1
667 274536 m2 66343 0.03 0.5 p1 2000 1
777 276174 m2 78010 0.03 0.5 p1 2011 1
505 277064 m1 50738 0 0.5 p1 2017 1
904 277344 m2 92597 0.03 0.5 p1 2019 1
223 277558 m1 23409 0 0.5 p1 2020 1
771 277668 m2 77565 0.03 0.5 p1 2021 1
958 278127 m2 98283 0.03 0.5 p1 2024 1
171 279024 m2 16941 0.03 0.5 p1 2030 1
598 280685 m2 60692 0.03 0.5 p1 2041 1
948 280831 m2 97342 0.03 0.5 p1 2042 1
235 281421 m2 25178 0.03 0.5 p1 2046 1
367 283547 m2 37582 0.03 0.5 p1 2060 1
8 283704 m2 653 0.03 0.5 p1 2061 1
676 284282 m2 67302 0.03 0.5 p1 2065 1
113 284451 m1 11841 0 0.5 p1 2066 1
795 284452 m2 80779 0.03 0.5 p1 2066 1
325 284614 m2 34031 0.03 0.5 p1 2067 1
953 285159 m1 97845 0 0.5 p1 2071 1
809 286889 m2 81953 0.03 0.5 p1 2082 1
95 287434 m2 10241 0.03 0.5 p1 2086 1
495 287598 m2 50128 0.03 0.5 p1 2087 1
933 289858 m2 95272 0.03 0.5 p1 2102 1
214 290806 m2 21906 0.03 0.5 p1 2109 1
426 291279 m1 43121 0 0.5 p1 2112 1
109 292563 m1 11349 0 0.5 p1 2121 1
86 292743 m2 9495 0.03 0.5 p1 2122 1
247 294076 m2 25775 0.03 0.5 p1 2131 1
782 295738 m1 78440 0 0.5 p1 2142 1
955 296848 m2 98130 0.03 0.5 p1 2149 1
343 297455 m2 35398 0.03 0.5 p1 2153 1
844 297578 m2 86239 0.03 0.5 p1 2154 1
265 300425 m2 27971 0.03 0.5 p1 2173 1
107 300735 m1 11219 0 0.5 p1 2175 1
880 301765 m2 89482 0.03 0.5 p1 2182 1
384 301907 m2 39051 0.03 0.5 p1 2183 1
539 303257 m2 54405 0.03 0.5 p1 2192 1
823 303425 m1 83668 0 0.5 p1 2193 1
709 304715 m2 71186 0.03 0.5 p1 2202 1
282 305030 m2 29462 0.03 0.5 p1 2204 1
531 305945 m1 53987 0 0.5 p1 2210 1
129 306609 m2 13073 0.03 0.5 p1 2214 1
245 306746 m1 25731 0 0.5 p1 2215 1
388 307311 m2 39211 0.03 0.5 p1 2219 1
769 308254 m1 77396 0 0.5 p1 2225 1
210 309166 m2 21687 0.03 0.5 p1 2231 1
917 310546 m2 93693 0.03 0.5 p1 2240 1
397 311904 m2 39835 0.03 0.5 p1 2249 1
41 313286 m2 5066 0.03 0.5 p1 2259 1
939 313891 m2 95801 0.03 0.5 p1 2263 1
417 314222 m2 41949 0.03 0.5 p1 2265 1
725 314343 m2 72402 0.03 0.5 p1 2266 1
348 314551 m2 36083 0.03 0.5 p1 2267 1
688 314827 m2 67932 0.03 0.5 p1 2269 1
368 314988 m2 37613 0.03 0.5 p1 2270 1
547 315124 m2 55764 0.03 0.5 p1 2271 1
806 316642 m1 81414 0 0.5 p1 2281 1
283 316952 m2 29545 0.03 0.5 p1 2283 1
318 318143 m2 33347 0.03 0.5 p1 2291 1
278 319511 m2 28939 0.03 0.5 p1 2300 1
724 319512 m2 72324 0.03 0.5 p1 2300 1
590 320595 m2 59743 0.03 0.5 p1 2307 1
252 321342 m1 26170 0 0.5 p1 2312 1
444 322094 m2 44897 0.03 0.5 p1 2317 1
110 322823 m2 11400 0.03 0.5 p1 2322 1
84 325047 m2 9374 0.03 0.5 p1 2337 1
349 325509 m1 36090 0 0.5 p1 2340 1
63 325696 m1 7097 0 0.5 p1 2341 1
461 326006 m2 47126 0.03 0.5 p1 2343 1
839 326168 m2 85512 0.03 0.5 p1 2344 1
717 326305 m1 71805 0 0.5 p1 2345 1
753 327376 m2 75426 0.03 0.5 p1 2352 1
288 328458 m2 30007 0.03 0.5 p1 2359 1
128 328459 m2 12933 0.03 0.5 p1 2359 1
103 329356 m2 10972 0.03 0.5 p1 2365 1
556 330230 m2 56782 0.03 0.5 p1 2371 1
931 330512 m1 95213 0 0.5 p1 2373 1
92 330983 m2 9670 0.03 0.5 p1 2376 1
467 332604 m2 47656 0.03 0.5 p1 2387 1
522 333763 m2 52893 0.03 0.5 p1 2395 1
13 333918 m2 1125 0.03 0.5 p1 2396 1
440 334335 m2 44543 0.03 0.5 p1 2399 1
314 334988 m2 32956 0.03 0.5 p1 2403 1
542 335405 m1 55047 0 0.5 p1 2406 1
263 335903 m2 27868 0.03 0.5 p1 2409 1
518 336644 m2 52458 0.03 0.5 p1 2414 1
572 337048 m2 58243 0.03 0.5 p1 2417 1
351 337208 m2 36432 0.03 0.5 p1 2418 1
892 339739 m2 90600 0.03 0.5 p1 2435 1
803 340687 m2 81121 0.03 0.5 p1 2442 1
681 341115 m1 67651 0 0.5 p1 2445 1
150 344248 m2 15095 0.03 0.5 p1 2466 1
489 344543 m2 49824 0.03 0.5 p1 2468 1
494 345859 m1 50048 0 0.5 p1 2477 1
612 346053 m2 61492 0.03 0.5 p1 2478 1
294 346216 m1 30449 0 0.5 p1 2479 1
544 346781 m1 55243 0 0.5 p1 2483 1
212 347536 m2 21698 0.03 0.5 p1 2488 1
661 348605 m2 65704 0.03 0.5 p1 2495 1
380 348766 m2 38822 0.03 0.5 p1 2496 1
553 349366 m2 56443 0.03 0.5 p1 2500 1
778 349482 m2 78090 0.03 0.5 p1 2501 1
400 350813 m2 40344 0.03 0.5 p1 2510 1
398 352641 m2 39981 0.03 0.5 p1 2522 1
519 353350 m2 52524 0.03 0.5 p1 2527 1
154 353351 m2 15404 0.03 0.5 p1 2527 1
354 354118 m2 36710 0.03 0.5 p1 2532 1
307 354711 m2 31652 0.03 0.5 p1 2536 1
527 354712 m2 53487 0.03 0.5 p1 2536 1
629 355334 m1 62606 0 0.5 p1 2540 1
691 355772 m2 68384 0.03 0.5 p1 2543 1
67 357051 m2 7662 0.03 0.5 p1 2552 1
140 358026 m2 14043 0.03 0.5 p1 2558 1
206 359495 m2 21229 0.03 0.5 p1 2568 1
602 359496 m1 60943 0 0.5 p1 2568 1
392 359647 m2 39479 0.03 0.5 p1 2569 1
477 359803 m2 48617 0.03 0.5 p1 2570 1
652 361119 m2 65076 0.03 0.5 p1 2579 1
867 362609 m2 88787 0.03 0.5 p1 2589 1
216 363162 m2 22009 0.03 0.5 p1 2593 1
589 364593 m2 59716 0.03 0.5 p1 2603 1
132 365205 m1 13288 0 0.5 p1 2607 1
141 365962 m2 14047 0.03 0.5 p1 2612 1
552 366099 m2 56343 0.03 0.5 p1 2613 1
540 367287 m2 54783 0.03 0.5 p1 2621 1
202 367741 m2 20758 0.03 0.5 p1 2624 1
757 368214 m2 76139 0.03 0.5 p1 2627 1
940 368689 m2 96187 0.03 0.5 p1 2630 1
111 369204 m2 11539 0.03 0.5 p1 2633 1
541 371744 m2 54870 0.03 0.5 p1 2650 1
24 373087 m2 2922 0.03 0.5 p1 2659 1
14 376561 m2 1194 0.03 0.5 p1 2682 1
178 377779 m2 17761 0.03 0.5 p1 2690 1
555 378391 m2 56744 0.03 0.5 p1 2694 1
31 378866 m2 3482 0.03 0.5 p1 2697 1
788 379832 m2 79260 0.03 0.5 p1 2703 1
232 379833 m2 24680 0.03 0.5 p1 2703 1
805 380114 m2 81329 0.03 0.5 p1 2705 1
859 380115 m2 87991 0.03 0.5 p1 2705 1
881 380436 m2 89548 0.03 0.5 p1 2707 1
12 380984 m2 1118 0.03 0.5 p1 2711 1
499 381435 m2 50427 0.03 0.5 p1 2714 1
862 381763 m2 88307 0.03 0.5 p1 2716 1
608 382242 m2 61315 0.03 0.5 p1 2719 1
58 382568 m2 6674 0.03 0.5 p1 2721 1
584 383128 m2 59516 0.03 0.5 p1 2725 1
437 384657 m2 44287 0.03 0.5 p1 2735 1
362 385714 m2 37076 0.03 0.5 p1 2742 1
695 385830 m2 69513 0.03 0.5 p1 2743 1
209 386569 m1 21619 0 0.5 p1 2748 1
832 386727 m1 84472 0 0.5 p1 2749 1
560 387583 m2 57171 0.03 0.5 p1 2755 1
682 387584 m2 67671 0.03 0.5 p1 2755 1
558 388502 m1 56998 0 0.5 p1 2761 1
848 391738 m2 86883 0.03 0.5 p1 2782 1
102 392520 m2 10723 0.03 0.5 p1 2787 1
906 393378 m2 92795 0.03 0.5 p1 2793 1
386 395480 m1 39135 0 0.5 p1 2807 1
856 396081 m2 87639 0.03 0.5 p1 2811 1
624 396253 m2 62270 0.03 0.5 p1 2812 1
926 397620 m2 94630 0.03 0.5 p1 2821 1
479 398603 m2 48650 0.03 0.5 p1 2828 1
834 399780 m2 84649 0.03 0.5 p1 2836 1
800 401230 m2 80962 0.03 0.5 p1 2846 1
858 402360 m1 87887 0 0.5 p1 2853 1
9 402738 m2 794 0.03 0.5 p1 2856 1
502 402878 m2 50604 0.03 0.5 p1 2857 1
853 403370 m2 87327 0.03 0.5 p1 2860 1
166 403506 m2 16397 0.03 0.5 p1 2861 1
49 404810 m2 5403 0.03 0.5 p1 2870 1
28 405438 m2 3401 0.03 0.5 p1 2874 1
32 405439 m2 3655 0.03 0.5 p1 2874 1
625 406055 m2 62286 0.03 0.5 p1 2878 1
385 406835 m1 39134 0 0.5 p1 2883 1
71 408160 m2 8142 0.03 0.5 p1 2892 1
100 411166 m2 10649 0.03 0.5 p1 2912 1
758 411450 m2 76330 0.03 0.5 p1 2914 1
550 411876 m2 56202 0.03 0.5 p1 2917 1
203 412452 m2 21128 0.03 0.5 p1 2921 1
630 413827 m2 62640 0.03 0.5 p1 2930 1
83 414125 m2 9234 0.03 0.5 p1 2932 1
471 415332 m1 48313 0 0.5 p1 2940 1
918 415333 m2 93808 0.03 0.5 p1 2940 1
423 416540 m2 42720 0.03 0.5 p1 2948 1
927 417725 m2 94762 0.03 0.5 p1 2956 1
466 418591 m2 47583 0.03 0.5 p1 2962 1
537 418764 m2 54374 0.03 0.5 p1 2963 1
937 420096 m2 95688 0.03 0.5 p1 2972 1
241 420707 m2 25499 0.03 0.5 p1 2976 1
835 422205 m2 84977 0.03 0.5 p1 2986 1
827 423282 m2 83870 0.03 0.5 p1 2993 1
718 423468 m2 71828 0.03 0.5 p1 2994 1
267 423469 m2 28244 0.03 0.5 p1 2994 1
373 423626 m2 37970 0.03 0.5 p1 2995 1
396 424050 m1 39718 0 0.5 p1 2998 1
772 424329 m2 77655 0.03 0.5 p1 3000 1
954 425406 m1 97854 0 0.5 p1 3007 1
52 426020 m2 6394 0.03 0.5 p1 3011 1
183 426599 m2 18281 0.03 0.5 p1 3015 1
703 427177 m2 70135 0.03 0.5 p1 3019 1
250 429397 m1 26062 0 0.5 p1 3034 1
17 429570 m2 1658 0.03 0.5 p1 3035 1
188 429878 m2 18702 0.03 0.5 p1 3037 1
2 430443 m2 568 0.03 0.5 p1 3041 1
244 430917 m2 25642 0.03 0.5 p1 3044 1
869 431696 m2 88956 0.03 0.5 p1 3049 1
524 432256 m2 53059 0.03 0.5 p1 3053 1
134 432993 m2 13447 0.03 0.5 p1 3058 1
969 433712 m1 99939 0 0.5 p1 3063 1
910 434442 m2 93082 0.03 0.5 p1 3068 1
174 435159 m2 17209 0.03 0.5 p1 3073 1
521 435485 m2 52549 0.03 0.5 p1 3075 1
648 435615 m2 64572 0.03 0.5 p1 3076 1
576 435616 m2 58674 0.03 0.5 p1 3076 1
523 436119 m2 52950 0.03 0.5 p1 3079 1
138 438016 m2 13732 0.03 0.5 p1 3092 1
689 438052 m1 68126 0 0.5 p1 3092 1
94 439394 m2 10064 0.03 0.5 p1 3101 1
72 440156 m1 8165 0 0.5 p1 3106 1
346 441534 m2 35677 0.03 0.5 p1 3116 1
532 441535 m2 53987 0.03 0.5 p1 3116 1
743 443692 m1 74343 0 0.5 p1 3130 1
622 443952 m2 62040 0.03 0.5 p1 3132 1
831 445856 m1 84366 0 0.5 p1 3145 1
735 446768 m2 73280 0.03 0.5 p1 3151 1
952 446769 m2 97831 0.03 0.5 p1 3151 1
156 446770 m2 15525 0.03 0.5 p1 3151 1
238 447218 m2 25362 0.03 0.5 p1 3154 1
659 447976 m2 65564 0.03 0.5 p1 3159 1
148 449482 m2 14497 0.03 0.5 p1 3169 1
301 450746 m2 31062 0.03 0.5 p1 3177 1
702 451851 m2 69986 0.03 0.5 p1 3184 1
670 453042 m2 66741 0.03 0.5 p1 3192 1
825 456598 m2 83832 0.03 0.5 p1 3216 1
185 457346 m2 18315 0.03 0.5 p1 3221 1
701 459585 m2 69925 0.03 0.5 p1 3235 1
663 460454 m2 66086 0.03 0.5 p1 3241 1
855 460619 m2 87488 0.03 0.5 p1 3242 1
891 460781 m2 90539 0.03 0.5 p1 3243 1
903 462281 m1 92539 0 0.5 p1 3253 1
48 463333 m1 5400 0 0.5 p1 3260 1
130 463656 m2 13103 0.03 0.5 p1 3262 1
966 465717 m2 99808 0.03 0.5 p1 3276 1
763 465908 m2 76756 0.03 0.5 p1 3277 1
580 466340 m2 59194 0.03 0.5 p1 3280 1
421 468882 m1 42460 0 0.5 p1 3297 1
431 469313 m2 43415 0.03 0.5 p1 3300 1
595 470178 m2 60495 0.03 0.5 p1 3306 1
27 471110 m2 3252 0.03 0.5 p1 3312 1
372 471603 m1 37909 0 0.5 p1 3315 1
586 473417 m2 59570 0.03 0.5 p1 3327 1
198 473418 m2 20509 0.03 0.5 p1 3327 1
559 473853 m2 57028 0.03 0.5 p1 3330 1
874 475406 m2 89228 0.03 0.5 p1 3340 1
215 475563 m2 21932 0.03 0.5 p1 3341 1
615 476021 m2 61655 0.03 0.5 p1 3344 1
26 476503 m2 3147 0.03 0.5 p1 3347 1
225 476777 m2 23831 0.03 0.5 p1 3349 1
600 477673 m2 60814 0.03 0.5 p1 3355 1
496 477838 m1 50327 0 0.5 p1 3356 1
732 478135 m2 73015 0.03 0.5 p1 3358 1
897 479441 m2 91140 0.03 0.5 p1 3367 1
332 481247 m2 34611 0.03 0.5 p1 3379 1
217 482816 m2 22041 0.03 0.5 p1 3389 1
693 482979 m2 69175 0.03 0.5 p1 3390 1
534 486207 m2 54310 0.03 0.5 p1 3411 1
438 486644 m2 44436 0.03 0.5 p1 3414 1
436 487892 m2 44201 0.03 0.5 p1 3422 1
137 487893 m2 13633 0.03 0.5 p1 3422 1
360 488028 m1 36978 0 0.5 p1 3423 1
779 490015 m2 78246 0.03 0.5 p1 3436 1
287 490165 m2 29947 0.03 0.5 p1 3437 1
642 490502 m2 63686 0.03 0.5 p1 3439 1
759 490983 m2 76446 0.03 0.5 p1 3442 1
182 491601 m2 18101 0.03 0.5 p1 3446 1
296 491602 m2 30788 0.03 0.5 p1 3446 1
627 493299 m2 62460 0.03 0.5 p1 3457 1
968 493300 m2 99927 0.03 0.5 p1 3457 1
796 494488 m1 80814 0 0.5 p1 3465 1
836 495444 m1 85096 0 0.5 p1 3471 1
838 496748 m2 85210 0.03 0.5 p1 3480 1
363 496924 m2 37133 0.03 0.5 p1 3481 1
571 497677 m2 58236 0.03 0.5 p1 3486 1
635 498105 m2 63305 0.03 0.5 p1 3489 1
942 498287 m2 96365 0.03 0.5 p1 3490 1
594 500125 m2 60469 0.03 0.5 p1 3502 1
660 500295 m1 65642 0 0.5 p1 3503 1
334 500413 m2 34727 0.03 0.5 p1 3504 1
554 500714 m2 56559 0.03 0.5 p1 3506 1
425 503525 m2 43074 0.03 0.5 p1 3525 1
320 504772 m2 33521 0.03 0.5 p1 3533 1
715 505350 m2 71581 0.03 0.5 p1 3537 1
488 506140 m2 49610 0.03 0.5 p1 3542 1
273 507240 m1 28609 0 0.5 p1 3549 1
792 508144 m2 79561 0.03 0.5 p1 3555 1
341 508628 m2 35350 0.03 0.5 p1 3558 1
646 509543 m2 64438 0.03 0.5 p1 3564 1
20 509930 m2 2011 0.03 0.5 p1 3567 1
390 510683 m2 39274 0.03 0.5 p1 3572 1
259 511002 m2 27035 0.03 0.5 p1 3574 1
671 512323 m1 66749 0 0.5 p1 3583 1
139 512477 m2 13751 0.03 0.5 p1 3584 1
279 513486 m1 28999 0 0.5 p1 3591 1
727 513500 m2 72433 0.03 0.5 p1 3591 1
254 514410 m2 26698 0.03 0.5 p1 3597 1
970 514439 m2 99986 0.03 0.5 p1 3597 1
657 515529 m1 65454 0 0.5 p1 3604 1
511 516360 m2 51772 0.03 0.5 p1 3610 1
722 518045 m2 72251 0.03 0.5 p1 3621 1
243 518648 m2 25538 0.03 0.5 p1 3625 1
356 520134 m2 36817 0.03 0.5 p1 3635 1
480 520689 m2 48845 0.03 0.5 p1 3639 1
889 521299 m2 90241 0.03 0.5 p1 3643 1
38 521300 m2 4367 0.03 0.5 p1 3643 1
404 521572 m1 40744 0 0.5 p1 3645 1
631 522352 m2 62813 0.03 0.5 p1 3650 1
852 523378 m1 87083 0 0.5 p1 3657 1
88 523379 m2 9564 0.03 0.5 p1 3657 1
923 523522 m2 94215 0.03 0.5 p1 3658 1
407 524539 m1 40978 0 0.5 p1 3665 1
951 525250 m2 97711 0.03 0.5 p1 3670 1
70 525830 m2 8066 0.03 0.5 p1 3674 1
55 527420 m2 6484 0.03 0.5 p1 3685 1
85 527534 m1 9472 0 0.5 p1 3686 1
410 528332 m2 41296 0.03 0.5 p1 3691 1
749 530257 m2 74990 0.03 0.5 p1 3704 1
770 530404 m2 77528 0.03 0.5 p1 3705 1
845 530845 m2 86561 0.03 0.5 p1 3708 1
484 531763 m2 49144 0.03 0.5 p1 3714 1
783 533744 m2 78698 0.03 0.5 p1 3727 1
934 534232 m2 95343 0.03 0.5 p1 3730 1
330 534647 m2 34593 0.03 0.5 p1 3733 1
828 535997 m1 84040 0 0.5 p1 3742 1
850 539043 m2 86989 0.03 0.5 p1 3762 1
683 539316 m2 67675 0.03 0.5 p1 3764 1
387 540199 m1 39176 0 0.5 p1 3770 1
510 540400 m1 51660 0 0.5 p1 3771 1
304 542090 m1 31508 0 0.5 p1 3782 1
403 542402 m2 40741 0.03 0.5 p1 3784 1
339 543220 m2 35116 0.03 0.5 p1 3790 1
478 545992 m1 48627 0 0.5 p1 3808 1
888 548124 m2 90111 0.03 0.5 p1 3822 1
414 548376 m2 41652 0.03 0.5 p1 3824 1
707 548858 m2 71059 0.03 0.5 p1 3827 1
170 549723 m2 16931 0.03 0.5 p1 3833 1
868 549871 m2 88907 0.03 0.5 p1 3834 1
911 550023 m2 93166 0.03 0.5 p1 3835 1
633 550620 m2 63013 0.03 0.5 p1 3839 1
213 551121 m2 21835 0.03 0.5 p1 3842 1
708 551707 m2 71110 0.03 0.5 p1 3846 1
462 551898 m2 47286 0.03 0.5 p1 3847 1
322 553474 m2 33620 0.03 0.5 p1 3858 1
644 554611 m2 64352 0.03 0.5 p1 3865 1
813 554752 m2 82919 0.03 0.5 p1 3866 1
78 555193 m2 8462 0.03 0.5 p1 3869 1
824 556084 m2 83735 0.03 0.5 p1 3875 1
340 556371 m2 35178 0.03 0.5 p1 3877 1
36 556560 m2 4136 0.03 0.5 p1 3878 1
91 557460 m2 9665 0.03 0.5 p1 3884 1
382 557500 m2 38841 0.03 0.5 p1 3884 1
491 557614 m2 49879 0.03 0.5 p1 3885 1
669 558243 m1 66450 0 0.5 p1 3889 1
266 558552 m2 28010 0.03 0.5 p1 3891 1
208 559413 m1 21345 0 0.5 p1 3897 1
329 560798 m2 34495 0.03 0.5 p1 3906 1
961 561801 m1 98842 0 0.5 p1 3913 1
337 562249 m1 34938 0 0.5 p1 3916 1
126 562581 m2 12770 0.03 0.5 p1 3918 1
418 563176 m2 42207 0.03 0.5 p1 3922 1
231 563499 m1 24565 0 0.5 p1 3924 1
455 563938 m2 46168 0.03 0.5 p1 3927 1
376 564227 m1 38399 0 0.5 p1 3929 1
485 564844 m2 49318 0.03 0.5 p1 3933 1
710 565152 m2 71216 0.03 0.5 p1 3935 1
219 567592 m2 22737 0.03 0.5 p1 3951 1
847 567736 m2 86622 0.03 0.5 p1 3952 1
459 570998 m1 46749 0 0.5 p1 3974 1
599 571668 m2 60693 0.03 0.5 p1 3978 1
685 573307 m1 67680 0 0.5 p1 3989 1
797 573466 m2 80824 0.03 0.5 p1 3990 1
506 574518 m2 51105 0.03 0.5 p1 3997 1
220 574647 m2 22961 0.03 0.5 p1 3998 1
658 575377 m1 65495 0 0.5 p1 4003 1
474 575378 m2 48543 0.03 0.5 p1 4003 1
375 576167 m2 38283 0.03 0.5 p1 4008 1
804 577119 m2 81199 0.03 0.5 p1 4014 1
447 577886 m1 45129 0 0.5 p1 4019 1
517 578433 m2 52302 0.03 0.5 p1 4023 1
450 579588 m2 45625 0.03 0.5 p1 4031 1
42 580644 m2 5088 0.03 0.5 p1 4038 1
186 581099 m2 18400 0.03 0.5 p1 4041 1
428 581256 m1 43235 0 0.5 p1 4042 1
525 581389 m1 53159 0 0.5 p1 4043 1
469 581565 m2 48160 0.03 0.5 p1 4044 1
364 581870 m2 37294 0.03 0.5 p1 4046 1
165 583287 m2 16231 0.03 0.5 p1 4055 1
57 583919 m2 6626 0.03 0.5 p1 4059 1
309 584559 m2 32001 0.03 0.5 p1 4063 1
460 584768 m1 47091 0 0.5 p1 4064 1
605 586261 m2 61190 0.03 0.5 p1 4074 1
204 586537 m2 21148 0.03 0.5 p1 4076 1
912 588122 m2 93220 0.03 0.5 p1 4086 1
967 588417 m2 99841 0.03 0.5 p1 4088 1
674 589525 m2 67195 0.03 0.5 p1 4095 1
271 589729 m1 28309 0 0.5 p1 4096 1
465 590176 m2 47581 0.03 0.5 p1 4099 1
604 590458 m2 61015 0.03 0.5 p1 4101 1
587 590608 m1 59702 0 0.5 p1 4102 1
18 590926 m2 1977 0.03 0.5 p1 4104 1
613 592509 m2 61556 0.03 0.5 p1 4115 1
728 592987 m2 72550 0.03 0.5 p1 4118 1
651 596441 m2 64943 0.03 0.5 p1 4142 1
884 596878 m2 89729 0.03 0.5 p1 4145 1
297 600133 m2 30851 0.03 0.5 p1 4167 1
640 600267 m2 63496 0.03 0.5 p1 4168 1
258 601139 m1 26914 0 0.5 p1 4174 1
944 601594 m2 96723 0.03 0.5 p1 4177 1
739 602904 m2 73698 0.03 0.5 p1 4186 1
603 603331 m2 61005 0.03 0.5 p1 4189 1
947 604323 m2 97024 0.03 0.5 p1 4196 1
158 604326 m2 15570 0.03 0.5 p1 4196 1
308 604485 m1 31671 0 0.5 p1 4197 1
249 604758 m2 25835 0.03 0.5 p1 4199 1
229 605220 m2 24456 0.03 0.5 p1 4202 1
313 605977 m2 32916 0.03 0.5 p1 4207 1
89 606990 m2 9638 0.03 0.5 p1 4214 1
112 607299 m2 11790 0.03 0.5 p1 4216 1
716 607605 m2 71798 0.03 0.5 p1 4218 1
164 608076 m2 16180 0.03 0.5 p1 4221 1
136 608191 m2 13555 0.03 0.5 p1 4222 1
108 608308 m2 11324 0.03 0.5 p1 4223 1
257 608755 m1 26912 0 0.5 p1 4226 1
946 610130 m2 96829 0.03 0.5 p1 4235 1
744 610276 m2 74359 0.03 0.5 p1 4236 1
345 610406 m2 35612 0.03 0.5 p1 4237 1
16 611320 m2 1571 0.03 0.5 p1 4243 1
632 612540 m2 62854 0.03 0.5 p1 4251 1
583 612731 m2 59384 0.03 0.5 p1 4252 1
195 613437 m2 19906 0.03 0.5 p1 4257 1
312 614084 m2 32497 0.03 0.5 p1 4261 1
936 614577 m2 95483 0.03 0.5 p1 4264 1
821 615613 m1 83336 0 0.5 p1 4271 1
741 616530 m1 74141 0 0.5 p1 4277 1
366 616531 m2 37559 0.03 0.5 p1 4277 1
352 616824 m1 36452 0 0.5 p1 4279 1
442 617621 m2 44705 0.03 0.5 p1 4284 1
765 618043 m1 76873 0 0.5 p1 4287 1
929 618530 m2 94993 0.03 0.5 p1 4290 1
871 619933 m2 89018 0.03 0.5 p1 4299 1
51 620714 m2 6193 0.03 0.5 p1 4304 1
199 621704 m2 20615 0.03 0.5 p1 4311 1
581 623143 m2 59255 0.03 0.5 p1 4321 1
672 624445 m2 67068 0.03 0.5 p1 4330 1
596 626598 m2 60622 0.03 0.5 p1 4344 1
481 626713 m2 48859 0.03 0.5 p1 4345 1
883 626895 m2 89690 0.03 0.5 p1 4346 1
776 628295 m2 77933 0.03 0.5 p1 4355 1
255 628627 m2 26827 0.03 0.5 p1 4357 1
123 628761 m1 12554 0 0.5 p1 4358 1
789 630198 m1 79391 0 0.5 p1 4368 1
302 633077 m2 31176 0.03 0.5 p1 4387 1
873 633231 m2 89173 0.03 0.5 p1 4388 1
548 634978 m2 55777 0.03 0.5 p1 4399 1
568 635287 m2 58074 0.03 0.5 p1 4401 1
152 635792 m2 15227 0.03 0.5 p1 4404 1
224 636040 m2 23668 0.03 0.5 p1 4406 1
562 636233 m2 57336 0.03 0.5 p1 4407 1
582 640153 m2 59347 0.03 0.5 p1 4433 1
894 641831 m2 90828 0.03 0.5 p1 4444 1
692 642251 m2 68512 0.03 0.5 p1 4447 1
389 642410 m1 39256 0 0.5 p1 4448 1
127 642608 m2 12921 0.03 0.5 p1 4449 1
4 643670 m2 604 0.03 0.5 p1 4456 1
593 645159 m1 60181 0 0.5 p1 4466 1
200 645655 m2 20626 0.03 0.5 p1 4469 1
545 647150 m1 55572 0 0.5 p1 4479 1
377 647525 m2 38537 0.03 0.5 p1 4481 1
592 647675 m2 59965 0.03 0.5 p1 4482 1
655 648201 m2 65306 0.03 0.5 p1 4486 1
645 648976 m1 64420 0 0.5 p1 4491 1
10 649465 m2 858 0.03 0.5 p1 4494 1
172 650406 m1 16957 0 0.5 p1 4500 1
922 651716 m2 94200 0.03 0.5 p1 4509 1
311 652517 m2 32344 0.03 0.5 p1 4514 1
628 653083 m2 62548 0.03 0.5 p1 4518 1
275 653227 m2 28692 0.03 0.5 p1 4519 1
146 653876 m2 14456 0.03 0.5 p1 4523 1
453 655086 m2 45888 0.03 0.5 p1 4531 1
928 655893 m1 94929 0 0.5 p1 4536 1
169 658710 m2 16683 0.03 0.5 p1 4555 1
564 659741 m2 57557 0.03 0.5 p1 4562 1
636 660216 m2 63316 0.03 0.5 p1 4565 1
863 660796 m2 88457 0.03 0.5 p1 4569 1
323 662123 m2 33747 0.03 0.5 p1 4578 1
193 662553 m1 19624 0 0.5 p1 4581 1
468 662828 m2 47858 0.03 0.5 p1 4583 1
162 663253 m2 15932 0.03 0.5 p1 4586 1
262 665060 m2 27574 0.03 0.5 p1 4598 1
37 665493 m2 4237 0.03 0.5 p1 4601 1
181 667682 m2 17802 0.03 0.5 p1 4615 1
907 669050 m2 92813 0.03 0.5 p1 4624 1
159 669922 m2 15680 0.03 0.5 p1 4630 1
962 670124 m2 98947 0.03 0.5 p1 4631 1
7 672480 m1 627 0 0.5 p1 4647 1
626 673626 m2 62309 0.03 0.5 p1 4654 1
943 674073 m2 96492 0.03 0.5 p1 4657 1
268 674074 m2 28276 0.03 0.5 p1 4657 1
151 675570 m2 15116 0.03 0.5 p1 4667 1
472 675960 m2 48324 0.03 0.5 p1 4670 1
81 676869 m1 8667 0 0.5 p1 4676 1
272 677931 m2 28534 0.03 0.5 p1 4683 1
463 678411 m2 47496 0.03 0.5 p1 4686 1
694 678727 m2 69224 0.03 0.5 p1 4688 1
344 678895 m2 35433 0.03 0.5 p1 4689 1
557 678896 m1 56984 0 0.5 p1 4689 1
675 678897 m2 67213 0.03 0.5 p1 4689 1
25 679933 m1 3097 0 0.5 p1 4696 1
617 679934 m2 61678 0.03 0.5 p1 4696 1
161 680375 m2 15896 0.03 0.5 p1 4699 1
811 681182 m1 82205 0 0.5 p1 4704 1
361 681333 m2 37060 0.03 0.5 p1 4705 1
793 681464 m2 79850 0.03 0.5 p1 4706 1
914 682839 m2 93370 0.03 0.5 p1 4715 1
270 684932 m2 28307 0.03 0.5 p1 4729 1
286 685213 m2 29801 0.03 0.5 p1 4731 1
620 685382 m2 61823 0.03 0.5 p1 4732 1
730 685383 m2 72726 0.03 0.5 p1 4732 1
945 686557 m2 96779 0.03 0.5 p1 4740 1
879 687153 m2 89443 0.03 0.5 p1 4744 1
507 687885 m2 51216 0.03 0.5 p1 4749 1
585 688366 m2 59529 0.03 0.5 p1 4752 1
668 689968 m2 66367 0.03 0.5 p1 4763 1
75 689969 m2 8376 0.03 0.5 p1 4763 1
960 690287 m2 98725 0.03 0.5 p1 4765 1
591 690930 m2 59808 0.03 0.5 p1 4769 1
429 691075 m2 43343 0.03 0.5 p1 4770 1
331 691667 m2 34601 0.03 0.5 p1 4774 1
448 692170 m1 45399 0 0.5 p1 4777 1
207 694032 m2 21270 0.03 0.5 p1 4789 1
673 695312 m2 67173 0.03 0.5 p1 4798 1
69 697588 m2 7834 0.03 0.5 p1 4813 1
248 698262 m1 25777 0 0.5 p1 4818 1
66 698424 m2 7656 0.03 0.5 p1 4819 1
915 698565 m2 93457 0.03 0.5 p1 4820 1
168 699017 m1 16646 0 0.5 p1 4823 1
504 699164 m2 50648 0.03 0.5 p1 4824 1
656 702348 m2 65368 0.03 0.5 p1 4845 1
475 703379 m2 48570 0.03 0.5 p1 4852 1
135 703949 m2 13530 0.03 0.5 p1 4856 1
697 705650 m2 69666 0.03 0.5 p1 4867 1
289 706170 m2 30052 0.03 0.5 p1 4871 1
842 706500 m2 85999 0.03 0.5 p1 4873 1
47 707092 m2 5336 0.03 0.5 p1 4877 1
419 708251 m2 42279 0.03 0.5 p1 4885 1
292 710208 m2 30271 0.03 0.5 p1 4898 1
490 711154 m2 49876 0.03 0.5 p1 4904 1
721 711763 m2 72141 0.03 0.5 p1 4908 1
473 712379 m2 48348 0.03 0.5 p1 4912 1
538 713572 m1 54377 0 0.5 p1 4920 1
747 714698 m2 74663 0.03 0.5 p1 4927 1
762 715141 m1 76753 0 0.5 p1 4930 1
114 715767 m1 11906 0 0.5 p1 4934 1
597 716077 m1 60673 0 0.5 p1 4936 1
925 716348 m2 94351 0.03 0.5 p1 4938 1
93 717221 m2 9702 0.03 0.5 p1 4944 1
609 717549 m2 61379 0.03 0.5 p1 4946 1
851 718876 m2 87010 0.03 0.5 p1 4955 1
420 720997 m2 42321 0.03 0.5 p1 4969 1
327 721148 m1 34195 0 0.5 p1 4970 1
493 721589 m1 50035 0 0.5 p1 4973 1
236 723822 m2 25205 0.03 0.5 p1 4988 1
Genomes:
p1:0 A 0 1 2 3 4 5 6 7 8 9 10 11 12 13 14 15 16 17 18 19 20 21 22 23 24 25 26 27 28 29 30 31 32 33 34 35 36 37 38 39 40 41 42 43 44 45 46 47 48 49 50 51 52 53 54 55 56 57 58 59 60 61 62 63 64 65 66 67 68 69 70 71 72 73 74 75 76 77 78 79 80 81 82 83 84 85 86 87 88 89 90 91 92 93 94 95 96 97 98 99 100 101 102 103 104 105 106 107 108 109 110 111 112 113 114 115 116 117 118 119 120 121 122 123 124 125 126 127 128 129 130 131 132 133 134 135 136 137 138 139 140 141 142 143 144 145 146 147 148 149 150 151 152 153 154 155 156 157 158 159 160 161 162 163 164 165 166 167 168 169 170 171 172 173 174 175 176 177 178 179 180 181 182 183 184 185 186 187 188 189 190 191 192 193 194 195 196 197 198 199 200 201 202 203 204 205 206 207 208 209 210 211 212 213 214 215 216 217 218 219 220 221 222 223 224 225 226 227 228 229 230 231 232 233 234 235 236 237 238 239 240 241 242 243 244 245 246 247 248 249 250 251 252 253 254 255 256 257 258 259 260 261 262 263 264 265 266 267 268 269 270 271 272 273 274 275 276 277 278 279 280 281 282 283 284 285 286 287 288 289 290 291 292 293 294 295 296 297 298 299 300 301 302 303 304 305 306 307 308 309 310 311 312 313 314 315 316 317 318 319 320 321 322 323 324 325 326 327 328 329 330 331 332 333 334 335 336 337 338 339 340 341 342 343 344 345 346 347 348 349 350 351 352 353 354 355 356 357 358 359 360 361 362 363 364 365 366 367 368 369 370 371 372 373 374 375 376 377 378 379 380 381 382 383 384 385 386 387 388 389 390 391 392 393 394 395 396 397 398 399 400 401 402 403 404 405 406 407 408 409 410 411 412 413 414 415 416 417 418 419 420 421 422 423 424 425 426 427 428 429 430 431 432 433 434 435 436 437 438 439 440 441 442 443 444 445 446 447 448 449 450 451 452 453 454 455 456 457 458 459 460 461 462 463 464 465 466 467 468 469 470 471 472 473 474 475 476 477 478 479 480 481 482 483 484 485 486 487 488 489 490 491 492 493 494 495 496 497 498 499 500 501 502 503 504 505 506 507 508 509 510 511 512 513 514 515 516 517 518 519 520 521 522 523 524 525 526 527 528 529 530 531 532 533 534 535 536 537 538 539 540 541 542 543 544 545 546 547 548 549 550 551 552 553 554 555 556 557 558 559 560 561 562 563 564 565 566 567 568 569 570 571 572 573 574 575 576 577 578 579 580 581 582 583 584 585 586 587 588 589 590 591 592 593 594 595 596 597 598 599 600 601 602 603 604 605 606 607 608 609 610 611 612 613 614 615 616 617 618 619 620 621 622 623 624 625 626 627 628 629 630 631 632 633 634 635 636 637 638 639 640 641 642 643 644 645 646 647 648 649 650 651 652 653 654 655 656 657 658 659 660 661 662 663 664 665 666 667 668 669 670 671 672 673 674 675 676 677 678 679 680 681 682 683 684 685 686 687 688 689 690 691 692 693 694 695 696 697 698 699 700 701 702 703 704 705 706 707 708 709 710 711 712 713 714 715 716 717 718 719 720 721 722 723 724 725 726 727 728 729 730 731 732 733 734 735 736 737 738 739 740 741 742 743 744 745 746 747 748 749 750 751 752 753 754 755 756 757 758 759 760 761 762 763 764 765 766 767 768 769 770 771 772 773 774 775 776 777 778 779 780 781 782 783 784 785 786 787 788 789 790 791 792 793 794 795 796 797 798 799 800 801 802 803 804 805 806 807 808 809 810 811 812 813 814 815 816 817 818 819 820 821 822 823 824 825 826 827 828 829 830 831 832 833 834 835 836 837 838 839 840 841 842 843 844 845 846 847 848 849 850 851 852 853 854 855 856 857 858 859 860 861 862 863 864 865 866 867 868 869 870 871 872 873 874 875 876 877 878 879 880 881 882 883 884 885 886 887 888 889 890 891 892 893 894 895 896 897 898 899 900 901 902 903 904 905 906 907 908 909 910 911 912 913 914 915 916 917 918 919 920 921 922 923 924 925 926 927 928 929 930 931 932 933 934 935 936 937 938 939 940 941 942 943 944 945 946 947 948 949 950 951 952 953 954 955 956 957 958 959 960 961 962 963 964 965 966 967 968 969 970 971
