MS format data for HALO universe script. Recorded at 00:04:16
Start time: 00:03:49

Prophets:
//
segsites: 176
positions: 0.0007282353 0.0128247059 0.0207988235 0.0298317647 0.0363000000 0.0400741176 0.0412623529 0.0466094118 0.0475082353 0.0502576471 0.0510611765 0.0524447059 0.0533294118 0.0537258824 0.0619447059 0.0646811765 0.0676105882 0.0682094118 0.0683364706 0.0709129412 0.0709129412 0.0716352941 0.0717894118 0.0736388235 0.0756729412 0.0757717647 0.0769082353 0.0775682353 0.0788811765 0.0833352941 0.0853458824 0.0879070588 0.0990658824 0.1007047059 0.1023376471 0.1044341176 0.1079741176 0.1082905882 0.1126741176 0.1148152941 0.1155517647 0.1157505882 0.1163082353 0.1178270588 0.1180141176 0.1195400000 0.1196517647 0.1204200000 0.1229235294 0.1299047059 0.1317294118 0.1357776471 0.1384823529 0.1462023529 0.1592929412 0.1600482353 0.1647870588 0.1699741176 0.1823658824 0.1856458824 0.1869388235 0.1884941176 0.1919282353 0.2072741176 0.2230047059 0.2265858824 0.2369329412 0.2405376471 0.2431376471 0.2461435294 0.2470682353 0.2481564706 0.2536752941 0.2621905882 0.2733882353 0.2744211765 0.2857517647 0.2857682353 0.2865917647 0.2871835294 0.2905835294 0.2948305882 0.3148105882 0.3173011765 0.3323305882 0.3341188235 0.3344211765 0.3348588235 0.3503505882 0.3515094118 0.3921882353 0.3960282353 0.4093505882 0.4193023529 0.4246188235 0.4349200000 0.4368035294 0.4506976471 0.4522117647 0.4638823529 0.4757023529 0.4917305882 0.4932058824 0.4948011765 0.5026929412 0.5033729412 0.5036658824 0.5052023529 0.5089082353 0.5129082353 0.5131352941 0.5156364706 0.5259505882 0.5397717647 0.5667505882 0.5685458824 0.5730023529 0.5768623529 0.6072623529 0.6292152941 0.6331964706 0.6435752941 0.6435917647 0.6446847059 0.6470964706 0.6536952941 0.6572435294 0.6637564706 0.6671423529 0.6882776471 0.7057200000 0.7140282353 0.7158094118 0.7186623529 0.7281576471 0.7331611765 0.7435482353 0.7529600000 0.7577270588 0.7586105882 0.7702423529 0.7730470588 0.7753023529 0.7754588235 0.7914294118 0.7998129412 0.8052682353 0.8101600000 0.8117905882 0.8177200000 0.8186282353 0.8223258824 0.8240105882 0.8310741176 0.8344105882 0.8402223529 0.8475200000 0.8566976471 0.8718223529 0.8847470588 0.8913823529 0.9101564706 0.9101623529 0.9168823529 0.9458000000 0.9464929412 0.9528482353 0.9556823529 0.9588388235 0.9589647059 0.9637376471 0.9805588235 0.9821858824 0.9928376471 0.9968776471 0.9992458824
00010000100000001110100101100100010000011001100001000101101110000011001001101001111000010000011010001100100000100010101011010001001110110100101001001110001000001101001100011011
11100010010100110000010010001001100110100100001001010001101000000010101001101001000000011000011010001100100000101010101011010000001110101100101001001110001000001101010001011011
11000010010100110000010010001001100110100100001001010001101000000010001001101001000001011000011010001100100000100010101011010000001110101100101001001110001000001101010001011111
11000010010100110000010010001011100111100110001001010001101000110010001011101001000000010000111010001100100000100010101011010001001110110100101001001110001000001101000100011011
01000011010001010000001010001001100110000100000001000101101000000010001001101001000000110000011010001110100000100010101011010000001110100101111001001110001010011101000100011011
00000000000010001010000101110100001000011001110110000001101001000010001101101011000000011000011110001100100100100010101011010000001110101100101001001110101000001101010011011011
00010000101000001110100101100100010000011001100001001101101110000011001001101101111000010000011010001100110000100010101011010001001110110100101001001110001000001101000100011011
00000000100000001110000101100100010000011001100001000101101110000011001001101001011000010000011010001100100000100010101011010001001110110100101001001110001000001101000100111011
11000010010100110000010010001011100111100110001001010001101000110010001011101001000000010001111010001100100010100111101011010000001110100100101001001110001100001101010001011011
00010000100000001110100101100100010000011001100001000101101110000011001001101001111000010000011010001100100000100010101011010001001110110100101001001110001000001111001100011011
00010000100000001110100101100100010000011001100001000101101110000011001001101001111000010000011010001101100000100010101111010001001110110100101001001110001000001101000100011011
01000010010001010001000010001001100110000100001001010001101000000010011001101001000100010000011010001100100000110010101011010000001110100110111001001110001000111101000000011011
01000010010001010001000010001001100110000100001001010001101000000010011001111001000000010010011010001100100000110010101011010000001110100100111001011110001000001101100000011011
00000100000010001010000101110100001000011001110100100000111000000010001001101001000010010000011011011100100000100010101011111010101110100100101111101111011000001101100000011011
11001010010100110000010010001001100110100100001001010011101000000110001001101001000000010000011010001100100000100010101011010000011110101100101001001110001000001101010001011011
01000010010001010001000010001001100110000100001001010001101000000010011001111001000000010010011010001100100001110010101011010000001110100100111001011110001000011101000000011011
11000010010100110000010010001001100110000100000001010001101000001010001001101001000000010000011010101100101000100010101011010100001110100100111001001110001001001101000100011011
11000010010100110000010010001001100110100100001001010001101000000010001001101001000000011100011010001100100000100010101011010000001111101100101001001110001000001101000100111011
11000010010100110000010010001011100111100110001001010001101000110010001011101001000000010001111010001100100010100111101011010000001110100100101001001110001100001101010001011011
01000010010001010000001010001001100110000100000001000101101000000010001001101001000000110000011010001110100000100010111011010000001110100101111001001110001010011101000100011011

Elites:
//
segsites: 232
positions: 0.0026458824 0.0103964706 0.0160623529 0.0181447059 0.0197835294 0.0222305882 0.0313929412 0.0360176471 0.0366917647 0.0414258824 0.0446847059 0.0456223529 0.0459070588 0.0460623529 0.0463588235 0.0508741176 0.0541941176 0.0566517647 0.0576764706 0.0588764706 0.0598517647 0.0616600000 0.0619200000 0.0625835294 0.0672847059 0.0679058824 0.0705247059 0.0769270588 0.0790658824 0.0815188235 0.0828694118 0.0840858824 0.0851082353 0.0875376471 0.0879964706 0.0964682353 0.1004941176 0.1006517647 0.1014423529 0.1045188235 0.1047282353 0.1065941176 0.1098352941 0.1102729412 0.1128517647 0.1151752941 0.1215094118 0.1237341176 0.1249988235 0.1261752941 0.1417305882 0.1423058824 0.1435341176 0.1451047059 0.1461258824 0.1495376471 0.1534400000 0.1568011765 0.1613141176 0.1669211765 0.1669470588 0.1790352941 0.1966200000 0.2188247059 0.2197011765 0.2205552941 0.2210117647 0.2235070588 0.2247129412 0.2257011765 0.2341423529 0.2549658824 0.2573682353 0.2589482353 0.2670705882 0.2715670588 0.2726447059 0.2878905882 0.2920670588 0.2967623529 0.3009188235 0.3023505882 0.3078670588 0.3167317647 0.3176823529 0.3218364706 0.3295788235 0.3299317647 0.3327200000 0.3405070588 0.3456352941 0.3505117647 0.3558835294 0.3722094118 0.3773729412 0.3788447059 0.3927352941 0.3931247059 0.3948035294 0.3970035294 0.3990882353 0.4126964706 0.4183129412 0.4219047059 0.4247141176 0.4377623529 0.4432905882 0.4452776471 0.4599035294 0.4622564706 0.4702917647 0.4711058824 0.4726776471 0.4743694118 0.4759235294 0.4770352941 0.4780529412 0.4790976471 0.4845305882 0.4847388235 0.4892717647 0.5048329412 0.5054294118 0.5067388235 0.5114235294 0.5200917647 0.5242517647 0.5270105882 0.5286070588 0.5312694118 0.5495952941 0.5500094118 0.5501082353 0.5550129412 0.5572305882 0.5636776471 0.5673094118 0.5702435294 0.5770258824 0.5785152941 0.5816176471 0.5840952941 0.6004858824 0.6062011765 0.6078341176 0.6092258824 0.6116588235 0.6135200000 0.6148047059 0.6150952941 0.6164505882 0.6193647059 0.6235588235 0.6292023529 0.6308411765 0.6341023529 0.6385811765 0.6455482353 0.6558364706 0.6598023529 0.6662282353 0.6689917647 0.6762117647 0.6785564706 0.6854823529 0.6891858824 0.6912352941 0.6999282353 0.7009917647 0.7037423529 0.7097717647 0.7131764706 0.7134623529 0.7149458824 0.7179776471 0.7184011765 0.7574470588 0.7646423529 0.7660352941 0.7674341176 0.7757882353 0.7806541176 0.7813411765 0.7870152941 0.7923694118 0.7966917647 0.7994635294 0.8004364706 0.8010670588 0.8030658824 0.8053035294 0.8068929412 0.8127505882 0.8149882353 0.8211870588 0.8280964706 0.8293988235 0.8333470588 0.8346152941 0.8361047059 0.8410941176 0.8421929412 0.8470635294 0.8506482353 0.8526411765 0.8546964706 0.8631800000 0.8664952941 0.8781470588 0.8805000000 0.8822541176 0.8849729412 0.8928541176 0.8971517647 0.9034588235 0.9068376471 0.9085870588 0.9086835294 0.9117529412 0.9128211765 0.9132470588 0.9190341176 0.9222505882 0.9236035294 0.9315376471 0.9327847059 0.9364270588 0.9417541176 0.9428564706 0.9438164706 0.9576588235 0.9665517647
1000000000001001000001000100010101010101001000010000010000000101001110110000011010110101111011101011001101000100101110010100110001000101000010000000010010000000111110100001011001001111000101111010010110100000000100010110001000001100
0010100101010010110010111010101000001010000111101001000100000100000100100110000110011100100000100111001000101000010001100001001010010000000001011110001000110000000001001110000010110000001000000001000000001101000100010110100000001100
1000000000001001000001000100010101010101001000010000010000001100001110110000011010110101111011101011001001000100101110010100110001000101000010000000010011000000111110100001011001001111000101111010010110100000000100010110000000001100
0000100101010010110010111010101000001010000111101001000100000100000100100110000110011100100000100111101000101000010001100001001010010000000001011110001100110000000001001110000010110000001000000001000000001101000100010110000000001100
0000100101010000110110111010101000001000000111101001000101100100000100100100000110011100100000100111001000101000010001100001001010010000000001011100001000110000000001011110000010110000101000000001000000001101000100110110000000001101
0000101101010100110010111010101000001000000111101001000100010100010100100100000111011110100000100111001000101000010001100001001010010000000001011100001000110010000001001110100010110000001000000001000000001101000100010110000000001100
0000100101010000110110111010101000001000000111101001000101100100000100100101000110011100100000100111001000101000010001100001001010010000000001011100001000110000000001011110000010110000101000000001000000001101000100110110000000001100
0101110010100000011000110011101010101000110000001000001010000010000101101000100010010100100000100011011000101011010001100001001000101000010000111100101000100101000001001010000010110000011000000101101001000011100110010110000101000000
1000000000001001000001000100010101010101001000010000010000000100001110110000011010110101111011101011001001000100101110010100110001000101000010000000010010000000111110100001011001001111000101111010010110100000000100010110000000001100
0000100101010010110010111010101000001010000111101001000100000100000100100110000110011100100000100111001000101000010001100001001010010000000001011110001100110000000001001110000010110000001000000001000000001101000100010110000000001110
0000100101010000110110111010101000001000000111101001000101100100000100100100000110011100100000100111001000101000010001100001001010010000000001011100001000111000000001011110000010110000101000000001000000011101000100110110000000001100
1000000000001001000001000100010101010101001000010000010000000100000100100110000110011100100000100111001000101000010001100001001010010000000101011110001100110000000001001110000010110000001000000001000000001101000100010110000000001100
1000000000001001000001000100010101010101001000010110100000000100000110110000011010110101111111101011001001000100101110010100110101000101000010000000010010000000111110100001011001001111000101111010010110100000001001000001000010110001
1000000000001001000001000100010101010101001000010000010000000101001110110000011010110101111011101011001101000100101110010100110001000101000010000000010010000000111110100001011001001111000101111010010110100000000100010110001000001100
1000000000001001000001000100010101010101001000010000010000000100100100100100000110010100100000100111001000101000010001101001001010010010100001011100001000110000000001001110000110110000001010000001000000001101000100011110010000001100
0000100101010010110010111010101000001010000111101001000100000100000100100100000110010100100000110111001000101000010001101011001010010000101001011101001000110000000001001110000010110000001010000001000000001101000100010110010000001100
0000100101010000110110111010101000001000000111101001000101100100000100100100000110011100100000100111001000111000010001100001001010010000000001011100001000110000000001011110000010110000101000000001000000001101010100010110000000001100
0000100101010000110110111010101000001000000111101001000101100100000100100100000110011100100000100111001000101000010001100001001010010000000001011100001000110000000001011110000010110000101000000001000000001101000100110110000000001101
1000000000001001000001000100010101010101001000010000010000000101001110110000011010110101111011101011001111000100101110010100110001000101000010000000010010000000111110100001011001001111000101111010010110100000000100010110001000001100
0000100101010000110110111010101000001000000111101001000101100100000100100100000110011100100000100111001000101000010001100001001010010000000001011100001000110000000001011110000010110000101000000001000000001101000100110110000000001101

Brutes:
//
segsites: 229
positions: 0.0031235294 0.0197835294 0.0215623529 0.0222305882 0.0366917647 0.0413458824 0.0566517647 0.0619200000 0.0621623529 0.0625835294 0.0705247059 0.0790658824 0.0828694118 0.0879964706 0.0965400000 0.1004941176 0.1019317647 0.1249988235 0.1475529412 0.1533588235 0.1792141176 0.1844094118 0.1869835294 0.1909482353 0.2002729412 0.2166011765 0.2201505882 0.2228611765 0.2235070588 0.2247129412 0.2248552941 0.2285047059 0.2306623529 0.2341423529 0.2373988235 0.2419541176 0.2423682353 0.2436047059 0.2472929412 0.2480152941 0.2535752941 0.2549658824 0.2603635294 0.2760800000 0.2838305882 0.2920670588 0.3009188235 0.3011200000 0.3075035294 0.3078670588 0.3119058824 0.3167317647 0.3189741176 0.3218364706 0.3246635294 0.3257152941 0.3299317647 0.3327200000 0.3374094118 0.3393917647 0.3405070588 0.3413541176 0.3456352941 0.3558835294 0.3572211765 0.3648200000 0.3722094118 0.3733423529 0.3734505882 0.3773729412 0.3779517647 0.3789435294 0.3794976471 0.3914458824 0.3927352941 0.3948035294 0.3963611765 0.3965847059 0.3970035294 0.3986200000 0.4025282353 0.4183129412 0.4251847059 0.4259505882 0.4377623529 0.4406011765 0.4445141176 0.4554305882 0.4589858824 0.4619270588 0.4622564706 0.4636070588 0.4676517647 0.4726776471 0.4745717647 0.4759235294 0.4770352941 0.4780529412 0.4790976471 0.4826976471 0.4847388235 0.4905858824 0.5048329412 0.5074294118 0.5077294118 0.5200917647 0.5288470588 0.5312694118 0.5346435294 0.5361364706 0.5381164706 0.5391058824 0.5392011765 0.5433164706 0.5434164706 0.5499576471 0.5560635294 0.5600023529 0.5617941176 0.5636776471 0.5795235294 0.5917694118 0.6019811765 0.6021094118 0.6027788235 0.6075141176 0.6092258824 0.6107482353 0.6112764706 0.6119164706 0.6126541176 0.6142447059 0.6150952941 0.6157823529 0.6171458824 0.6215682353 0.6235588235 0.6246023529 0.6250400000 0.6267341176 0.6299952941 0.6320223529 0.6500352941 0.6597141176 0.6598470588 0.6662282353 0.6667317647 0.6689917647 0.6785564706 0.6804223529 0.6854823529 0.6896952941 0.6901023529 0.6912352941 0.6938282353 0.6939929412 0.6940223529 0.6940705882 0.6953235294 0.6957952941 0.6977188235 0.6995682353 0.7016047059 0.7039494118 0.7064717647 0.7067317647 0.7087388235 0.7099670588 0.7131764706 0.7134141176 0.7149458824 0.7182929412 0.7218211765 0.7248505882 0.7454835294 0.7548258824 0.7633070588 0.7646423529 0.7735047059 0.7757882353 0.7773058824 0.7792517647 0.7806541176 0.7810941176 0.7813411765 0.7826388235 0.7870152941 0.7898494118 0.8004364706 0.8005270588 0.8030658824 0.8068929412 0.8096235294 0.8121835294 0.8133894118 0.8166588235 0.8211870588 0.8222341176 0.8237611765 0.8264564706 0.8299717647 0.8326011765 0.8333470588 0.8361047059 0.8374317647 0.8406588235 0.8410941176 0.8440882353 0.8468682353 0.8470635294 0.8527247059 0.8541058824 0.8557235294 0.8565894118 0.8608411765 0.8612035294 0.8771129412 0.8816305882 0.8822541176 0.8854211765 0.8959682353 0.9128211765 0.9274682353 0.9306317647 0.9315376471 0.9364270588 0.9364811765 0.9572623529 0.9942235294
0111111111111101111101100010110001000011010001110101011011001011011011000011101001001000001001011101111001011000000001011001010000001000110000010101101011000000010000001010000011010110101010110000100000110010110000000011010011100
0111111101111101111100100101001100111100001010000010000000110000000100111000000110100111010010100010000010100101111110100010101111110111001101001010010100111111001011110100110100101000010101001011011111001001001111110100110011100
0111111101111101111100100010110001000011010001110101011011001011011011000011101001011000001001011101111001011000000001011001010000001000110000000101101011000000010000001010000011010110101010110000100000110010110000000011010011110
0111111101111101111100100101001100111100001010000010000000110000000100111000000110100111010010100010000110100101111110100010101111110111001001001010010100011111101011110100110100101000010101001011011111001001001111110100110011100
0111111101111101111100100101001000110100001110000010000100110000000100111000010010100111010010100010000010100101111110100010101111100111001001101010010100011111001011010100110100101000010101001011011111001101001111110100010111100
0111111101111101111100110101001100111100001010000010000000110000000100111000000110100111010010100010000010100101111110100110101111110111001001001010010100011111001011110101110100101000010101001011011111001001001111111100110011100
1111111101111101010100000010110001000011010001111101010011001011011011000011101001001000001001011101111001011010000001011000010000001000110000000101101011000000010100001010001001010111101010110100100000110010010000000011011011001
0111111101111111111100100101001000110100001110000010100000110100000100111100000010100111110010100010000010100101111110100010101111100111001011001010010100011111001011010100110100101000010101001011011111001001001111110100010011100
1111111101111101010100000010110001000011010001111101010011001011011011000011101001001000001001011101111001011010000001011000010000001000110000000101101011000000010100001010001001010111101010110100100000110010010000000011011011001
0111111101111101111100100101001100111100001010000010000000110000000100111000000110100111010010100010000010100101111110100010101111110111001101001010010100111111001011110100110100101000010101001011011111001001001111110100110011100
0111111101111101111100110101001100111100001010000010000000110000000100111000000110100111010010100010000010100101111110100110101111110111001001001010010100011111001011110101110100101000010101001011011111001001001111111100110011100
0111111101111101111100100101001100111100001010000010000000110000000100111000000110100111010010100010000010100101111110100010101111110111001001001010010100011111001011110100110100101000010101001011011111001001001111110100110011100
0111111101111101111100100101001100111100001010000010000000110000000100111000000110100111010010100010000010100101111110100010101111110111001001001010010100011111001011110100110100101000010101001011011111001001001111110100110011100
0111111101111101111110101101001100110100101010000010000000110000000100111000000110100111010010100010000010100101111110100010101111110111001001001010010100011111001011110100110100101000010101001011011111001001001111110100110011100
0111111101111101111110100101001110110100101010000010000000110000000100111000000110100111010010100010000010100101111110100010101111110111001001001010010100011111001011110100110100101000010101001011011111001001001111110100110011100
0111111101111101110100000010110001000011010001111101010011001011011011000011101001001000001001011101111001011010000001011000010000001000110000000101101011000000010100001010001001010111101010110100100000110010010000000011011011001
0111111101111101111100110101001100111100001010000010000000110000000100111000000110100111010010100010000010100101111110100010101111110111001001001010010100011111001011110101110100101000010101001011011111001001001111110100110011100
0111111101111101111100100101001100111100001010000010000000110000000100111000000110100111010110100010000010100101111110100010101111110111001101001010010100011111001011110100110100101000010101001011011111001001001111110100110011100
1111111101111101010100000010110001000011010001111101010011001011111011000011101001001000001001011101111001011010000001011000010000001000110000000101101011000000010100001010001001010111101010110100100000110010010000000011011011001
0111111101111101111100110101001100111100001010000010000000110000000100111000000110100111010010100010000010100101111110100010101111110111001001001010010100011111001011110101110100101000010101001011011111001001001111110100110011100

Jackals:
//
segsites: 283
positions: 0.0011517647 0.0129458824 0.0146011765 0.0147952941 0.0199411765 0.0214941176 0.0264411765 0.0264635294 0.0302670588 0.0309000000 0.0368894118 0.0415400000 0.0425141176 0.0429494118 0.0454235294 0.0455058824 0.0484305882 0.0606600000 0.0616517647 0.0649235294 0.0668176471 0.0683364706 0.0695058824 0.0761600000 0.0773905882 0.0852117647 0.1028847059 0.1077447059 0.1090588235 0.1117152941 0.1126494118 0.1251564706 0.1316894118 0.1319352941 0.1348635294 0.1368141176 0.1378564706 0.1456117647 0.1501682353 0.1651329412 0.1848717647 0.1877176471 0.1924811765 0.1958623529 0.2016070588 0.2028458824 0.2034611765 0.2074576471 0.2075917647 0.2091282353 0.2113011765 0.2183835294 0.2186717647 0.2192188235 0.2207011765 0.2235423529 0.2269058824 0.2293188235 0.2415658824 0.2522152941 0.2555341176 0.2566847059 0.2590941176 0.2592811765 0.2713788235 0.2822741176 0.2829694118 0.2869600000 0.2895305882 0.2970482353 0.2991400000 0.2994823529 0.3005058824 0.3013035294 0.3209058824 0.3246400000 0.3251517647 0.3294600000 0.3300764706 0.3305988235 0.3314811765 0.3346317647 0.3354811765 0.3391976471 0.3423694118 0.3464811765 0.3494529412 0.3505294118 0.3527164706 0.3535705882 0.3540023529 0.3547282353 0.3549894118 0.3554647059 0.3586094118 0.3666435294 0.3708764706 0.3710341176 0.3763341176 0.3770964706 0.3777552941 0.3832011765 0.3858176471 0.3918000000 0.3993776471 0.4022270588 0.4056776471 0.4068976471 0.4121694118 0.4138188235 0.4144870588 0.4155105882 0.4290882353 0.4294882353 0.4368800000 0.4379905882 0.4382647059 0.4431176471 0.4442070588 0.4454694118 0.4457588235 0.4561247059 0.4573364706 0.4628541176 0.4638035294 0.4658788235 0.4682941176 0.4708623529 0.4798482353 0.4848258824 0.4863341176 0.4908176471 0.4929482353 0.4932811765 0.5057270588 0.5061152941 0.5124458824 0.5126835294 0.5293658824 0.5312776471 0.5370294118 0.5402023529 0.5448576471 0.5610682353 0.5621529412 0.5657447059 0.5774329412 0.5812835294 0.5820611765 0.5854035294 0.5856117647 0.5885717647 0.5944505882 0.5989388235 0.6048129412 0.6055764706 0.6092494118 0.6095141176 0.6144329412 0.6156882353 0.6220047059 0.6265800000 0.6266611765 0.6267352941 0.6282352941 0.6336176471 0.6348423529 0.6356411765 0.6406694118 0.6422423529 0.6517894118 0.6629329412 0.6671105882 0.6705152941 0.6726694118 0.6781505882 0.6824670588 0.6828352941 0.6933658824 0.6934588235 0.6953988235 0.6972611765 0.7034611765 0.7077176471 0.7230129412 0.7322011765 0.7324611765 0.7415105882 0.7436952941 0.7461623529 0.7471282353 0.7484141176 0.7528517647 0.7561776471 0.7636505882 0.7646470588 0.7704694118 0.7721211765 0.7740341176 0.7752188235 0.7756917647 0.7787023529 0.7834705882 0.7845529412 0.7903447059 0.8016952941 0.8049305882 0.8125882353 0.8142388235 0.8191964706 0.8200729412 0.8206435294 0.8209435294 0.8268670588 0.8270411765 0.8284964706 0.8289952941 0.8379588235 0.8415482353 0.8417717647 0.8447058824 0.8505776471 0.8513647059 0.8533082353 0.8534329412 0.8593823529 0.8638870588 0.8678035294 0.8717623529 0.8730423529 0.8746000000 0.8752717647 0.8770552941 0.8791823529 0.8846835294 0.8876764706 0.8917670588 0.8936800000 0.8964411765 0.8975317647 0.8976458824 0.8989564706 0.9031647059 0.9060811765 0.9075070588 0.9117505882 0.9176141176 0.9181000000 0.9191482353 0.9196929412 0.9199776471 0.9215964706 0.9217235294 0.9223741176 0.9245305882 0.9247858824 0.9266658824 0.9282458824 0.9335458824 0.9336282353 0.9367800000 0.9369811765 0.9383788235 0.9410188235 0.9444705882 0.9497764706 0.9538011765 0.9632411765 0.9655070588 0.9669835294 0.9790882353 0.9795505882 0.9803141176 0.9818811765 0.9856705882 0.9873776471 0.9886847059 0.9905647059 0.9921529412 0.9934188235 0.9947670588 0.9962776471 0.9971670588
0111000001001000000011000100000000000001001010110100001011010100100000000000000000001000000111101100010010000001100000000011111000000100000001010110110000000001011101000000100101110000010001110000110000100000000100010100001100010100001000101100000001011101000100000000110001110011000
0111000000001001010001100100100011100100011010000000001100000001100011000001100110000100100000100000001101001000000010000000000000001001101110000101000100000100100000001011010100100010000100000001000000001101100000000000000001000000000111000001000000000010100010010000010001001111011
0111000000001000110001000100100001100000001010001000001100000001100000010000100100000000110000100010100101001000000010011000000001101001101100000101000100010100100000001010010100100110000000000001000000001101101000000000100001000000001000101000000001011101000100000000111001110011100
0111000010001000000001000110000001100001001010000000001100000001100011100000100100000100100000100000000101001000000010000000000000001001101110000101000100001100100000001011010100100010000100000001000010001101100000000000000001000000100111000001000000000010100010010000010001110011000
1000001000000000000001010100010000000000001110010100001011100100101000001100000000011000000111100100010010000001100000000011101100000000000001011110110000000001011101000000100101111000010000110000110000100000000000110100001100011100011000111000000000011101000100010000010001001111011
0111000000001000010001000100100001100100001010000000001100000001100011000001100110100100100000100000000101001000000010000000000000001001101110000101000100000100100000011011010100100010000100000011000000001101100000000000000001000000000111000001000000000010100010010000010001001111011
0000110100110110000001000001001100010000100001000000100000001000010000000000001001000011001000010000000000100110011101100000000010000000010000100000000001100000000010100000001010000000001010000000000000000010010001001011010000100011000000000000011000000000010001000001000010000000000
1000001000000000000001000100010000000000001110010101011011000100100000001100000000011000000111100100010010000001100000000011101100000000000001011110110000000001011101000000100101111000010000110000110000100000000000110100001100011100011000111000000000011101001100010000010101001111011
0111000000001000010001000100100001100000001010001000001100000001100000010000100100000000100000100010100101001000000010011000000000101001101100000101001100010100100000001010010100100010000000000001000000001101100000000000100001000000001000101000000001011101000100000000111001110011100
0000001000000000000101001100010000000000001010000000001100000001100011100000100100000100100000100000000101001000000010000000000000001001101110000101000100000100100000001111010100100010000100000001000010001101100000000000000001000000100111000001000000000010100010010000010001001011100
0111000000001000010001000100100001100000001010001000001100000001100000010010100100000000100000100010100101001000000010011000000000101001101100000101001100010100100000001010010100100010100000000001000000001101100000000000100001000000001000101000000001011101000100000000111001110011100
0111000000001000010001000100100001100100001010000000001100000001100011000001100110100100100000100000000101001000000010000000000000001001101110000101000100000100100000011011010100100010000100000011000001001101100000000000000001000000000111000001000000000010100010010000010001001111011
0000001000000000000001000100010000000000001110010100001011000110100000000100000000001000000111100100010010000001100000000111101100000000000001010110110000000011011101000000100101111000010000110000111000110000000000110100001100010100001000111000000000011101000100001000110001111111011
0000001000000000000001000100010000000000001110010100001011000110100000000100000000001000000111100100010010000001100000000111101100000000000001010110110000000011011101000000100101111000010000110000111000110000000000110100001100010100001000111000000000011101000100001000110001111111011
0111000000001000010001000100100001100000001010001000001100000001100000010000100100000000100000100010100101001000000010011000000000101001101100000101001100010100100000001010010100100010000000000001000000001101100000000000100001000000001000101000000001011101000100000000111001110011100
1000001000000000000001000100010000001000001110010100001011000100100100000100000000001000000111100101010010000001100000000011101100010000000001010110110000000001011101000000100101111000010000110000110000100000000000110100001110010100001000111000000000011101000100001110110001110011100
0000001000000000000101001100010000000000001110010110001011000100100000000100000000001000000111100100010010000001100000000011101100000000000001010110110000000001011101000000100101111000010000111100110100100000000000110100001100010100001000111010000100111101000100000000111001110011100
0111000001001000001011000100000000000001001010110100001011010100100000000000000000001000000111101100010010000001100000000011111000000100000001010110110000000001011101000000100101110000010001110000110000100000000100010100001100010100001000101100000001011101000100000000110001110011000
0111000001001000000001000100000000000001001110010100001011000100100000000100000000001000000111100100010010000001100000000011101100000000000001010110110000000001011101000000100101111000010000110000110000100000000000110100001100010100001000111010000100111101000100100000111001110011100
0000001000000000000101001100010000000010001010110100001011000100100000000000010000000000000111100100010010010001100000000011101000000010000001010110110010000001011101000000100101110001010000010000110000100000000010010100001100010100001000101000100010000010100010010000010001001011011

Grunts:
//
segsites: 150
positions: 0.0104082353 0.0151894118 0.0154435294 0.0199411765 0.0206941176 0.0214941176 0.0258458824 0.0368894118 0.0375964706 0.0429494118 0.0587552941 0.0591458824 0.0682835294 0.0683364706 0.0863611765 0.0880000000 0.1077447059 0.1251564706 0.1359835294 0.1408352941 0.1432435294 0.1566470588 0.1615800000 0.1703929412 0.1848717647 0.1925588235 0.1947505882 0.1951658824 0.2028458824 0.2068094118 0.2104011765 0.2106905882 0.2186717647 0.2262188235 0.2366635294 0.2381964706 0.2397976471 0.2467188235 0.2555341176 0.2716200000 0.2766529412 0.2822741176 0.2857117647 0.2884317647 0.2905976471 0.3008658824 0.3067752941 0.3300764706 0.3346317647 0.3357411765 0.3460505882 0.3494529412 0.3495929412 0.3505294118 0.3591588235 0.3666435294 0.4056776471 0.4060152941 0.4138188235 0.4144870588 0.4219188235 0.4237882353 0.4258305882 0.4368800000 0.4431176471 0.4442070588 0.4614152941 0.4688564706 0.4760564706 0.4784658824 0.4798482353 0.4857211765 0.4899152941 0.4899858824 0.5071976471 0.5383470588 0.5410082353 0.5448576471 0.5671411765 0.5750376471 0.5911000000 0.5944764706 0.5952447059 0.5979988235 0.5989388235 0.6048129412 0.6167835294 0.6282352941 0.6310611765 0.6348423529 0.6402858824 0.6441152941 0.6562764706 0.6726694118 0.6755435294 0.6759623529 0.6998858824 0.7094376471 0.7100811765 0.7117705882 0.7324611765 0.7436952941 0.7880623529 0.8021600000 0.8034576471 0.8040000000 0.8044917647 0.8049305882 0.8062376471 0.8092247059 0.8157941176 0.8181941176 0.8209905882 0.8289952941 0.8415482353 0.8417717647 0.8495988235 0.8505776471 0.8549729412 0.8638870588 0.8669741176 0.8746000000 0.8752717647 0.8797694118 0.8877435294 0.8916200000 0.8931964706 0.8967552941 0.8990458824 0.9117505882 0.9157811765 0.9176141176 0.9282458824 0.9366788235 0.9369811765 0.9444117647 0.9467047059 0.9489564706 0.9501141176 0.9506776471 0.9508058824 0.9524800000 0.9632411765 0.9758776471 0.9768764706 0.9793000000 0.9803141176 0.9845847059 0.9949317647 0.9985858824
100111011101010111001000111010011000001000000011100101011011000111000010000001000000110101000100000011000011010001110101111000000101101000000010001100
010101010100010011111000100000100000011100011100110111001111000110110011100001111000010000011100000011111000000110110110011000110000101001011000111000
000101110100010011011001100000100100011110010100110111001111000110111011100001111000010000011100000011111100000100110110011001000101101101010000111001
000101010100011011011000100001100000011100010100101111001111010110110011100001111010011000011100111011111000000100110110011000010000101001011000111000
100111011101010111001000111010011000001000000011100101011011000111000010000001000000110101000100000011000011010001110101111000000101101000000010001100
000101110100010011011001100000100100011100010100110111001111000110111011100001111000010000011100000011111100000100110110011001000101101101010000111000
000101010100010011011011100000100000111100010100110111001111000110110011100011111000010000011101000011111000000100110110011000110000101101110100111000
000101110100010011011001100000100100011100010100110111001111000110110011100001111000010000011100000011111000001100110110011001000101111000000010001000
100111011101010111001000111010011000001000000011100101011011000111000010000001000000110101000100000011000011010001110101111000000101101000000010001100
001101010110010011011100100010001000001001000000110111001111001110110011100001111000010000011100000011111000000100110110011000110000101000000010001000
000101010100010011111000100000100000011100010100110111101111000110110011100001111000010010011100000011111000000110110110011000010000101001010000111010
000101010100010011011000100000100000011100010100110111001111000110110011100101111000010000011100000011111000000100110110011000110000101001011000111000
000101010100110011011000100100100001011100010100100111001111010110110011100001111010010000011100111011111000000100110110011000000111101000000011001000
000101110100010011011001100000100100011100010100110111001111000110111011100001111001010000011100000011111100100100110110011001000101101101010000111000
000101010100010011011000100000100000011100010100110111001111000110110011100001111000010000011100000011111000000100110110011000110000101001011000111000
000101110100010011011001100000100100011100010100110111001111000110110011100001111000010000011100000011111000001100110110011001000101111000000010001000
000101110100010011011001100000100100011100010100110111001111000110110011100001111000010000011100000011111000001100110110011001000101111000000010001000
000101010100010011111000100000100000011100110100110111001111000110110011100001111000010000011100000011111000000110111110011000110000101001011000111000
000101010100010011011000100000100010011100010100100101001111100110110111111001011100010000011110000111111000000100110110011110001100101011010000111010
000101010100010111001000100000100100011100010100110111001111000110111011100001111000010000111100000011111000000100110110011001000101101101110100111000

Humans:
//
segsites: 311
positions: 0.0044129412 0.0053411765 0.0091976471 0.0092894118 0.0109258824 0.0130482353 0.0132011765 0.0149341176 0.0186882353 0.0189623529 0.0202141176 0.0227764706 0.0258235294 0.0274658824 0.0284352941 0.0296705882 0.0298988235 0.0303270588 0.0375035294 0.0377964706 0.0407211765 0.0428870588 0.0456752941 0.0478376471 0.0485152941 0.0491035294 0.0491352941 0.0503729412 0.0506576471 0.0509000000 0.0514211765 0.0519752941 0.0533258824 0.0535870588 0.0538588235 0.0541105882 0.0561282353 0.0561705882 0.0568023529 0.0569623529 0.0580894118 0.0586776471 0.0589211765 0.0590023529 0.0598788235 0.0622270588 0.0622823529 0.0623576471 0.0624694118 0.0627694118 0.0633905882 0.0646588235 0.0650094118 0.0650741176 0.0673341176 0.0677952941 0.0681811765 0.0703400000 0.0731211765 0.0739141176 0.0757376471 0.0761952941 0.0791623529 0.0798552941 0.0817282353 0.0821282353 0.0822505882 0.0842658824 0.0851011765 0.0853988235 0.0876047059 0.0879411765 0.0893188235 0.0908435294 0.0933964706 0.0939364706 0.0962376471 0.0975717647 0.0985517647 0.0986800000 0.0992247059 0.1010658824 0.1010917647 0.1015647059 0.1023152941 0.1042882353 0.1049211765 0.1051270588 0.1051376471 0.1068494118 0.1095529412 0.1095600000 0.1097152941 0.1100541176 0.1107247059 0.1123564706 0.1126470588 0.1127435294 0.1133470588 0.1137011765 0.1151870588 0.1160941176 0.1180482353 0.1211517647 0.1299458824 0.1309858824 0.1384552941 0.1464870588 0.1485541176 0.1497164706 0.1551164706 0.1843541176 0.1949023529 0.2063635294 0.2071694118 0.2115588235 0.2127000000 0.2133400000 0.2204047059 0.2214505882 0.2267329412 0.2286870588 0.2308929412 0.2353164706 0.2384482353 0.2387788235 0.2466811765 0.2485294118 0.2519647059 0.2601047059 0.2689352941 0.2702517647 0.2811105882 0.2843152941 0.2848800000 0.2864823529 0.2878611765 0.2883458824 0.2899176471 0.2937741176 0.2989247059 0.3053658824 0.3054705882 0.3117141176 0.3118635294 0.3128152941 0.3175329412 0.3181658824 0.3207152941 0.3250023529 0.3347411765 0.3373305882 0.3489270588 0.3498705882 0.3630458824 0.3654211765 0.3687435294 0.3736247059 0.3744611765 0.3848623529 0.3882894118 0.3898047059 0.3994576471 0.4024882353 0.4028117647 0.4090400000 0.4184976471 0.4271200000 0.4280788235 0.4284517647 0.4342882353 0.4362705882 0.4383258824 0.4397364706 0.4427411765 0.4445258824 0.4452058824 0.4514470588 0.4550141176 0.4657282353 0.4673058824 0.4708588235 0.4758329412 0.4789317647 0.4822058824 0.4823305882 0.4836658824 0.4909094118 0.4927011765 0.4963023529 0.4981588235 0.5094552941 0.5140141176 0.5216729412 0.5232729412 0.5305741176 0.5395505882 0.5395682353 0.5470976471 0.5473117647 0.5521917647 0.5532329412 0.5559988235 0.5631011765 0.5660505882 0.5853282353 0.5880282353 0.5949905882 0.5985576471 0.6098894118 0.6139047059 0.6148035294 0.6203011765 0.6236694118 0.6383058824 0.6440741176 0.6446729412 0.6489600000 0.6500082353 0.6522376471 0.6550505882 0.6554117647 0.6606858824 0.6640847059 0.6642423529 0.6734470588 0.6792094118 0.6808388235 0.6896388235 0.6922094118 0.6954082353 0.7037905882 0.7093694118 0.7139364706 0.7161647059 0.7236847059 0.7244741176 0.7275505882 0.7317341176 0.7339282353 0.7393188235 0.7393411765 0.7398435294 0.7409317647 0.7444964706 0.7469588235 0.7486117647 0.7509835294 0.7544847059 0.7546929412 0.7550823529 0.7630352941 0.7688847059 0.7746682353 0.7775388235 0.7888247059 0.7918000000 0.7926235294 0.8065388235 0.8084870588 0.8123470588 0.8159976471 0.8229188235 0.8230894118 0.8241623529 0.8242952941 0.8259847059 0.8326247059 0.8349658824 0.8417835294 0.8435952941 0.8452494118 0.8468505882 0.8476658824 0.8522282353 0.8526494118 0.8571400000 0.8709941176 0.8758811765 0.8782094118 0.8864482353 0.8931988235 0.8939435294 0.8943447059 0.8945929412 0.9013988235 0.9022470588 0.9022552941 0.9056447059 0.9059364706 0.9067152941 0.9123282353 0.9205023529 0.9249423529 0.9261000000 0.9275741176 0.9513611765 0.9684376471 0.9690800000 0.9725552941 0.9730105882 0.9739600000 0.9754282353 0.9789329412 0.9811529412 0.9831411765 0.9837305882 0.9842376471 0.9882141176 0.9900011765 0.9919482353
10010001101010101010111000000100000010010010001110010100110111001010000100101010011110110111100001111001011001101100010000001110110101011001101011101011000010010111000011010110110000010100001010111010110011111101000010001101100000010111010010100011100111010001100000001000110111011001010111110000101010000110000
10010001101010101010111000100101001010010010001110010100110111001010000100101010011110110111100001111001011001101100010101111110010001010001101011100011000010110101001011011110110000010101001010111110010111110111000001001101000100010010000000011111011011010001100000000000100110001011010111110010101010000110000
01001110010101010101000110010010110101100100110000001011001000110101111001010101100001001000011010000101011001101100010000001110010001110001111011100111000010110101001011011110110000011101001010111010010011110101010000001101000100010010000000010011001011010001100100000101100110001001010111111001101010000010000
01001110010101010101000110010010110101100100110000001011001000110101111001010101100001001000011010000111011010111100010000001110110101011001101011101011000010010111000011010110110000010100001010111010010011111101000110001101100000010111110010100011100111010001100001000000100111011001010111110000101010010110100
01001110101010101010111001000100000010010010001110010100110111001010000100101010011110110111100001111001111110111100010000001110110101011001101011101011000010010111000011010110110000010110100100011000010011010000001000111111100000010111010010100011100111011001100000000010100111011101011111110100101010000110000
01001110010101010101000110010010110101100100110000001011001000110101111001010101100001001000011010000111011010111100010000001110110101011001101011101011000010010111000011110110110000010100001010111010010011111101000110001101100000010111010010100011100111010001100000000000100111011001010111110000101010000110000
01001110010101010101000110010010110101100100110000001011001000110101111001010101100001001000011010000111011010111110011000001110110101011001101011111011000010010111100011010110110000010100001010111010010011111101000110001101100000010111010010100011100111010001110000000000100111111001010111110000101010000111000
01001110101010101010111000001100000010010010001110110100110111001010000100101010011110110111100001111001011001101100010100111110010001010001101011100011000010110101001011011110110000010101001010111110010111110111000000001101000100010010000001011111011011010001100000000000100110001001010111110000101010000110000
10010001101010101010111000001100000010011010001110010100110111001010000100101010011110110111100101111001011001101100010100111110010001010001101011100011000010110101001011011110110000010101001010111110010111110111000000001101000100010010000000011111011011010001100000000000100110001001010111110000101010000110000
10010001101010101010111000000100000010010010001110010100110111001010000100101010011110110111100001111001011010111100010000001110110101011001101011101011000010010111000011010110110000010100001010111010010011111101000110001101100000010111110010100011100111010001100001000000100111011001010111110000101010000110100
01001110010101010101000110010010110101100100110000001011001000110101111001010101100001001000011010000111011010111100010000001110110101011001101011101011000010010111000011010110110001010100001010111010010011111101100110001101100000010111110010100011100111010001100001000000100111011001010111110000101010010110010
01001110010101010101000110010010110101100101110001001011001000110101111001010101100001001000011010000111011010111110010000001110110101011001101011101011000010010111000011010110110000010100011010111010010011111101000110001101100000010111010010100011100111010001110000000000100111011001010111110000101010000110000
10010001101010101010111000001100000010011010001110010100110111001010000100101010011110110111100001111001011001101100010100111110010001010001101011100011000010110101001011011110110000010101001010111111010111110111000000001101000100010010000000011111011011010001100000000000100110001001010111110000101010000110000
10010001101010101010111000001100000010010010001110010100110111001010000100101010011110110111100001111001011001101100010100111110010001010001101011100011000010110101001011011110111010010101001010111110010111110111000000001101000100010010001000011111011011010001100000000000100110001001010111110000101010000110000
01001110010101010101000110010010110101100100110000001011001000110101111001010101100001001000011010000101011001101100010100111110010001010001101011100011000010110101001011011110110000010101001010111110010111110111000000001101000101010010000000011111011011010001100000000000100110001001110111110000110110001010001
10110001101010101010111000000100000010010010001110010100110111001010000100101010011110110111100001111001011001101100010100111110010001010001101011100011101011110101001011011111110000110101001010111110011111110111000000001101000100010010000000011111011011010011100000010000100110001001010111110000110110000010000
10010001101010101010111000100101001010010010001110010100110111001010000100101010011110110111100001111001011001111100010000001110110101011001101011101011000010010111000011110110110000010100001010111010010011111101000110001101100000010111010010100011100111010001100000000000100111011001010111110000101010000110000
10010001101010101010111000001100000010010010001110010100110111001010000100101010011110110111100001111001011001101100010100111110011001010101101011100011000010110101001011011110110010010101001010111110010111110111000000001101000100010010001000011111011011010001100000000000100110001001010111110000101010000110000
10010001101010101010111000000101001010010010001110010100110111001010000100101010011110110111100001111001011001101100010000001110110101011001101011101011000110010111000011010110110000010100001010111010010011111101000010001101100000011111010010100011100111010001100000000000100111011001010111110000101010100110000
10010001101010101010111000000100000010010010001110010100110111001010000110101010011110110111100001111001011001101101110010000101000011010010101100000010010010001101010111010110110100010100100101011000010011010000001000111100011010110000000100000011000000100101001010100000101000001001010111100000101011000010000

Spartans:
//
segsites: 199
positions: 0.0036941176 0.0044129412 0.0092894118 0.0130482353 0.0132011765 0.0149341176 0.0186882353 0.0188717647 0.0189623529 0.0202141176 0.0227764706 0.0274658824 0.0284352941 0.0296705882 0.0303270588 0.0375035294 0.0377964706 0.0428870588 0.0456752941 0.0477705882 0.0478376471 0.0485152941 0.0503729412 0.0509000000 0.0535870588 0.0541105882 0.0561282353 0.0561705882 0.0568023529 0.0569623529 0.0586776471 0.0589211765 0.0598788235 0.0622270588 0.0623576471 0.0624694118 0.0646588235 0.0650094118 0.0650741176 0.0673341176 0.0677952941 0.0681811765 0.0731211765 0.0739141176 0.0757376471 0.0761952941 0.0791623529 0.0798552941 0.0817282353 0.0821282353 0.0822505882 0.0822788235 0.0824211765 0.0842658824 0.0851011765 0.0853988235 0.0876047059 0.0910470588 0.0933964706 0.0939364706 0.0962376471 0.0975717647 0.0985517647 0.0986800000 0.0992247059 0.1010658824 0.1010917647 0.1023152941 0.1042882353 0.1049211765 0.1051270588 0.1051376471 0.1068494118 0.1095529412 0.1095600000 0.1097152941 0.1100541176 0.1107247059 0.1126470588 0.1127435294 0.1133470588 0.1137011765 0.1151870588 0.1160941176 0.1211517647 0.1309858824 0.1384552941 0.1429294118 0.1551164706 0.1578000000 0.1738023529 0.1827364706 0.1843541176 0.1949023529 0.2063635294 0.2064305882 0.2133400000 0.2214505882 0.2273976471 0.2308929412 0.2384482353 0.2387788235 0.2466811765 0.2535764706 0.2601047059 0.2843152941 0.2864823529 0.2937741176 0.2989247059 0.3054705882 0.3118635294 0.3128152941 0.3142411765 0.3175329412 0.3347411765 0.3373305882 0.3687435294 0.3744611765 0.3794752941 0.3848623529 0.3875905882 0.3898047059 0.3956764706 0.4024882353 0.4184976471 0.4280788235 0.4284517647 0.4362705882 0.4369717647 0.4383258824 0.4397364706 0.4427411765 0.4452058824 0.4498047059 0.4514470588 0.4595235294 0.4789317647 0.4823305882 0.4909094118 0.4981588235 0.4995023529 0.5140141176 0.5232729412 0.5305741176 0.5395505882 0.5470976471 0.5532329412 0.5660505882 0.5679058824 0.5853282353 0.5857282353 0.5880282353 0.5949905882 0.6098894118 0.6148035294 0.6550505882 0.6554117647 0.6566835294 0.6628717647 0.6640847059 0.6808388235 0.6852470588 0.7037905882 0.7161647059 0.7409317647 0.7486117647 0.7509835294 0.7550823529 0.7644858824 0.7688847059 0.7746682353 0.7837588235 0.7888247059 0.8001635294 0.8084870588 0.8123470588 0.8444494118 0.8468505882 0.8471776471 0.8526494118 0.8571400000 0.8622176471 0.8864482353 0.8943447059 0.9013988235 0.9022552941 0.9056447059 0.9059364706 0.9067152941 0.9123282353 0.9273823529 0.9336235294 0.9484376471 0.9513611765 0.9531188235 0.9690800000 0.9701658824 0.9730105882 0.9837305882
1110011001001001011000010010010100111010010111001010100000101010011101101111000111101111111111111101111011111111011111011101111101111010111101111111010111111001111111110110101111011011111111111111111
1110011001001001011000010010010100111010010111001010100000101010011101101111000111101111111111111101111011111111011111011101111101111010111101111111010111111001111111110110101111011011111111111111111
0111100110110110100111101101101011000101101000110100011111010101100010010000111000011110100011101010111111111111111110110111011110111011110111111111011111111111001101101111111001111111111110111111111
0111100110110110100011101101101011000101101000110100011111010101100010010000111000011110100011101010111111111111111110110111011110111011110111111111011111111111001101101111111001111111111110111111111
0111100110110110100011101101101011000101101000110100011111010101100010010000111000011110100011101010111111111111111110110111011110111011110111111111011111111111001101101111111001111111111110111111111
1110011001001001011000010010010100111010010111001010100000101010011101101111000111101111111111111101111011111111011111011101111101111010111101111111010111111001111111110110101111011011111111111111111
1110011001001001011000010010010100111010010111001011100000101010011101101111000111101111111111111101111011111111011111011101111101111010111101111111010111111001111111110110101111011011111111111111111
0111100110110110100011101101101011000101101000110100011111010101100010010000111000011110100011101010111111111111111110110111011110111111110111111111011111111111001101101111111001111111111110111111111
0111100110110110100011101101101011000101101000110100011111010101100010010000111000011110100011101010111111111111111110110111011110111011110111111111011111111111001101101111111001111111111110111111111
1110011001001001011000010010010100111010010111001011100000101010011101101111000111101111111111111101111011111111011111011101111101111010111101111111010111111001111111110110101111011011111111111111111
0111100110110110100011101101101011000101101000110100011111010101100010010000111000011110100011101010111111111111111110110111011110111011110111111111011111111111001101101111111001111111111110111111111
1110011001001001011000010010010100111010010111001010100000101010011101101111000111101111111111111101111011111111011111011101111101111010111101111111110111111001111111110110101111011011111111111111111
0111100110110110100011101101101011000101101000110100011111010101100010010000111000011110100011101010111111111111111110110111011110111011110111111111011111111111001101101111111001111111111110111111111
0111100110110110100011101101101011000101101000110100011111010101100010010000111000011110100011101010111111111111111110110111011110111011110111111111011111111111001101101111111001111111111110111111111
1110011001001001011000010010010100111010010111001011100000101010011101101111000111101111111111111101111011111111011111011101111101111010111101111111010111111001111111110110101111011011111111111111111
1110011001001001011000010010010100111010010111001011100000101010011101101111000111101111111111111101111011111111011111011101111101111010111101111111010111111001111111110110101111011011111111111111111
1110011001001001011000010010010100111010010111001010100000101010011101101111000111101111111111111101111011111111011111011101111101111010111101111111010111111001111111110110101111011011111111111111111
1110011001001001011000010010010100111010010111001010100000101010011101101111000111101111111111111101111011111111011111011101111101111010111101111111010111111001111111110110101111011011111111111111111
1110011001001001011000010010010100111010010111001011100000101010011101101111000111101111111111111101111011111111011111011101111101111010111101111111010111111001111111110110101111011011111111111111111
0111100110110110100011101101101011000101101000110100011111010101100010010000111000011110100011101010111111111111111110110111011110111111110111111111011111111111001101101111111001111111111110111111111
